START -4208 16912 23360 6 -8657 1258 END
START -6340 21920 23976 -1406 -8987 3628 END
START -7484 22056 23348 -4299 -10914 4287 END
START -5720 21804 21700 -6906 -12828 3571 END
START -3856 19812 19060 -9662 -12076 1455 END
START -3156 16568 17584 -11277 -10192 1377 END
START -2624 13816 15076 -10313 -11123 4009 END
START -1048 12236 12988 -9471 -10276 7524 END
START -156 10264 10848 -9183 -9290 10538 END
START 668 8884 9104 -9367 -7906 13224 END
START 1372 7896 7440 -9471 -6741 14644 END
START 1184 6888 6952 -10896 -5341 12841 END
START 2808 4412 5536 -12523 -2655 12593 END
START 2688 3584 3996 -13018 -320 12247 END
START 3360 1896 3284 -12960 2118 12109 END
START 3172 696 2264 -12287 4997 12601 END
START 3212 -32 1544 -9893 7086 13160 END
START 2912 -400 1700 -7822 9189 12809 END
START 1880 -1284 2332 -6274 11658 13195 END
START 1200 -2044 2504 -4746 13870 14256 END
START 756 -2920 3576 -3863 16282 15350 END
START -1980 -2236 3992 -2589 17729 13813 END
START -3120 -3716 4064 -2969 20237 12607 END
START -5700 -4296 5964 -1562 21179 11912 END
START -7772 -4992 6884 -1151 21057 8313 END
START -8888 -6164 9036 -845 20715 4446 END
START -10880 -7156 11480 -1005 22419 1337 END
START -10476 -10256 12992 -977 21631 -507 END
START -12200 -12616 13720 2776 21197 237 END
START -16568 -12424 16892 3760 20992 -744 END
START -19124 -11912 15988 5561 19044 -3506 END
START -20752 -10996 18432 9043 15859 -4887 END
START -20756 -9500 19616 11632 12457 -6559 END
START -18356 -7520 21740 11535 8611 -10510 END
START -18892 -5528 24284 12810 6410 -13018 END
START -18788 -2996 25652 12761 4045 -14719 END
START -18556 -504 27336 12427 154 -15612 END
START -16552 2136 28600 11804 -2787 -15507 END
START -15064 6240 29792 12120 -5392 -13900 END
START -14984 10736 30432 12699 -7603 -12592 END
START -15280 14324 29804 10616 -8765 -12875 END
START -14204 16416 27436 7940 -10713 -12794 END
START -12600 16632 24828 5953 -13577 -11952 END
START -9524 16228 23192 4198 -16608 -10056 END
START -7896 16016 22096 1905 -18068 -8722 END
START -6572 15172 21656 428 -19075 -6317 END
START -5512 14244 20344 -940 -19498 -5167 END
START -4268 13100 18536 -2734 -19564 -4190 END
START -3756 12148 16280 -2629 -19892 -3013 END
START -2052 10684 14540 -3424 -19988 -3358 END
START -312 8880 12984 -4043 -19221 -3008 END
START 416 7304 12532 -4483 -18233 -1742 END
START 936 6436 11516 -4313 -16970 619 END
START 1220 6064 10460 -4159 -15524 3159 END
START 2408 5892 9744 -3920 -13884 5290 END
START 1904 5508 8752 -3719 -12421 6789 END
START -1328 5216 8856 -1760 -11162 8047 END
START 708 4888 8256 -4555 -7260 7226 END
START 3508 4300 7116 -6405 -4813 7020 END
START 5676 2888 6676 -6690 -3664 8411 END
START 2860 2588 6532 -7127 -1138 10117 END
START 2120 2440 5704 -7542 696 9629 END
START 2620 2104 5360 -7248 3162 9135 END
START 1068 1436 5252 -6499 4604 9148 END
START 2312 216 5204 -6637 6508 8601 END
START 1032 -576 6284 -6077 9089 8386 END
START 380 -1620 6168 -6790 11562 8047 END
START -324 -3016 5456 -6755 13506 7978 END
START -2432 -3748 5672 -5910 15453 7433 END
START -3444 -4688 5760 -4948 16124 7089 END
START -4580 -5076 5936 -2276 17018 6902 END
START -5396 -6452 9524 -2676 17081 1833 END
START -5752 -8996 11048 -1695 17707 -324 END
START -7360 -11120 12808 -1441 18491 -3593 END
START -10684 -13304 13984 700 19353 -7500 END
START -10512 -15140 14884 2945 18813 -9512 END
START -14056 -15600 14952 7403 17948 -11495 END
START -15012 -15640 16412 11898 14372 -12148 END
START -18072 -13564 19852 16499 11517 -12543 END
START -16632 -8800 22788 18924 7975 -12572 END
START -17704 -3288 25328 21576 2428 -13519 END
START -13784 760 27252 20337 2647 -15868 END
START -15196 4136 26548 21827 3059 -17081 END
START -16640 8064 22488 21566 2202 -15053 END
START -13116 11364 20228 21842 -60 -11653 END
START -11576 12804 21816 21722 -734 -7878 END
START -11892 16344 18896 17896 -1093 -7182 END