START -10240 2164 22268 3004 -5657 -8541 END
START -10048 2560 23428 2498 -6847 -9067 END
START -9484 3632 23816 2580 -8505 -7650 END
START -8888 5892 25328 4025 -10438 -4804 END
START -9876 8244 25356 4018 -11327 -3003 END
START -11272 10660 24368 4368 -10921 -2164 END
START -12124 11688 22536 4591 -10808 -1563 END
START -12256 12168 19264 4407 -11232 -28 END
START -11308 12316 16312 4323 -12144 2530 END
START -9940 12360 14764 3664 -12633 4938 END
START -8540 12336 13020 2512 -12779 6575 END
START -6788 12156 11404 935 -12612 7810 END
START -5452 11524 9872 -470 -11885 8955 END
START -3868 10460 8244 -1941 -10401 10186 END
START -2516 9616 6912 -3322 -8182 11036 END
START -1576 7992 5668 -4924 -5516 11546 END
START -680 6596 4400 -6194 -2666 12661 END
START -304 5128 3744 -7272 214 13810 END
START -204 3776 3824 -8456 2452 14442 END
START -228 1812 4360 -10660 4646 14387 END
START -884 -320 4512 -13342 7097 13521 END
START -1836 -2944 4272 -15117 9650 11487 END
START -3172 -5832 4396 -14889 11254 8217 END
START -4104 -8752 5852 -13877 12157 3963 END
START -5312 -11716 8020 -11473 12019 327 END
START -5380 -14696 10856 -6858 11514 -1634 END
START -5640 -15268 15020 -4272 12086 -5823 END
START -8432 -15408 19344 -1578 13950 -9286 END
START -7996 -14408 21648 2501 10518 -11926 END
START -7588 -13800 24268 3814 7138 -13448 END
START -5724 -11056 27756 5781 1867 -16112 END
START -4464 -7960 31360 7025 -845 -15314 END
START -5680 -1652 32767 7529 -4044 -15674 END
START -10580 3544 32767 9513 -988 -14945 END
START -14308 5840 29076 10214 -3054 -15477 END
START -16512 6412 26856 10830 -6018 -14131 END
START -13552 8652 23168 11784 -8890 -9643 END
START -13848 9404 19620 11678 -11326 -4362 END
START -13028 10064 15576 9875 -12908 2815 END
START -10664 12364 13020 7063 -15731 6405 END
START -3300 12468 10636 5976 -14490 10310 END
START -4420 14792 10452 3302 -17005 7430 END
START -152 11148 11204 -1931 -14733 2372 END
START 440 8252 10260 -3333 -11637 2208 END
START 2048 5612 9308 -5743 -8658 2712 END
START 3332 2964 7904 -5221 -5277 5646 END
START 2652 1636 8100 -5882 -1253 8821 END
START 2580 196 6852 -6992 1899 10333 END
START 1440 -1084 6492 -8390 4895 10782 END
START 2048 -2192 6596 -11341 7595 9929 END
START 1296 -3812 6940 -12996 10072 8905 END
START 656 -5736 7076 -15472 12993 6752 END
START -1748 -7812 7372 -14459 16074 2833 END
START -4936 -8972 9392 -8848 23854 -1670 END
START -3524 -7460 10816 -2322 18718 -12397 END
START -2944 -8056 14492 5455 15379 -22746 END
START -3480 -8796 15936 10452 16530 -31554 END
START -5100 -7796 20408 10382 11984 -32768 END
START -5916 -7748 26592 -283 17628 -32768 END
START -8500 -12976 25828 11603 28448 -32768 END
START -18312 -9572 20556 19395 18439 -26247 END
START -14952 -3856 16376 24174 3248 -6136 END
START -15964 2580 16556 17299 -12670 5956 END
START -19224 10108 14368 23512 -24272 19629 END
START -13876 20712 28096 25607 -538 6737 END
START -15640 18656 12028 1165 -5156 -4237 END