START -11132 2000 22896 7196 -3937 -11499 END
START -10200 3824 23200 8542 -5224 -10365 END
START -10684 5972 23188 8077 -6199 -10178 END
START -10668 7884 22816 7436 -7867 -9175 END
START -11228 10544 22624 7113 -9455 -7587 END
START -11268 13460 21984 7151 -11103 -5204 END
START -11408 15068 21836 5464 -12770 -3828 END
START -11036 16000 20376 3121 -13904 -3823 END
START -10132 16412 19368 1475 -14965 -2683 END
START -8428 16588 17944 396 -16012 -1261 END
START -6740 16496 17312 -712 -16713 -648 END
START -4304 16412 16156 -1796 -17489 -890 END
START -2860 15524 14680 -4423 -17729 -2309 END
START -2516 14484 13672 -7325 -17218 -3269 END
START 1252 12492 9828 -12786 -14521 -1772 END
START -104 10364 9956 -7342 -14567 1554 END
START 736 9292 10152 -6780 -13494 6098 END
START 1860 8752 9380 -4856 -10859 11944 END
START 2172 7820 9336 -3530 -8265 16713 END
START 2344 8028 8584 -2961 -5876 19070 END
START 1924 7044 8236 -5368 -3217 18793 END
START 4288 5852 5916 -2868 -1179 22600 END
START 3164 4460 8096 -5449 2453 21948 END
START 376 4596 5236 -3628 3062 20806 END
START 796 2840 4896 -6912 3828 19073 END
START 520 1752 4200 -6260 5033 19481 END
START 8 964 5036 -6994 6118 18850 END
START 12 -144 5624 -8993 7392 17111 END
START -348 -1536 6244 -10196 8316 14984 END
START -884 -2900 7012 -11354 9303 12222 END
START -1456 -4728 7764 -11838 10717 9681 END
START -3136 -6892 7732 -11177 13399 8664 END
START -2656 -5824 5624 -6885 13132 8218 END
START -1988 -9240 6308 -6205 16136 8682 END
START -4632 -9328 9968 -3756 17943 9412 END
START -5752 -9664 9840 -1061 18257 9238 END
START -7056 -9968 11328 -2262 18281 6754 END
START -8624 -10052 12732 -1605 18717 4182 END
START -9400 -10436 13664 307 18302 1911 END
START -7812 -11220 15380 534 18619 -1062 END
START -9768 -12432 17044 3425 17440 -2716 END
START -10476 -13304 17524 6502 16983 -3184 END
START -11672 -13388 18844 6838 16210 -5889 END
START -13316 -12536 20332 8214 14478 -8375 END
START -11680 -10632 21172 8510 12524 -10918 END
START -13280 -8244 22900 10562 9892 -12525 END
START -13524 -5656 24836 11944 7839 -14485 END
START -14204 -4068 26168 12685 7157 -14907 END
START -15348 -1024 26756 14650 6264 -13595 END
START -16896 3132 27348 12320 3803 -14323 END
START -17852 6448 27028 11864 73 -13934 END
START -19568 9168 28916 9381 -4336 -15191 END
START -15388 9264 25056 11423 -8756 -11555 END
START -15620 12328 30792 10524 -8249 -9133 END
START -13852 14548 27508 7297 -10592 -12448 END
START -13568 13592 24864 5982 -12674 -11851 END
START -11156 13680 22000 7310 -15102 -7082 END
START -10096 13612 20728 5000 -15003 -4279 END
START -9128 15720 19952 3471 -18199 -4652 END
START -6200 14468 16088 -283 -19059 -5872 END
START -5728 12756 16048 -594 -18960 -3633 END
START -3936 11160 14280 49 -18822 -1575 END
START -3088 9780 12320 -1153 -18264 -683 END
START -2376 8692 9940 1634 -19770 2654 END
START -260 8432 11056 557 -17303 4071 END
START 1180 8152 9796 229 -15775 5099 END
START 4144 5372 9244 -434 -12824 9025 END
START 1944 7056 9352 1446 -11591 10695 END
START 1804 5952 7468 -663 -10022 10177 END
START 876 5344 7784 -1752 -7164 11085 END
START 1220 4524 6576 -1107 -5769 11942 END
START 2016 3628 6304 -1998 -3498 11939 END
START 1744 3100 6008 -2526 -1454 11557 END
START 2092 2452 5604 -2554 264 11669 END
START 44 1752 6084 -2715 2166 11437 END
START 1924 612 5692 -4610 4326 10797 END
START 1188 -340 6680 -5398 6228 10484 END
START 516 -1312 7048 -6492 8245 10348 END
START -776 -2348 7436 -7699 9880 9758 END
START -1976 -3652 7652 -8889 11256 7852 END
START -3440 -4900 7292 -9366 12419 4669 END
START -4488 -9256 8652 -8338 15046 3081 END
START -6124 -8608 7876 -5834 13868 -280 END
START -4476 -10760 8212 -4108 14751 -968 END
START -6448 -12576 11228 -4296 16891 -2517 END
START -8032 -14404 12284 -1467 17288 -4338 END
START -9020 -15496 13696 1725 16736 -6855 END
START -9548 -15408 14276 4909 16052 -9460 END
START -6808 -15512 16364 7870 15774 -10822 END
START -9304 -13308 20012 13238 13873 -12896 END
START -10500 -9792 21912 15230 11687 -15744 END
START -11188 -6608 24500 15245 11798 -17865 END
START -11892 -3080 24088 15615 12797 -16065 END
START -14212 3060 24332 17504 14336 -11559 END
START -15016 7168 25380 19387 4678 -8573 END
START -15204 12080 27376 17728 7664 -4446 END