START -8052 9792 22896 5761 -9495 -5650 END
START -9076 11644 23400 3929 -10000 -5244 END
START -8888 11916 21164 2194 -10209 -5041 END
START -9108 13188 19972 2045 -11261 -2142 END
START -7964 13824 18948 2146 -12420 743 END
START -6244 14404 18100 918 -13422 2053 END
START -5044 14804 17756 -314 -13843 2948 END
START -3312 14564 16740 -556 -13984 3471 END
START -2156 14412 15360 -1537 -12748 4425 END
START -1832 14288 14140 -1950 -11979 5584 END
START -1296 13380 12904 -2605 -11078 7266 END
START -504 12268 10980 -3384 -9901 9679 END
START -160 11536 9516 -4913 -8594 11113 END
START 572 10196 8348 -5745 -6617 13388 END
START 1388 9524 6992 -5921 -5110 15491 END
START 1676 8540 6812 -7767 -2760 15873 END
START 436 7740 5072 -6782 -1300 17475 END
START 2068 6584 5684 -9093 1171 16349 END
START 2008 4612 5428 -10591 2687 15243 END
START 1808 3092 6116 -11500 4620 15338 END
START 944 1680 5932 -11885 6305 15487 END
START 636 604 5896 -12638 8183 15148 END
START -152 -244 5480 -12870 10000 14184 END
START -2336 -3144 5744 -12223 13234 13389 END
START -3064 -2504 4416 -9613 12190 10939 END
START -1572 -5540 4860 -9292 14799 10791 END
START -3044 -6560 8588 -9599 17007 10463 END
START -4648 -7420 9224 -8358 17623 8835 END
START -5632 -8628 9396 -8338 18255 6398 END
START -7084 -9912 10668 -7007 18501 4317 END
START -8120 -11132 11288 -4380 18856 3003 END
START -8524 -11940 13308 -2259 20296 2454 END
START -9460 -13676 15012 2384 19192 3761 END
START -11336 -14444 15756 4458 18675 4343 END
START -14488 -13352 17488 4712 17909 2174 END
START -13668 -13008 17888 6851 15887 600 END
START -15152 -11044 19128 9242 13529 -1569 END
START -15668 -9592 20404 8982 11408 -6323 END
START -15536 -8500 21664 9868 9079 -9981 END
START -15408 -7300 22152 10151 7190 -13531 END
START -15048 -6684 22764 10040 5691 -16188 END
START -15192 -5380 23220 10758 4134 -16495 END
START -14984 -3204 23636 12830 3119 -13971 END
START -14604 776 25608 15042 1324 -10210 END
START -14368 4604 27060 15381 -579 -8014 END
START -16368 8924 28312 13576 -3565 -9502 END
START -16552 11832 27704 11065 -6220 -14611 END
START -15904 13424 25740 9162 -9484 -17892 END
START -10696 11784 22584 5203 -11073 -18202 END
START -11652 12488 23564 9810 -13517 -8362 END
START -8812 14448 22572 8421 -15445 -5222 END
START -8000 14964 22924 6221 -16778 -3947 END
START -8532 14736 22252 5812 -16876 -706 END
START -7344 16432 20496 4304 -18161 -1543 END
START -6228 15120 17584 111 -18629 -4770 END
START -4204 12444 15132 -160 -19574 -3107 END
START -1928 11472 13552 536 -20285 302 END
START -276 11360 13060 -92 -19825 2546 END
START 1084 10776 12236 -1025 -18717 4363 END
START 3904 10260 10572 -1158 -18048 7390 END
START 2648 10612 10380 -933 -14773 10273 END
START 1728 9764 8720 -2245 -12781 11108 END
START 2152 8728 7628 -2425 -10908 13694 END
START 2320 7816 6644 -3427 -9085 14294 END
START 2020 7232 6764 -4422 -6455 14735 END
START 1992 5904 5964 -6151 -4192 14413 END
START 1580 4740 4968 -6741 -1770 14150 END
START 1340 3148 4112 -6746 123 13628 END
START 1404 1568 3976 -6824 2025 12575 END
START 1452 260 4100 -7010 3952 11711 END
START 1344 -1108 4340 -7411 6046 11087 END
START 1096 -2176 4472 -7863 8433 10491 END
START -624 -3600 5152 -7897 10630 9634 END
START -1248 -5444 6100 -9375 12789 7406 END
START -3728 -9000 7224 -10165 16341 6167 END
START -4808 -9668 5568 -6807 15269 4138 END
START -4036 -12504 6476 -5303 17011 3753 END
START -6084 -12996 9640 -1992 18724 2919 END
START -7512 -13052 10680 1599 18322 1013 END
START -8344 -13932 12420 610 18504 -3908 END
START -5500 -15420 14752 -862 20555 -8586 END
START -11220 -16844 14824 3650 19226 -10703 END
START -13240 -17100 14780 8095 18701 -12146 END
START -14028 -14840 16420 13481 16438 -13051 END
START -13928 -11672 18532 16096 13122 -14408 END
START -11704 -8600 21308 16778 11025 -14326 END
START -14200 -4116 24224 19161 10028 -11244 END
START -16036 1828 23744 17600 10817 -12475 END
START -18252 6508 22648 17249 10533 -13388 END
START -18364 10168 22984 17863 4640 -13431 END
START -17376 12304 23356 18204 2855 -13085 END
START -13672 15696 23428 17563 -1098 -13454 END