START -3360 11864 20132 -3089 -5379 589 END
START -2048 12888 19216 -3426 -4949 1859 END
START -2392 13304 19784 -4559 -5054 1610 END
START -2320 13032 19432 -5670 -5387 1963 END
START -2300 12612 18268 -6394 -6104 3165 END
START -2368 11964 17480 -7103 -6293 5078 END
START -2328 11036 16444 -7999 -5729 6499 END
START -2048 9856 14840 -8887 -5379 7691 END
START -1320 9120 13960 -8668 -5220 9156 END
START -340 7904 13220 -8902 -4739 10066 END
START 68 7348 12400 -9125 -4029 10737 END
START 612 6360 11468 -9502 -3092 11023 END
START 596 5492 10476 -9600 -1438 11000 END
START 724 4520 8932 -9264 288 10937 END
START 504 3788 8348 -8524 1662 10944 END
START 964 2780 7320 -7247 2611 11420 END
START 896 1496 7508 -6748 3962 11732 END
START 832 296 7388 -6222 5694 12215 END
START -20 -376 7628 -6543 7444 12045 END
START -488 -1196 7188 -6563 9174 11546 END
START -1276 -2168 7376 -5952 10739 10845 END
START -2032 -3232 7504 -5233 12245 9891 END
START -2736 -4084 7464 -3884 13671 8985 END
START -3572 -4972 7848 -2534 14978 7941 END
START -4564 -5624 7864 -1697 16276 6893 END
START -5804 -6320 8588 -536 16844 6327 END
START -7412 -7068 9620 366 17500 5698 END
START -8360 -6648 10576 1629 17976 4713 END
START -10000 -7524 11644 3109 17727 4366 END
START -11256 -7212 12460 3248 17718 1579 END
START -12176 -8108 13964 4286 16108 -1105 END
START -12848 -8200 15444 5448 14952 -3105 END
START -13556 -8244 17004 6934 13258 -4571 END
START -14236 -7996 18824 7882 11905 -6235 END
START -15068 -7764 20332 8827 10449 -7811 END
START -15680 -6972 22404 9039 8104 -9832 END
START -15600 -5816 24724 9364 5503 -11455 END
START -14820 -3168 26824 10393 2325 -12435 END
START -14640 -16 29216 11055 -435 -14064 END
START -14576 2652 30620 12324 -2313 -14268 END
START -15032 5848 29432 12387 -3619 -12400 END
START -15572 8804 27824 11365 -5635 -9663 END
START -15200 12392 25688 9104 -9330 -8325 END
START -13908 14568 24992 6229 -12950 -8475 END
START -11392 15156 24836 3136 -15767 -9623 END
START -8668 14364 24284 893 -17516 -10569 END
START -6908 13048 23592 -133 -17918 -10524 END
START -5348 11680 21476 475 -17735 -7887 END
START -4792 10616 19200 1061 -17585 -4246 END
START -4156 11060 16752 1289 -17912 -558 END
START -2804 11080 15000 733 -18584 1074 END
START -2052 10620 13920 -1794 -18424 693 END
START -1140 10012 12696 -3904 -18024 -14 END
START 112 8428 11960 -5465 -17317 -663 END
START 1568 6828 11440 -5992 -15914 -530 END
START 2628 4968 10876 -6029 -13839 201 END
START 3088 4028 9496 -5012 -11826 2220 END
START 3004 3644 8552 -4577 -9922 4611 END
START 3232 3184 7912 -4101 -8168 7009 END
START 3280 3104 7316 -4164 -6489 7894 END
START 3464 2564 7064 -4786 -3979 8283 END
START 3368 2580 6272 -4867 -1527 8940 END
START 3168 2688 6140 -4963 809 8652 END
START 3204 2204 5508 -5210 3246 8315 END
START 2368 1564 5272 -4638 5702 8373 END
START 1360 724 5344 -4329 7563 7852 END
START 512 -112 5408 -4157 9112 7174 END
START -768 -2020 5596 -3887 10712 7042 END
START 1016 -2736 6432 -5114 12602 4937 END
START -2056 -4220 6836 -5388 14775 3951 END
START -3144 -5872 7380 -5185 16378 3907 END
START -3584 -6676 7480 -2835 16500 4443 END
START -6368 -7520 9596 -2494 17740 1650 END
START -8716 -9312 11152 300 17802 1308 END
START -11280 -10356 12808 2360 17333 -2015 END
START -12040 -12336 15444 3980 16018 -5784 END
START -13648 -13304 16936 5896 14117 -11032 END
START -13176 -14468 18176 8661 12049 -14118 END
START -13180 -13360 20064 12737 9540 -14135 END
START -12876 -10712 22636 16405 7416 -13501 END
START -14368 -6300 24236 18070 6145 -14155 END
START -16116 -1300 24348 20170 4742 -14268 END
START -17060 3940 24576 21959 1559 -14551 END
START -15424 8340 23428 21363 -397 -13766 END
START -13580 14416 23016 22450 -6797 -12879 END
START -10432 14920 25652 21450 -5647 -10811 END
START -10152 18164 21680 18205 -2839 -11715 END