START -11192 12512 24740 -1476 -12193 -8044 END
START -10804 14104 22220 -1236 -14549 -6385 END
START -10968 14428 21568 -2081 -14620 -3029 END
START -9264 16172 20040 -2053 -18767 -2812 END
START -4896 16072 20356 -6361 -19311 -2837 END
START -5344 15436 18888 -6680 -20464 -2658 END
START -4520 13784 16020 -7580 -19821 -1214 END
START -2984 8856 16752 -6567 -14430 3411 END
START -3420 11776 9360 1221 -17519 11671 END
START 6316 6976 10564 -3489 -12705 15743 END
START -744 13340 8844 1348 -10994 18632 END
START 312 10708 9956 -7304 -9919 13159 END
START -712 9200 5000 -3515 -6144 18875 END
START 1004 8024 5416 -6754 -5653 17086 END
START -964 6892 4144 -6107 -2868 17819 END
START 1072 5592 3520 -9535 -1036 16124 END
START 1456 3756 2864 -8561 654 16388 END
START 1224 2052 2808 -9026 3384 17033 END
START 596 488 1736 -8999 5231 18272 END
START 172 -12 1564 -9457 6535 18921 END
START -352 -324 1624 -9519 8145 19489 END
START -1216 -436 1788 -10099 9989 18717 END
START 1388 -3360 3732 -10700 12534 18000 END
START -4380 -5180 5524 -11425 13315 13802 END
START -4492 -7404 4120 -10277 14876 11830 END
START -4540 -9512 5320 -9567 16113 10212 END
START -5044 -11120 6444 -7440 17314 8928 END
START -5664 -12152 6908 -4190 18415 8663 END
START -7280 -13140 9636 -2694 19050 7625 END
START -9112 -14208 12256 -2250 19313 5122 END
START -9548 -16132 14732 -2699 20828 1096 END
START -13056 -18640 14384 -476 19892 -613 END
START -13512 -20316 15356 4320 19495 1141 END
START -15016 -19220 17368 10163 17850 2093 END
START -16124 -16696 19476 10976 15180 -1808 END
START -19160 -13120 21284 9896 13140 -8587 END
START -16364 -11716 20840 11873 10235 -11424 END
START -16124 -9652 23008 11704 8879 -14958 END
START -14728 -8344 23804 12135 8464 -16209 END
START -14068 -6704 24344 13981 7293 -14380 END
START -13448 -3672 26136 14611 5991 -12088 END
START -14060 1168 27376 15214 2929 -10908 END
START -13148 6368 27832 14024 -711 -11502 END
START -17116 10380 30676 8363 -2528 -18056 END
START -14860 10964 25988 10674 -6724 -16397 END
START -14672 12560 27272 8780 -4999 -13972 END
START -13192 12416 24736 6280 -7780 -12998 END
START -11400 13580 23856 7390 -11311 -8265 END
START -9700 14120 24392 4560 -13057 -6823 END
START -8672 16412 25532 1603 -15807 -9164 END
START -8912 12828 23240 -3763 -16723 -14369 END
START -6352 9604 19236 1616 -17184 -6319 END
START -4852 9680 18064 928 -17392 -4768 END
START -5288 9336 17328 -968 -17569 -5121 END
START -3548 8460 14508 327 -18735 -3233 END
START -2236 8444 14508 107 -18900 -1860 END
START -1476 7936 13940 -2421 -17861 -2781 END
START -924 7572 12080 -3774 -17144 -3264 END
START -128 6296 11784 -3565 -16293 -2527 END
START 476 4596 10840 -3210 -14417 -193 END
START 956 3800 10132 -2612 -12369 2574 END
START 1336 3016 8952 -1295 -9884 6446 END
START 1744 2484 8948 469 -4195 12122 END
START -396 3652 6844 -1280 -6442 10269 END
START 1116 2724 6612 -1033 -3835 10904 END
START 812 2096 6720 -1847 -1948 11933 END
START 856 1712 7192 -2463 -495 11673 END
START 5716 -1520 7388 -2810 2222 14416 END
START 1248 608 7032 -88 3241 14372 END
START -196 -568 6152 -3028 4691 11363 END
START -124 -1232 6616 -4535 7689 11621 END
START -864 -1808 5384 -1568 8116 11949 END
START -592 -2688 6240 -4032 9735 9369 END
START -1776 -3556 6592 -4232 11893 8055 END
START -2908 -4700 6712 -3968 12606 6445 END
START -1816 -6784 8536 -4712 13908 4271 END
START -4696 -7940 9696 -4458 14924 1499 END
START -5424 -9832 9648 -1309 15975 1513 END
START -6196 -10852 10656 -682 16723 264 END
START -7320 -11592 12080 308 17204 -1816 END
START -8776 -12424 13388 1992 17134 -3225 END
START -10352 -13272 14972 4327 16631 -4802 END
START -12792 -14208 16264 5882 15476 -8398 END
START -14484 -13624 18612 10233 14426 -9710 END
START -13692 -11120 19416 16544 10496 -10518 END
START -12144 -7280 23892 17639 7188 -13231 END
START -11104 -3752 26544 19456 6127 -13547 END
START -10800 -528 26624 19081 6916 -12926 END
START -13524 3096 24196 19852 3888 -14959 END
START -10988 4824 24016 21010 9009 -9292 END
START -13800 8604 22572 19129 6121 -9277 END
START -11060 14048 19936 16218 3370 -13499 END