START -3792 10216 21104 -1526 -6026 -1664 END
START -4360 10972 21048 -2611 -6335 -1874 END
START -4516 11428 20324 -3715 -6456 -1605 END
START -4008 11536 19676 -4370 -6419 -914 END
START -3984 11228 18508 -5029 -6300 -349 END
START -3340 10988 17776 -5196 -6406 483 END
START -2932 10912 16716 -5118 -6319 1712 END
START -2176 10588 15888 -5578 -6270 2747 END
START -1664 9512 14948 -6694 -6025 3699 END
START -800 8688 13880 -6838 -5301 4687 END
START -536 7696 13436 -7238 -4454 5408 END
START -272 6468 12636 -7451 -3871 6416 END
START 1352 5812 12004 -7543 -2914 6714 END
START 296 4440 10756 -7416 -1664 7181 END
START 964 3964 10220 -7051 -816 7790 END
START 1176 3600 10004 -5995 390 8436 END
START 1140 2996 9472 -5871 1822 8554 END
START 1256 2764 8952 -5518 3107 8703 END
START 732 2080 8740 -5338 4259 9113 END
START 900 1876 8320 -4020 5863 10402 END
START -492 2112 8856 -4550 7086 10185 END
START -1324 1228 8772 -4399 8425 10485 END
START -1740 888 8900 -4075 9707 10062 END
START -2644 312 9188 -4036 10774 8691 END
START -3256 -548 9688 -3699 11804 7195 END
START -3980 -2016 10400 -3323 12667 5855 END
START -5500 -3860 10504 -2284 13068 5019 END
START -6720 -3876 12620 -2211 13363 4144 END
START -8316 -4668 14048 -1489 12869 2321 END
START -8644 -5900 15236 -831 12007 470 END
START -10000 -6600 16616 125 11277 -1228 END
START -10744 -7716 17460 1058 10245 -2672 END
START -11828 -7708 18252 2820 8868 -3134 END
START -12172 -7120 19540 4506 6987 -3690 END
START -11108 -6116 21096 6368 4925 -4233 END
START -10304 -4464 22528 7268 2893 -5762 END
START -10660 -2940 23376 8143 1453 -7537 END
START -10352 -1328 23820 8452 41 -8774 END
START -10840 304 23828 8925 -1084 -8666 END
START -10848 2856 23584 9540 -2559 -7453 END
START -10860 5780 23092 9820 -4894 -6220 END
START -9864 8348 22736 9019 -6799 -6429 END
START -8996 9828 21960 7664 -8077 -6978 END
START -7604 10940 20568 6307 -8715 -7371 END
START -6248 11296 19448 5011 -9233 -7121 END
START -5028 11140 18440 4077 -9568 -5646 END
START -3896 11152 17864 3319 -9726 -3435 END
START -2808 10984 17060 1771 -9976 -2472 END
START -2340 10932 16128 -457 -9476 -2712 END
START -1908 10152 15300 -2265 -9026 -3008 END
START -1052 9040 14632 -3160 -8554 -2583 END
START -300 7672 14240 -3542 -7901 -1485 END
START 352 6828 13860 -3353 -7211 -121 END
START 628 6172 13416 -3276 -6343 980 END
START 1768 5872 12716 -3021 -5066 2350 END
START 932 5716 12340 -2788 -3825 3640 END
START 416 5556 11884 -2759 -2651 5120 END
START 716 5676 11132 -3108 -1570 6319 END
START 864 5804 10752 -3274 -423 7167 END
START 1080 5716 10468 -3606 1073 7328 END
START 1372 5220 10296 -4228 2784 7005 END
START 400 4624 10064 -4649 4340 6883 END
START 212 3876 9904 -4826 5643 7203 END
START 364 3392 9420 -4824 7510 7143 END
START -920 2320 9560 -4745 9042 6902 END
START -1680 1616 9488 -3902 9693 6290 END
START -2644 -364 9700 -3928 11134 5315 END
START -4712 -776 10256 -2706 13110 5224 END
START -3960 -3264 10532 -1382 12831 5552 END
START -5704 -4336 10832 -1264 14135 2538 END
START -7024 -6004 12176 -338 13520 -770 END
START -9176 -7656 14032 570 13624 -4914 END
START -10228 -10220 15568 1391 12762 -9200 END
START -12460 -12088 17388 3186 10910 -13004 END
START -12204 -12544 18812 7411 7719 -15335 END
START -11992 -11024 21096 12297 4424 -15963 END
START -11260 -7820 23056 15167 2081 -16071 END
START -12256 -3516 24552 17739 307 -14793 END
START -13076 2008 24812 19767 -1168 -11073 END
START -12448 8892 22848 19181 685 -8572 END
START -12728 15428 17500 22463 -4862 -7824 END
START -10252 16152 19500 15002 -3309 -10576 END