START -6368 9068 23732 1440 -6394 -2563 END
START -7788 10836 24480 611 -7631 -787 END
START -8392 12096 24768 -592 -8990 -536 END
START -7108 12924 24816 -2639 -10736 -599 END
START -6380 13408 23696 -2757 -11228 -670 END
START -6800 13548 21868 -3152 -11480 416 END
START -6932 13844 19996 -2752 -12059 2428 END
START -5420 14016 17784 -2897 -12962 5133 END
START -4788 13996 16316 -4090 -13425 7013 END
START -3296 13616 14356 -5165 -12406 8609 END
START -2800 12812 13032 -6406 -12241 8509 END
START -2712 10444 11088 -7723 -11024 9418 END
START 5340 9636 8948 -8858 -12226 9925 END
START 472 8256 7508 -8402 -8627 11962 END
START -172 7084 6820 -9462 -6935 11631 END
START -320 5348 5948 -9424 -5338 11997 END
START 2908 3524 5260 -10302 -4254 11987 END
START 1948 1840 5472 -9967 -1641 12543 END
START 2476 572 4752 -10319 970 12571 END
START 2532 -124 4984 -9546 2959 13147 END
START -364 -844 5344 -7794 5131 13644 END
START 1044 -1184 4600 -8055 7517 13383 END
START -212 -1540 5120 -7866 9652 12346 END
START -212 -2564 5908 -7297 10815 11025 END
START -632 -4312 7452 -7748 12551 9377 END
START -3280 -4320 7088 -6528 12926 6842 END
START -3036 -6768 6648 -6081 14235 6281 END
START -3204 -7644 8532 -4617 14863 7341 END
START -5124 -7408 10368 -2774 15822 6942 END
START -6444 -7796 11616 -1389 15874 6262 END
START -6940 -8000 12468 31 16587 5226 END
START -7876 -8520 13204 964 16901 4135 END
START -9228 -9656 14840 1482 16967 2756 END
START -9936 -9864 15056 4720 16090 2276 END
START -10644 -8672 16736 6243 15490 1721 END
START -11868 -7216 17736 6788 14796 -1728 END
START -12512 -7160 18964 6528 13738 -6100 END
START -13576 -7340 19124 7012 12700 -6802 END
START -14988 -6312 19824 7661 10968 -6871 END
START -15744 -4780 20672 7606 9325 -8827 END
START -15676 -3632 21688 8765 7138 -9977 END
START -15308 -2484 23368 9547 5102 -10283 END
START -14936 -448 24848 9934 3193 -9952 END
START -14600 1000 26220 9206 1362 -10900 END
START -15920 2176 27008 8986 -629 -11603 END
START -14932 4408 27076 9253 -3139 -11920 END
START -14268 6444 26992 8801 -5504 -11265 END
START -12884 9152 26460 8446 -8535 -10292 END
START -11672 11104 26400 6746 -10785 -10305 END
START -10360 12196 26036 5216 -12680 -10310 END
START -9300 12084 25056 3798 -13968 -9231 END
START -7500 12560 23436 3506 -14972 -7245 END
START -8828 12932 21864 3635 -16780 -7102 END
START -5384 12568 20200 1091 -16712 -6462 END
START -4524 12440 18848 -1019 -17477 -6163 END
START -3260 11904 17576 -1782 -18087 -4471 END
START -2052 11476 16244 -2858 -18109 -2891 END
START -1212 10640 15124 -3837 -17620 -2145 END
START -236 9460 13536 -4537 -17292 -1697 END
START 1120 8608 12640 -4820 -16772 -1086 END
START 2080 8020 11728 -5058 -15566 -82 END
START 2764 7428 10396 -5292 -13971 1299 END
START 3044 6648 9364 -5624 -12254 2714 END
START 2804 6008 8852 -5446 -10226 4516 END
START 640 4852 8316 -2804 -7484 9625 END
START 1956 6132 7008 -5494 -6140 9529 END
START 2832 4420 5876 -5169 -3659 9747 END
START 2880 3144 6780 -5474 -2049 10495 END
START 2744 2032 6624 -4996 244 12011 END
START 2348 1084 6464 -5246 2171 12380 END
START 2068 308 6364 -5428 3839 12631 END
START 1116 -632 6400 -5663 5431 11889 END
START 648 -1688 6260 -5605 7096 11040 END
START 8 -2704 6852 -5076 8363 10274 END
START -848 -3580 7084 -5180 9381 8711 END
START -1776 -5040 7832 -5435 10787 7548 END
START -2252 -5692 7292 -4192 12435 8392 END
START -4580 -6428 9432 -3762 12573 5883 END
START -4636 -7928 8636 -2559 13519 5302 END
START -5452 -8456 10048 -1325 13955 4225 END
START -6276 -9020 11192 345 14514 1892 END
START -7312 -9520 12444 1704 15010 -1027 END
START -7432 -9492 13080 3403 15071 -3483 END
START -9304 -12060 14448 5618 15029 -4943 END
START -9444 -11716 14088 7149 15054 -6889 END
START -10084 -10884 15316 9701 14236 -9401 END
START -10424 -9772 15784 11799 13983 -12069 END
START -11384 -9312 15936 14330 12633 -13757 END
START -12892 -8016 17500 15613 10929 -14950 END
START -13928 -5644 18752 18131 9425 -13480 END
START -14524 -1984 20800 19589 8387 -11697 END
START -14420 1940 20404 20826 3903 -12266 END
START -12900 4772 21888 19195 3639 -13908 END
START -10908 7188 23092 17664 3260 -14906 END
START -11484 9196 23284 17599 2741 -14441 END
START -11736 11336 22668 16989 3527 -13357 END