START -8280 8968 20380 2208 -7124 -5110 END
START -8196 10580 20104 1078 -7656 -3867 END
START -7060 11184 20356 -885 -8840 -3103 END
START -6084 11988 20400 -1987 -9515 -2400 END
START -6328 12544 20668 -1896 -10154 -1348 END
START -6568 13364 20396 -1977 -10271 -807 END
START -6984 13236 19880 -2448 -10959 -483 END
START -6500 12416 18672 -3081 -11488 593 END
START -5828 11768 17832 -3592 -12248 2665 END
START -4464 11204 17136 -4319 -12805 4316 END
START -3252 10860 16256 -4343 -13177 4758 END
START -2076 10040 15464 -4497 -12618 4537 END
START -1240 8740 13752 -4339 -11636 5522 END
START -144 8268 11848 -3924 -10791 7507 END
START 448 8140 10348 -3955 -9584 9334 END
START 1212 7864 8904 -4041 -8520 11358 END
START 1456 7208 7984 -5268 -6997 12327 END
START 2308 6796 6548 -5812 -5352 13127 END
START 2844 5444 5724 -6903 -2979 13214 END
START 3568 4988 4896 -6535 -157 14688 END
START 3064 4732 4468 -6700 2383 15373 END
START 2312 4356 3456 -6539 4786 15917 END
START 1464 3484 4108 -6495 6119 15256 END
START 1160 2156 4632 -7469 7245 13456 END
START 824 480 5436 -8454 9068 12795 END
START 108 -648 5144 -8404 10937 12674 END
START -416 -2892 6176 -8882 13149 12123 END
START -2944 -2856 5616 -7933 14216 10613 END
START -1764 -5204 4528 -6412 16551 12565 END
START -3992 -5636 7148 -5318 17901 12993 END
START -5952 -6576 9252 -4591 19007 11075 END
START -7564 -7580 10412 -3873 19257 7680 END
START -9352 -9656 12244 -2881 18778 3401 END
START -10200 -11528 12860 -1612 18652 142 END
START -10920 -13252 13880 -333 19071 -258 END
START -12740 -13760 15132 3907 18714 2729 END
START -13520 -13576 16644 6287 18435 4108 END
START -16184 -12352 18384 8132 17028 2266 END
START -17604 -10884 19524 9367 14404 -3180 END
START -17388 -9880 21112 8403 11889 -10914 END
START -18276 -9520 22260 6598 11591 -16627 END
START -15948 -7972 22424 11720 7841 -15438 END
START -15824 -5708 22760 13092 6703 -13581 END
START -16068 -2248 24748 13479 4953 -13717 END
START -16452 644 25820 12762 3503 -13944 END
START -16384 4000 26936 13362 445 -12226 END
START -15676 8724 27904 12352 -2669 -12027 END
START -15500 12060 29140 10510 -5172 -13287 END
START -15704 13648 29728 8529 -7635 -14408 END
START -14792 14720 27692 6234 -9289 -14091 END
START -14548 14976 26452 4665 -11476 -12167 END
START -12900 15484 24640 3062 -14444 -9502 END
START -10204 15884 23268 2639 -16518 -6891 END
START -8460 15928 22344 348 -18191 -7172 END
START -6616 15384 21016 -1279 -18748 -6919 END
START -5512 14360 19632 -2977 -19189 -6331 END
START -4764 12604 17304 -3992 -19071 -5041 END
START -4036 10720 14832 -4195 -19488 -3020 END
START -3068 9520 13460 -4518 -19600 -1283 END
START -1756 8404 11988 -4846 -19726 390 END
START -820 8028 11752 -4831 -19489 1214 END
START -56 7048 10872 -5407 -18473 1576 END
START 1112 5812 10272 -5090 -16993 3380 END
START 1924 5896 9112 -4340 -16012 4190 END
START 2544 4752 9112 -5572 -13235 4043 END
START 1820 4172 7772 -5182 -11325 6099 END
START 2232 3276 7172 -5618 -9549 7141 END
START 1968 2384 6696 -5912 -7149 7905 END
START 1808 1248 5716 -4766 -5153 9464 END
START 2084 740 5556 -3868 -3537 10626 END
START 2704 408 5640 -2854 -1346 11271 END
START 2972 296 6048 -2249 751 10920 END
START 2468 -348 6652 -2628 2914 10227 END
START 2096 -840 6572 -2570 5209 10504 END
START 1448 -1472 6216 -2383 7350 10966 END
START 648 -1764 5820 -1657 9343 11815 END
START 532 -1836 5540 -1113 10937 12113 END
START -776 -1896 5096 63 12411 11165 END
START -1496 -3184 7120 1523 12581 9420 END
START -2536 -3596 8876 1619 12968 6636 END
START -4384 -3932 9604 1752 14326 4956 END
START -6292 -6120 12852 1472 14340 491 END
START -5908 -8552 10768 3516 15047 61 END
START -6604 -9872 12172 4975 15379 -732 END
START -7284 -10736 13208 6131 14926 -2493 END
START -7692 -11400 14984 7378 13751 -4737 END
START -3000 -11592 16460 6004 13110 -7678 END
START -9704 -11620 21264 11763 11809 -10354 END
START -12172 -9096 22660 16309 10832 -13712 END
START -12052 -8800 25828 18478 8657 -18018 END
START -10680 -7428 26232 18587 7708 -23167 END
START -10476 -5780 26868 21285 5424 -26118 END
START -9016 -3284 26096 21074 2541 -25873 END
START -13740 960 26672 21621 4611 -21260 END
START -16828 6104 23944 22409 8041 -11793 END
START -16404 11904 23604 22086 4956 -2061 END