START -8160 11064 18444 5321 -14881 7674 END
START -7520 12212 17196 3209 -14089 7284 END
START -6424 12040 15724 1130 -13115 6132 END
START -5156 10580 13568 300 -12348 6512 END
START -4188 8776 12308 39 -10210 9305 END
START -2840 9156 10160 1063 -6968 14242 END
START -3660 9460 8860 -301 -6163 15987 END
START -1828 8892 7696 -1024 -3430 17295 END
START -1040 8516 6524 -2089 -1037 18197 END
START -708 7604 5436 -3502 1245 18459 END
START -208 6572 5164 -4838 3426 18305 END
START 40 4844 5692 -7071 5735 17652 END
START 88 3452 6664 -10597 8240 16393 END
START -180 1524 7152 -14581 10961 14970 END
START -932 -780 7472 -18899 13790 12821 END
START -1908 -3508 7216 -21548 16853 10506 END
START -2972 -6048 7240 -22312 24274 8731 END
START -4560 -8720 6564 -18192 23131 2662 END
START -5104 -13524 7716 -11110 20181 -2071 END
START -4436 -16756 9640 -5508 20554 -6631 END
START -5940 -19188 13128 -3549 21997 -11380 END
START -7164 -19488 15752 2688 21405 -10385 END
START -7632 -20020 20784 4222 23517 -11631 END
START -9096 -19284 23276 5753 22612 -14231 END
START -6060 -16376 27584 10040 19455 -18678 END
START -12184 -12812 23324 12061 18385 -23764 END
START -13188 -10228 25288 9553 11191 -27993 END
START -17352 -7048 28476 7832 2810 -29344 END
START -19196 -3796 26144 11467 -813 -28461 END
START -25424 -660 21560 13245 -10398 -27237 END
START -24780 2828 22612 16647 -20192 -20774 END
START -16716 8088 24268 18651 -24070 -14652 END
START -16312 10952 25792 17172 -20951 -12719 END
START -13884 7928 22200 15940 -20325 -7295 END
START -11736 10592 22032 13335 -21020 -6003 END
START -10820 9652 15312 9789 -20701 -3781 END
START -9584 9720 14784 12358 -18895 5070 END
START -7696 10336 12352 11169 -21699 8595 END
START -6172 11096 10884 8196 -18329 10826 END
START -4720 11224 9128 5575 -21600 8250 END
START -2348 9256 9080 3149 -20486 7283 END
START -2088 7692 7936 3438 -17659 11214 END
START 1252 6956 8884 -21 -17996 11816 END
START 1856 4432 7260 188 -14338 16289 END
START 1652 5192 7668 640 -10001 20147 END
START 3168 5956 7608 -2174 -6786 21488 END
START 4280 5264 7228 -4398 -1800 21891 END
START 3540 4684 6732 -6678 1388 20916 END
START 3452 3856 5880 -8542 3354 19100 END
START 3644 1644 6076 -10989 6388 17044 END
START 3356 -512 5552 -12619 9651 15645 END
START 2760 -2416 6240 -13697 12403 14250 END
START 2368 -4692 6972 -14459 15154 12895 END
START 1656 -6592 7964 -16909 18177 10518 END
START -844 -8268 8504 -17746 20755 6606 END
START -3000 -11232 6928 -15060 22917 2680 END
START -4184 -15756 8508 -7660 24956 -6046 END
START -5556 -17240 12424 3491 23613 -16428 END
START -5988 -19948 12152 14499 21251 -27135 END
START -6488 -16824 18344 19848 23281 -32563 END
START -7120 -14884 28664 24082 23496 -32768 END
START -424 -14164 21408 23241 32767 -32768 END
START -13828 -7236 22744 23448 32767 -32768 END
START -13784 -1548 23972 12292 32767 -31005 END
START -17568 -1864 24668 13868 29950 -21369 END