START -11404 11028 22112 6346 -11746 -4794 END
START -11356 14056 21356 4230 -11740 -3423 END
START -10332 14372 19208 2945 -12868 -3075 END
START -10324 15892 19296 1522 -13469 -2485 END
START -8896 15560 18272 757 -14321 -674 END
START -7912 16144 18596 505 -15483 1657 END
START -6516 16628 17988 -674 -16390 3004 END
START -5296 16344 16860 -2502 -16424 3038 END
START -3524 15148 14552 -3923 -15760 2776 END
START -2372 13864 13632 -4839 -14591 3717 END
START -1012 13112 11572 -4897 -13092 6366 END
START -280 12180 9956 -5206 -11633 10024 END
START 540 11404 8788 -5960 -10319 12931 END
START 1032 10460 8092 -7489 -8622 14401 END
START 1796 9120 6704 -8938 -6184 15691 END
START 1776 8112 5516 -9402 -3260 17111 END
START 1760 7496 4364 -9028 -321 18083 END
START 964 6348 3664 -9240 1597 18113 END
START 1144 4208 3324 -9301 4520 19330 END
START -272 3512 3972 -9583 5492 18419 END
START -320 1860 3764 -10259 7585 17574 END
START -1184 156 3732 -11011 9616 16523 END
START -1660 -1532 3172 -11147 11218 14957 END
START -540 -4528 3840 -10618 14171 14672 END
START -4112 -5888 4248 -9868 14935 12649 END
START -4036 -8180 3936 -6744 16943 13399 END
START -5408 -9556 5520 -6301 18625 12315 END
START -7376 -10452 7504 -5352 19300 8994 END
START -8472 -12032 8392 -3958 19468 5129 END
START -9972 -14148 10252 -3358 19393 843 END
START -11628 -16820 11664 -2412 18970 -2324 END
START -12832 -18336 13716 1418 17979 -2570 END
START -12896 -19528 15000 5924 17845 -870 END
START -14804 -18416 19392 12894 16997 1195 END
START -15744 -15124 20996 16216 14394 -2314 END
START -16200 -12024 23744 13440 12156 -11015 END
START -17208 -10032 23344 12340 9314 -17259 END
START -16532 -7480 24984 12977 6433 -19543 END
START -14324 -4532 27792 14348 3493 -18454 END
START -15276 348 31128 16679 900 -14330 END
START -17168 6352 32767 15857 -1608 -13758 END
START -19756 11632 32767 13965 -3946 -16192 END
START -25328 14288 32767 8861 -7962 -20586 END
START -19288 14384 28944 14264 -11030 -12240 END
START -16344 17888 28060 11725 -15164 -8165 END
START -14608 20148 26688 8871 -18603 -7151 END
START -11312 21480 23500 7974 -21870 -6777 END
START -8576 21000 19728 5337 -24630 -6977 END
START -7300 19516 17460 3223 -23208 -4957 END
START -4332 17724 13148 3172 -24179 -3404 END
START -672 16020 11368 1818 -23197 -668 END
START 1848 14712 9268 2210 -20847 3492 END
START 2832 13900 8828 973 -19360 5684 END
START 2448 13900 7752 -323 -17534 7681 END
START 3544 12524 6392 -3098 -14105 8973 END
START 3700 11624 4976 -4706 -12004 9567 END
START 4176 10284 3492 -5055 -9085 11975 END
START 3168 8960 2980 -5994 -5775 13798 END
START 1788 8068 2384 -7028 -3228 14319 END
START 2320 6032 1592 -7745 -103 15397 END
START 2068 4148 1576 -8158 2758 16579 END
START 1392 2476 1280 -8818 5593 17429 END
START 644 1248 1184 -8946 8176 18215 END
START -16 76 1152 -8617 10924 18893 END
START -1732 -1252 2000 -9437 12747 16665 END
START -2600 -3988 2936 -10375 14635 13365 END
START -4172 -6908 3888 -11531 16054 9834 END
START -4608 -8560 4484 -11015 16497 6268 END
START -4912 -12912 6924 -11982 17164 1841 END
START -6856 -16560 9548 -8923 18361 -18 END
START -8568 -18100 10360 -5928 18674 -2157 END
START -10968 -19804 11972 -2020 18731 -5246 END
START -10776 -21176 14064 1125 18783 -9136 END
START -12584 -21492 15492 6604 17087 -12002 END
START -12536 -20388 17244 9484 16207 -14301 END
START -12248 -17648 18560 12735 15648 -15746 END
START -11764 -14048 19840 16649 13732 -16619 END
START -12540 -9616 22500 21719 12324 -16552 END
START -15612 -3704 24756 19988 11753 -20011 END
START -17036 56 22768 18137 13970 -20073 END
START -21340 5492 21452 23240 12406 -13673 END
START -20884 12284 20664 24260 9684 -7886 END
START -22120 17828 21476 25813 -2305 -6084 END
START -16720 22036 23968 18353 -1381 -7353 END