START -6380 8976 24656 4745 -6880 -133 END
START -6492 11552 24196 3747 -7675 503 END
START -7608 14116 23712 1230 -7335 130 END
START -6900 14700 22724 939 -9133 1520 END
START -5160 16756 22540 880 -9499 1682 END
START -5160 16288 21744 -1326 -11274 2243 END
START -4104 15980 20912 -2653 -11521 3125 END
START -3168 15308 18860 -2335 -11459 5086 END
START -2556 14288 16172 -3213 -11077 7157 END
START -1976 12976 13548 -4374 -10347 9451 END
START -960 11640 10732 -5400 -10133 11060 END
START 44 10792 9616 -6991 -8937 11265 END
START 1096 8916 8520 -8183 -7541 11765 END
START 2260 7532 7480 -8938 -5957 12118 END
START 2772 5416 6312 -10078 -3453 11949 END
START 3276 4068 5032 -10191 -792 13270 END
START 2984 2916 4060 -10373 1960 14057 END
START 2300 1788 3008 -9842 4282 14262 END
START 1980 380 2836 -9290 6011 14133 END
START 1112 -648 3408 -9015 7400 13947 END
START 328 -1620 3880 -8710 8838 13424 END
START -728 -2768 4964 -8621 10501 12452 END
START -1128 -3540 5864 -8456 12579 10769 END
START -1464 -4328 6648 -6810 14361 10355 END
START -3192 -4880 8524 -7446 15470 7624 END
START -4208 -6700 8500 -4822 15919 8337 END
START -5468 -7612 9548 -3387 16854 6989 END
START -7000 -8120 10412 -1921 17034 4376 END
START -7832 -8280 11868 124 16888 2625 END
START -9632 -9412 13652 764 16816 1487 END
START -10084 -9628 13980 2801 16222 1710 END
START -11132 -9736 17068 3276 15340 2153 END
START -12024 -8420 18012 4323 14272 337 END
START -12680 -8028 20340 5287 12811 -2891 END
START -13316 -6696 21820 6358 10986 -6214 END
START -13648 -6560 24216 7264 8161 -9746 END
START -13596 -5840 26004 7649 6339 -12596 END
START -12780 -4848 27516 7225 5574 -13915 END
START -14424 -2304 27976 10549 2996 -10775 END
START -14196 1664 28908 12747 -960 -7177 END
START -13016 7852 29896 13331 -5320 -5869 END
START -12904 11756 30108 11583 -7455 -6461 END
START -12956 14016 28956 8530 -10309 -8027 END
START -11112 14548 27180 4829 -11723 -9738 END
START -9236 14568 25228 3010 -13808 -9111 END
START -6484 14676 23412 2070 -15837 -8016 END
START -4920 13672 22676 972 -16854 -6114 END
START -3368 13688 21136 760 -17703 -3347 END
START -2376 13256 19476 -448 -18002 -1982 END
START -1160 12560 18060 -2263 -17564 -1783 END
START -256 11492 16092 -3549 -17264 -1805 END
START 464 10096 13764 -4967 -16923 -1690 END
START 1660 8644 12472 -5719 -16472 -561 END
START 2404 7528 10924 -5971 -15426 746 END
START 3104 6528 9716 -6305 -13711 2586 END
START 3440 5876 8928 -5703 -12149 4745 END
START 3756 5376 8304 -5932 -10167 5788 END
START 4164 4732 7428 -5620 -7944 7146 END
START 4648 4120 6504 -5507 -5782 8066 END
START 4564 3808 5732 -5771 -3320 8342 END
START 4688 2812 4816 -5646 -832 8959 END
START 4680 2092 4428 -5666 1524 9346 END
START 4356 1040 3948 -5456 4061 10200 END
START 3764 608 4124 -4878 6478 11549 END
START 2888 108 4852 -4842 9006 12042 END
START 1856 -608 5316 -4564 11253 11379 END
START 648 -1644 6036 -4279 13188 9410 END
START -392 -3116 6576 -4352 14969 7272 END
START -1744 -4588 6928 -3728 16159 4907 END
START -3928 -6656 7804 -2934 17036 2306 END
START -4608 -8312 8364 -2190 18800 653 END
START -7472 -9372 11552 -855 18594 -3275 END
START -7036 -12564 11924 1190 18079 -4107 END
START -9208 -12544 13604 3877 17896 -3918 END
START -11212 -14468 14880 7671 16692 -4009 END
START -12712 -11892 17228 9632 15634 -6940 END
START -13768 -10824 18544 13084 12261 -9974 END
START -13476 -9496 21680 15361 9835 -12974 END
START -14768 -7096 23172 16934 8676 -16280 END
START -15240 -4364 24200 17687 7555 -19219 END
START -14876 -1124 24340 19469 4354 -19751 END
START -13564 2128 25280 20669 615 -17762 END
START -10116 7120 24576 23170 -2152 -15058 END
START -13236 11408 24348 24143 -1385 -11645 END
START -10660 15780 21224 26084 -1035 -8864 END
START -11912 17664 19772 18958 -1040 -10923 END
START -9868 18048 17140 18513 -3319 -6453 END