START -7864 1312 23808 3244 -3148 -13671 END
START -9008 2472 24524 3575 -2935 -12973 END
START -11388 3972 24016 4226 -2595 -10792 END
START -12620 7108 22660 7039 -4002 -6303 END
START -12424 10184 21960 5938 -6181 -4960 END
START -12160 12084 22360 4821 -8669 -3805 END
START -8464 13528 22612 3920 -10476 -4454 END
START -8820 14576 22956 1399 -12067 -4772 END
START -8132 13248 21384 436 -12866 -4133 END
START -7852 12780 20520 -356 -13329 -1802 END
START -6456 12668 18712 -208 -13383 589 END
START -5304 12548 16768 -917 -13933 2425 END
START -3696 12276 15888 -2149 -14287 3453 END
START -2156 11960 15280 -4139 -14414 3328 END
START -860 10924 13960 -5664 -14062 3269 END
START 280 9640 12876 -6741 -13176 3968 END
START 908 8548 11868 -6805 -11599 5277 END
START 1640 7316 11424 -7070 -9957 7014 END
START 1516 6600 10468 -7014 -8080 9308 END
START 1592 5756 9632 -6632 -6023 11570 END
START 1732 4060 8312 -3294 -3055 17163 END
START 760 5052 9144 -5878 -2383 14204 END
START 1472 3956 7532 -6631 -112 13826 END
START 696 3068 7364 -7472 1696 13880 END
START 408 1780 7856 -7096 2354 13443 END
START 92 496 8156 -9107 3719 11288 END
START -400 -1148 7800 -9916 4613 9976 END
START -780 -2312 8252 -10084 5162 9100 END
START -1592 -3548 8404 -10482 6859 8439 END
START -2084 -4544 7472 -8767 7333 8247 END
START -1092 -5164 6964 -7044 9497 10057 END
START -2128 -5348 8776 -6004 11182 10144 END
START -2512 -5844 9340 -6252 12173 8297 END
START -3504 -6508 9848 -6489 12567 6514 END
START -4344 -7736 10676 -6554 12673 4771 END
START -4848 -8812 11060 -5900 13229 3166 END
START -5324 -9436 11328 -4342 13857 2042 END
START -5768 -9724 11840 -1912 14323 1581 END
START -6324 -9736 12800 -252 14854 741 END
START -7204 -9660 13972 892 15164 -303 END
START -7768 -10000 14740 1845 15217 -1441 END
START -9128 -10212 15496 2775 15293 -2783 END
START -9520 -11324 15244 5122 15404 -2527 END
START -9928 -10908 16656 8255 14385 -1964 END
START -10984 -9420 17772 7720 12841 -5275 END
START -9764 -9032 19852 5310 12643 -8467 END
START -10688 -8332 20044 7917 10766 -8017 END
START -13032 -6572 21832 9687 9082 -7701 END
START -13412 -4788 22928 10228 7131 -9304 END
START -12868 -2752 24244 9984 5337 -11510 END
START -12144 -988 25428 10774 4012 -12209 END
START -12764 1292 26020 11063 3315 -12582 END
START -13844 2536 25812 10191 2379 -12717 END
START -14276 4004 25696 10221 347 -11136 END
START -14248 6080 25388 10267 -2861 -8806 END
START -14060 8908 26848 9778 -5558 -6936 END
START -13044 12184 27596 9448 -8380 -6919 END
START -14188 13280 25900 4172 -10217 -11677 END
START -11856 14416 22920 2596 -13744 -14488 END
START -6460 11500 17604 1545 -13946 -9458 END
START -7452 11268 21048 4879 -14886 -4864 END
START -6936 11232 19036 2260 -15377 -5205 END
START -5056 10560 16632 1028 -16425 -4894 END
START -3844 10592 16328 1240 -17210 -3725 END
START -3124 10272 15776 -576 -16185 -4731 END
START -2636 9564 13864 -1911 -15827 -5524 END
START -1668 8448 12340 -1679 -15354 -4051 END
START -840 7568 11072 -1587 -13985 -1458 END
START 480 6752 10768 -904 -12467 2170 END
START 1264 6212 10624 -82 -10652 6345 END
START 1196 6212 10748 -6 -8639 9210 END
START 1092 6208 10296 -476 -6730 10092 END
START 1456 5708 9080 -106 -4617 11748 END
START 884 5260 9160 -211 -2671 12475 END
START 6472 3932 6184 773 -1120 16434 END
START 376 3560 8960 921 1908 16876 END
START -2220 5032 5988 5 741 15392 END
START -656 1420 9172 -4466 2900 14429 END
START -1948 1420 7196 -2762 4301 15330 END
START -1804 676 7484 -2654 3716 14688 END
START -1324 -148 8560 -5747 5238 11894 END
START -1436 -1044 7476 -6254 6439 10344 END
START -1956 -2168 7536 -6014 7681 9957 END
START -2492 -3340 8276 -6519 8933 8801 END
START -2112 -5396 7516 -6186 11180 9288 END
START -2960 -7144 9276 -6654 12888 8841 END
START -4232 -8508 8964 -6659 14364 6604 END
START -4848 -10108 8248 -5258 15360 4663 END
START -5580 -11800 9304 -3522 16170 2357 END
START -6524 -13736 10876 -2112 17058 -560 END
START -7696 -15496 12064 -824 17280 -4041 END
START -8504 -16936 14000 1014 17062 -7929 END
START -9312 -17584 15536 3536 16903 -11119 END
START -10128 -17040 16960 6830 16073 -13616 END
START -11540 -16456 16464 12104 16784 -12720 END
START -12964 -12084 20128 18689 17198 -10802 END
START -13484 -6088 20988 20254 14461 -12243 END
START -16328 -112 24076 24007 9938 -9792 END
START -19716 4340 25584 23729 8384 -7339 END