START -7464 12176 19216 694 -11192 -1416 END
START -6892 13788 20316 1473 -11649 560 END
START -6436 15112 18724 757 -11792 1715 END
START -6476 15580 19064 -884 -11484 2377 END
START -6404 14584 18052 -2321 -11876 3298 END
START -6148 14156 16628 -3882 -12036 4896 END
START -5588 13256 15508 -4864 -12558 7055 END
START -4836 12124 14892 -5521 -13133 8234 END
START -3364 11116 14136 -6230 -13000 8691 END
START -2112 10056 13140 -6364 -12258 9028 END
START -1344 8928 12420 -6146 -10797 9353 END
START -1100 7608 11408 -5806 -8975 10304 END
START -200 6412 9888 -5355 -7050 11947 END
START 324 6004 8372 -5026 -5355 13823 END
START 292 6000 6984 -5193 -3441 15308 END
START 408 6100 6128 -6215 -1730 16152 END
START 64 6052 5136 -7780 30 15783 END
START 456 5472 4380 -9058 1665 14395 END
START 588 4284 4148 -9991 3370 12564 END
START 876 2772 4580 -11364 5543 11299 END
START 1024 1332 4740 -12222 8001 10889 END
START -204 252 4024 -11722 9742 12101 END
START -516 -1616 6384 -12860 13352 10882 END
START -1152 -3140 4964 -9003 16011 12575 END
START -2116 -4508 6572 -7795 17675 12015 END
START -4180 -5004 8212 -6364 18953 10881 END
START -6184 -5920 8844 -6027 19671 8846 END
START -10432 -7004 11636 -5895 21200 6277 END
START -9180 -8572 10900 -6792 20369 2957 END
START -9532 -10292 13672 -6201 18843 940 END
START -11016 -11860 14960 -3784 18971 1406 END
START -12940 -13144 16484 -513 18169 1740 END
START -14488 -13184 17220 2093 16818 841 END
START -15568 -12140 18084 4927 14695 -1217 END
START -14832 -10340 18852 6031 12806 -6042 END
START -16244 -8328 19800 7026 10830 -8905 END
START -15680 -7192 22232 8779 7967 -10923 END
START -17200 -5152 23420 7612 6609 -14552 END
START -16712 -4680 23088 8079 4371 -15296 END
START -17120 -2640 23336 7818 1981 -16111 END
START -16116 -680 23008 8302 481 -16193 END
START -14784 1736 23616 11050 -1735 -14012 END
START -13556 4804 24656 11922 -4507 -12959 END
START -12408 7132 26300 10667 -6472 -13129 END
START -12728 9848 26948 10289 -8383 -12706 END
START -12960 11556 25692 8511 -9599 -12752 END
START -12948 12420 23780 7624 -11287 -11119 END
START -11856 13264 21324 6815 -13655 -8760 END
START -9676 13748 19652 5839 -15402 -7194 END
START -6884 13916 18908 6273 -17172 -4712 END
START -4956 13656 19072 4478 -17612 -4766 END
START -4124 13168 17852 2679 -17177 -4181 END
START -3808 11616 16868 2100 -17105 -2585 END
START -3716 10516 15740 -17 -16782 -1505 END
START -3136 9188 13788 -407 -16575 543 END
START -2224 8248 12392 -102 -16503 2693 END
START -1256 7240 11584 -808 -15881 3187 END
START -240 6544 10804 -888 -15298 3638 END
START 5928 4968 9136 -769 -15774 5037 END
START 900 5716 12200 -522 -12449 5312 END
START 1620 4820 8284 -703 -10537 6814 END
START 2728 4608 9148 -870 -8558 8640 END
START 2640 4656 8276 -1111 -6124 10016 END
START 2692 4724 7408 -2157 -3812 11083 END
START 2360 4384 6960 -3416 -1350 11208 END
START 2012 4116 6224 -4104 756 10675 END
START 1908 2812 6072 -4888 2833 9821 END
START 2004 1844 6096 -4355 4539 9802 END
START 88 1212 7068 -4445 6362 9078 END
START 676 -776 6748 -5130 8482 8687 END
START 356 -2372 8040 -5528 10290 8999 END
START -400 -3416 8560 -5382 11993 8902 END
START -1228 -4380 8728 -5342 13783 8196 END
START -1636 -5176 8696 -4240 15332 7660 END
START -4376 -6180 10160 -2743 16236 3640 END
START -4592 -8120 9892 28 16013 972 END
START -8264 -9152 13016 1027 18188 -1653 END
START -6832 -10432 12944 995 17339 -5252 END
START -9452 -11776 15652 1022 18511 -8548 END
START -10452 -13224 15604 2448 17951 -10689 END
START -11584 -14664 15540 4151 17694 -12526 END
START -12748 -12924 16080 10729 13869 -11858 END
START -13280 -9948 18792 16322 10401 -10877 END
START -14064 -5308 22660 17740 8080 -13188 END
START -15120 -1516 25140 17734 6794 -16493 END
START -15968 2168 24916 17797 5938 -19882 END
START -11908 5752 22448 19072 -3643 -24279 END
START -12252 5932 23388 18326 -22 -21878 END
START -13656 8080 22892 20404 1545 -17873 END
START -13656 11016 21204 21408 813 -10995 END