START -10352 10336 26432 1464 -6800 -1450 END
START -10072 11676 25680 2021 -8188 -388 END
START -12040 12260 24916 -893 -7651 -561 END
START -12192 12308 24212 -345 -9058 1626 END
START -11028 12160 22696 -225 -10816 3984 END
START -10280 12164 22196 -860 -11939 5826 END
START -9132 11708 20988 -1007 -13140 7393 END
START -8412 11224 19528 -1968 -13477 8095 END
START -7756 10484 17516 -3295 -12930 8756 END
START -6420 8696 15144 -3607 -12289 10500 END
START -5100 7360 13232 -3807 -11857 11993 END
START -3960 6528 11832 -4851 -10678 13219 END
START -2820 5456 10576 -5309 -9684 14050 END
START -1588 4716 9732 -6273 -8523 14541 END
START -808 3612 8884 -7558 -7104 14605 END
START -336 2696 7808 -9305 -5450 14334 END
START -1204 1468 6652 -10328 -3464 13788 END
START -1400 332 5656 -9625 -1948 12986 END
START -1364 -612 5780 -9319 -1249 11484 END
START -776 -2112 5756 -9277 -47 10441 END
START -288 -3300 5840 -9110 1367 10223 END
START 1508 -4360 6032 -8576 3734 10222 END
START 856 -5248 5964 -7660 6430 10469 END
START -128 -5424 5664 -6588 8859 11422 END
START -912 -5732 4988 -6218 10918 11377 END
START -2068 -6428 6080 -6469 12481 10658 END
START -3588 -7240 6724 -5721 13595 9558 END
START -4336 -8136 7128 -5036 14380 7456 END
START -4612 -8816 8396 -4084 14980 5231 END
START -4800 -9592 9628 -3117 16054 3392 END
START -5304 -10252 10276 -2633 17098 2041 END
START -5988 -11172 11408 -2014 17980 1447 END
START -7456 -12884 13220 -253 18687 1885 END
START -9060 -14436 14456 2520 19870 2975 END
START -11776 -13904 15856 6203 19330 1674 END
START -13060 -12880 17620 6857 16801 -4269 END
START -13724 -11728 19636 6138 14057 -11347 END
START -13692 -11588 21872 5756 12660 -15792 END
START -12540 -12132 22408 6336 10562 -17024 END
START -14224 -11312 23452 7613 9938 -15764 END
START -16060 -9612 24360 10041 9781 -13121 END
START -16924 -5772 24880 14389 7241 -10869 END
START -17044 -1032 25892 13453 3894 -14111 END
START -18076 2844 27436 10897 -690 -19616 END
START -13064 2720 25696 16074 -1615 -15495 END
START -14912 5612 30300 15333 -3287 -14641 END
START -14984 8048 27696 9766 -4385 -17315 END
START -14576 8712 26044 12423 -6886 -10925 END
START -14924 12760 25880 10821 -11365 -8452 END
START -13856 16692 22980 6600 -15226 -10847 END
START -8304 15584 16828 1791 -16389 -10827 END
START -10120 14728 21608 5642 -17689 -6956 END
START -8204 14740 20396 1099 -17811 -9421 END
START -6672 13868 16656 -587 -18698 -9975 END
START -5760 12844 16356 780 -20488 -6676 END
START -4604 12452 15260 -862 -19710 -5341 END
START -3644 10576 13736 -2152 -17843 -4538 END
START -1756 8980 11600 1028 -17544 -326 END
START -360 7660 11280 2216 -15619 3618 END
START -456 6880 10856 2672 -12501 6418 END
START -412 6664 9540 3812 -10481 10020 END
START -4672 7992 9644 5975 -6805 14175 END
START -224 5572 8312 1741 -6189 14253 END
START -644 6628 6748 727 -5793 14511 END
START 1740 3592 7156 -2132 -3675 14983 END
START -788 3260 6944 -2876 -1113 15163 END
START -256 3688 4136 -2443 -454 17278 END
START 1564 988 5936 -5300 1948 16477 END
START -740 776 6468 -5869 4186 15159 END
START -996 -420 5668 -6863 5024 14205 END
START -944 -1876 6664 -8254 6302 12783 END
START -1992 -3088 6856 -9470 8133 10735 END
START -2336 -4116 5524 -9198 9375 10245 END
START -2092 -7200 6368 -9468 11063 9266 END
START -4228 -8736 8224 -7895 12875 9649 END
START -5096 -10208 8252 -7824 12953 7819 END
START -6088 -11824 9240 -7204 13091 5925 END
START -6904 -12792 10676 -5053 13730 4313 END
START -7876 -13756 10988 -3509 14143 1526 END
START -8528 -14432 11760 -2147 14116 -1729 END
START -8268 -15624 13196 -270 14039 -4937 END
START -9124 -16456 14020 1035 14039 -8847 END
START -9536 -16196 15080 4243 14062 -10790 END
START -8788 -16168 16632 11024 14761 -9455 END
START -9916 -13464 18532 14785 14400 -10208 END
START -10088 -10808 20512 15526 13153 -13473 END
START -10676 -7696 21216 17827 14113 -12831 END
START -13192 -2456 20512 18590 10749 -14850 END
START -15100 1032 23976 21958 11037 -13281 END
START -13052 4068 24028 20888 8431 -11203 END