START -12228 11060 21912 5755 -11478 -9030 END
START -11016 14028 21380 5078 -12681 -6309 END
START -10216 15540 21964 4659 -13472 -4388 END
START -8924 16808 20576 4018 -13788 -2688 END
START -8616 16928 19500 2925 -13821 -775 END
START -7764 17356 17828 2666 -14347 1898 END
START -6224 17624 16740 1574 -14623 3617 END
START -4320 17064 14888 -246 -14587 4401 END
START -2468 16264 13928 -1918 -14565 5622 END
START -988 15192 13664 -3570 -14341 6460 END
START 76 14176 12908 -5469 -13387 7263 END
START 436 12624 12156 -7283 -12040 7890 END
START 928 10624 11428 -8575 -10654 9124 END
START 1516 8768 10108 -8520 -8902 11567 END
START 396 8080 8652 -8283 -7312 12566 END
START 1288 6680 7984 -8080 -5321 14143 END
START 712 5544 6876 -7475 -4126 16124 END
START 1512 4292 6444 -7068 -2551 17717 END
START 1512 3940 6452 -7155 -535 18374 END
START 1456 3328 6436 -7661 1100 17979 END
START 1596 2112 6604 -8527 2814 17268 END
START 1556 1140 6308 -8993 4966 17125 END
START 1392 292 6120 -9934 6760 16220 END
START 1184 -692 5576 -10556 9047 16068 END
START -196 -1548 4068 -10371 11863 16137 END
START -1752 -1804 3272 -8397 13122 15425 END
START -3620 -4208 5336 -7486 14336 14012 END
START -3332 -3432 5084 -6202 13040 11540 END
START -2192 -6820 6792 -7210 15725 10662 END
START -3584 -7252 8956 -6278 17291 10549 END
START -3832 -7420 8440 -4825 18870 8932 END
START -4344 -8268 8332 -4178 20424 6412 END
START -5844 -9384 10148 -2814 21337 4388 END
START -7548 -10332 12260 -1054 21541 2252 END
START -9284 -12064 14756 -155 21590 -10 END
START -10412 -14212 15864 1865 21194 -1301 END
START -11620 -15108 16992 3849 21107 -2806 END
START -12864 -15260 17312 6841 19564 -3415 END
START -13428 -13844 17980 9704 17633 -3741 END
START -12884 -10960 20240 9376 14597 -6064 END
START -17332 -7908 22224 13398 12624 -6993 END
START -18504 -5052 22568 12964 10251 -10675 END
START -15652 -3668 23776 10134 7904 -16056 END
START -16904 -2020 24784 10669 4906 -18218 END
START -16736 32 26096 11195 2497 -18116 END
START -15940 2100 26800 12201 814 -16794 END
START -16688 4624 27448 12370 41 -14569 END
START -18332 8116 27124 12625 -2509 -12082 END
START -17492 10664 25512 11047 -5651 -11453 END
START -16548 13952 25528 9177 -9179 -12451 END
START -15692 13460 26028 3972 -12010 -16023 END
START -12044 12852 23688 7601 -13990 -9436 END
START -10160 13736 24116 6940 -15319 -7638 END
START -9600 13808 22188 5241 -15825 -7159 END
START -8896 13024 19704 5553 -16944 -3948 END
START -8280 12928 17604 5405 -17445 -814 END
START 588 13428 13328 5691 -21712 1808 END
START -4096 13608 15720 1462 -20086 -1990 END
START -3920 11484 12380 -1196 -20244 -5059 END
START -1196 9064 11692 -950 -20097 -1624 END
START 376 7684 11744 1775 -19890 2139 END
START 1388 7352 11916 1532 -16720 4375 END
START 1204 7528 11064 -747 -14204 4451 END
START 1220 6716 9476 205 -12599 7033 END
START 1724 5964 9072 -232 -10634 8517 END
START 2336 5344 8452 -817 -9148 8996 END
START 1068 5548 7664 -1012 -7830 9508 END
START 2388 5092 7900 -3625 -5939 9248 END
START 2684 4704 7700 -4107 -3972 10521 END
START 2872 4348 7948 -5105 -2124 10948 END
START 3204 3284 8400 -5725 -49 11839 END
START 2872 2720 8748 -6609 1880 11563 END
START 2940 1560 8640 -7036 4856 11644 END
START 2148 1136 8204 -7279 7011 10865 END
START 1920 204 7840 -7408 9042 9988 END
START 1216 -840 7636 -7433 10936 9779 END
START 500 -1456 7128 -6852 12474 9938 END
START 1172 -2140 6532 -6517 14605 10477 END
START -2164 -1916 6896 -5348 15992 9751 END
START -3856 -2208 7096 -3478 17681 8762 END
START -5232 -4272 9208 -2699 18161 4859 END
START -6524 -6492 9060 859 18661 2725 END
START -6432 -8364 10760 115 20366 -333 END
START -7296 -9948 11648 583 18964 -3404 END
START -8352 -11604 13432 588 18906 -5368 END
START -11148 -12492 13924 -652 20881 -6617 END
START -12248 -13252 15244 1531 18401 -7987 END
START -15008 -13800 16536 4503 16369 -10588 END
START -15880 -13092 18864 8604 13218 -14907 END
START -16620 -11388 21592 12355 8688 -18691 END
START -14692 -8276 22876 13029 5031 -22729 END
START -16048 -4916 25024 15146 4088 -22673 END
START -15300 -1024 26564 16239 3185 -22406 END
START -15288 2712 25756 18398 -1296 -24899 END
START -13936 5612 23016 15979 1172 -22886 END
START -16312 7200 20996 20633 6422 -14650 END
START -18348 10316 18556 23284 2912 -3512 END
START -16768 15296 16968 23178 3128 780 END