START -14316 6260 23472 3930 -7474 -16810 END
START -13476 7060 22624 4686 -8303 -15243 END
START -9792 7628 21660 4875 -8486 -11093 END
START -13184 9724 21980 7075 -9273 -5694 END
START -12468 12164 19988 7177 -10714 -2690 END
START -12580 15092 20096 6175 -12931 -1300 END
START -10744 16536 20964 3192 -15084 -2970 END
START -8524 16064 20480 1157 -16259 -4315 END
START -7496 15168 19480 -1126 -16476 -5463 END
START -6108 13880 18040 -1910 -17056 -4746 END
START -4940 13004 16588 -2588 -17558 -2774 END
START -3804 12204 15468 -2637 -17670 -39 END
START 2360 12056 12884 -5180 -17857 1567 END
START -1020 11152 13960 -4431 -17564 2142 END
START -2484 10328 14572 -6011 -12283 3747 END
START -2404 10224 12004 -6566 -15442 2613 END
START 188 8512 11604 -6791 -14188 4448 END
START 356 7372 9984 -5949 -12300 7032 END
START 1032 6320 9260 -5032 -10308 10140 END
START -32 4984 8780 -1630 -5089 16455 END
START -104 4584 8224 -4403 -4898 15577 END
START 2780 3464 6304 -1807 -2059 19779 END
START 316 4644 6660 -3639 -2747 17309 END
START 2720 2600 6008 -6228 815 16768 END
START 1000 2844 5712 -5419 3386 17116 END
START 1992 1608 5060 -4598 4574 17252 END
START 1160 696 6112 -6771 6674 14906 END
START -108 -568 5816 -8483 8317 12582 END
START -344 -1964 6048 -9260 9374 10903 END
START -912 -3052 6372 -10272 11167 9066 END
START -1408 -3856 4676 -8981 12307 7626 END
START -1452 -6192 4720 -8660 14323 8354 END
START -2776 -7652 7420 -7076 16107 9046 END
START -3520 -8168 8316 -6101 17010 8230 END
START -4976 -8956 9580 -6776 18211 6327 END
START -6892 -9784 10364 -5555 19557 4898 END
START -8384 -10932 11124 -3688 20164 2972 END
START -9724 -11636 11440 -1853 20582 359 END
START -10520 -13176 12708 283 20568 -935 END
START -11576 -14440 12384 5161 19632 846 END
START -12628 -13620 16260 5476 18124 -203 END
START -14676 -12120 18412 6305 16047 -3000 END
START -16648 -11152 20632 5227 13538 -7363 END
START -14800 -10568 21360 3720 12254 -11157 END
START -14596 -9652 22052 8296 9337 -10973 END
START -15884 -6476 24368 11227 6206 -11786 END
START -14972 -3888 25976 13835 5640 -10997 END
START -15928 -1024 27360 14208 4066 -10682 END
START -16808 1800 27736 13136 2800 -11503 END
START -19068 4048 28368 12055 154 -12150 END
START -17344 5968 27488 11642 -3761 -11556 END
START -16744 8428 28284 11116 -7752 -10845 END
START -15564 10352 28404 10022 -10722 -9718 END
START -14224 10736 27544 9048 -12233 -7642 END
START -13460 12952 26444 8697 -14305 -6954 END
START -12044 13976 22672 5730 -16337 -8564 END
START -10056 14980 20284 3472 -18996 -9233 END
START -7072 11864 18800 643 -18708 -7078 END
START -6628 11724 18004 5259 -20215 -1435 END
START -4484 11588 16804 1635 -20508 -2138 END
START -3180 10616 15724 -1030 -19965 -3341 END
START -2192 8652 13560 145 -18850 239 END
START -1776 9324 12004 1585 -18746 2076 END
START -2276 8524 11356 -1423 -17658 -127 END
START 56 7672 8652 -621 -15776 3323 END
START -288 7836 8660 -1426 -15555 3443 END
START -1444 6744 7708 -1056 -14156 4732 END
START -72 6528 6568 -4265 -11543 4705 END
START 2496 4644 5508 -3730 -8908 7002 END
START 1892 3256 5008 -669 -5890 12383 END
START 4164 2668 5316 -1183 -2540 14824 END
START 3308 3244 5128 -1867 613 14734 END
START 3208 2380 3948 -2119 3197 15983 END
START 2372 1364 4552 -2649 5312 16455 END
START 2136 980 4092 -3329 7339 15767 END
START 568 460 4624 -5204 9806 13816 END
START 328 -272 3828 -4750 10880 13539 END
START -692 -1128 5292 -5808 11877 10906 END
START -864 -2444 5752 -7601 13484 7872 END
START -1744 -4304 6612 -8677 14642 5764 END
START -3960 -7932 8392 -9378 17012 4723 END
START -4972 -8124 8648 -9581 16832 884 END
START -4680 -11264 7780 -8008 18907 709 END
START -6228 -13944 10080 -4596 21132 733 END
START -8792 -15192 11816 -1388 20963 -2044 END
START -10764 -15104 12732 2272 19889 -4761 END
START -12320 -16420 15436 7098 19609 -6203 END
START -9952 -16688 15892 10711 18655 -8715 END
START -14996 -14652 19644 13126 16441 -13737 END
START -14744 -13268 20152 14238 15378 -17395 END
START -14708 -11100 20844 17598 14558 -16709 END
START -15240 -6600 22932 20784 12920 -14776 END
START -16820 -1644 24080 20376 13686 -14226 END
START -19784 4296 22968 23972 6781 -12168 END
START -18648 7680 24308 23149 5405 -6327 END