START -10708 12560 20584 3149 -12614 1859 END
START -10904 13716 20684 1146 -13147 2928 END
START -10572 13908 18604 -963 -15141 4309 END
START -9412 13912 17836 -1840 -16381 5584 END
START -8572 12968 16500 -4099 -16302 5165 END
START -7120 11492 14288 -5181 -16047 5228 END
START -5036 9768 12352 -6130 -15310 6245 END
START -3164 8200 10624 -6196 -13968 8334 END
START -1504 7272 9884 -6690 -12227 10778 END
START -284 6592 8600 -6823 -9693 13375 END
START -472 5808 8892 -6526 -5070 17498 END
START 272 3784 7564 -7699 -2388 19300 END
START -632 4956 4152 -5966 -1981 18398 END
START 676 3408 4492 -7195 141 17739 END
START 308 2580 3964 -7877 3421 16423 END
START 76 1508 3308 -6284 4023 16593 END
START 868 212 4656 -8061 5820 15109 END
START -180 -1160 4684 -10422 8015 12889 END
START -712 -3256 4084 -12770 9462 11774 END
START -1796 -4932 4396 -13662 10596 12032 END
START -2036 -7740 4700 -12544 13026 12809 END
START -3964 -8328 5808 -9217 14268 13579 END
START -4532 -8756 5436 -8083 15060 11692 END
START -4912 -9924 7268 -7399 15873 8843 END
START -6012 -11352 9672 -6601 16027 6271 END
START -7424 -13112 11916 -6847 16872 2978 END
START -8720 -15048 14264 -7121 19685 194 END
START -9856 -17708 13268 -3991 16743 -1268 END
START -10212 -19680 15604 2829 16891 1152 END
START -12076 -18380 16844 7203 16596 1445 END
START -12404 -16272 17712 7791 14268 -3442 END
START -14172 -14092 19944 7811 12748 -8112 END
START -13176 -12788 20356 8111 11313 -11076 END
START -10740 -12180 21720 9855 10132 -12299 END
START -12636 -9244 23460 10733 8408 -14475 END
START -13684 -6916 24680 10889 6948 -16227 END
START -14060 -5008 26536 10199 6415 -16396 END
START -16420 -592 26012 19991 4401 -8200 END
START -18360 5428 27948 16857 911 -9824 END
START -17256 8044 26740 13181 -1901 -12659 END
START -18064 10236 27664 12965 -4667 -10414 END
START -16300 12800 26892 10718 -7034 -10432 END
START -16620 14196 25172 5836 -9523 -12540 END
START -18660 13704 24044 2326 -12623 -14693 END
START -13368 13044 20844 6704 -14269 -8356 END
START -10096 13196 20016 4736 -15457 -7126 END
START -8376 12728 18656 -971 -15824 -8710 END
START -7440 11580 16256 -713 -17128 -7092 END
START -5944 10716 14304 -833 -17807 -5357 END
START -4488 9596 12608 -2403 -17162 -5011 END
START -3256 8204 11204 -2718 -16417 -3690 END
START -2044 6328 10728 -2314 -15208 -736 END
START -1320 4788 9932 -2403 -13004 2028 END
START -1076 3408 9044 -1182 -9891 6807 END
START 524 2924 8224 -1554 -8952 8564 END
START 588 2344 7212 -775 -6710 10333 END
START 828 2400 6628 -1695 -4304 10785 END
START 672 1812 6120 -2975 -2568 10564 END
START 764 1404 5496 -3405 -391 11143 END
START 388 552 5748 -3916 2073 11416 END
START 736 2492 2468 -2985 2366 12119 END
START 1560 -536 5084 -6063 5140 10646 END
START 312 -1344 6536 -6139 8969 10481 END
START -628 -3420 4980 -4782 10232 10165 END
START -1136 -4804 5924 -5798 11576 8281 END
START -1824 -6308 6176 -5950 12977 5934 END
START -1368 -8124 6780 -5733 14221 3680 END
START -3076 -9328 8228 -5197 14885 184 END
START -3832 -11548 9752 -3635 15996 -2481 END
START -5480 -13564 12444 -2098 17731 -5085 END
START -6192 -15408 12476 3647 18646 -6535 END
START -6296 -14104 16412 7590 19373 -7657 END
START -8416 -12972 17476 11912 19356 -12859 END
START -10852 -11256 18356 14136 18025 -16833 END
START -12316 -9052 21204 16183 16330 -19300 END
START -17488 -8068 21140 14482 18500 -18578 END
START -17596 -2360 22188 24031 12332 -11256 END
START -19724 1688 25152 20185 9998 -11129 END
START -19112 4672 23976 17813 8899 -10798 END