START -7712 8064 25844 3422 -5239 -4576 END
START -9192 9872 24612 4986 -6837 -3456 END
START -11324 12376 24516 3750 -8067 -3408 END
START -11092 13104 23588 3093 -8678 -2761 END
START -11208 13940 22072 2689 -9651 -595 END
START -10732 13860 20360 823 -10652 747 END
START -9352 13220 18876 -371 -12045 1999 END
START -8364 12760 17852 -2084 -12618 3449 END
START -7448 12184 16232 -2765 -12704 5052 END
START -6924 11532 14708 -3923 -12601 6168 END
START -5964 10344 12816 -4372 -11818 7717 END
START -4092 8700 10492 -3840 -10503 10619 END
START -3500 7064 9700 -3480 -8578 12726 END
START -2516 6148 7308 -3920 -6506 14411 END
START -2788 5608 6036 -3797 -5137 15673 END
START -1912 4504 4940 -4084 -4117 16495 END
START -1616 3224 4580 -6209 -2765 15930 END
START -792 1864 3880 -7372 -1643 15454 END
START -584 876 4112 -8554 282 14601 END
START -408 -340 4108 -9776 2444 13381 END
START -564 -1512 4052 -10704 4162 11865 END
START -784 -2996 3676 -11278 5850 10005 END
START 1384 -5792 4348 -10425 8265 9250 END
START -92 -6940 5068 -9084 10692 9232 END
START -568 -7652 5628 -6744 12614 10465 END
START -1560 -7896 5788 -6283 14689 9823 END
START -2540 -8512 7664 -6573 16140 8402 END
START -4084 -9676 9056 -6144 17451 6627 END
START -5780 -11084 10228 -5612 18376 4334 END
START -8120 -12488 11324 -4055 18196 1866 END
START -8736 -14068 12696 -1661 17635 -69 END
START -9368 -15152 15016 2158 17603 -54 END
START -10776 -14792 17316 5023 17123 -929 END
START -12328 -13540 19148 3671 15697 -6358 END
START -16932 -12548 23448 2841 16417 -11096 END
START -13508 -12424 22828 5848 12458 -12062 END
START -13104 -12176 24948 10030 10819 -10892 END
START -16160 -7828 28048 12246 8587 -11763 END
START -17460 -3748 27384 10288 6471 -16383 END
START -17216 -2780 26420 11362 4349 -15186 END
START -18148 560 29228 15815 1103 -9701 END
START -16952 5476 31036 12394 -2521 -12451 END
START -15796 7924 29260 14171 -5306 -10609 END
START -16324 10420 29448 13659 -7670 -8789 END
START -15732 12576 26968 10076 -8288 -9663 END
START -16732 13528 23788 6433 -11273 -11597 END
START -13100 15064 20596 5977 -16109 -10463 END
START -9804 12912 18336 -1664 -15875 -11611 END
START -8884 12208 19560 5713 -17487 -3384 END
START -6196 12868 16668 2411 -17018 -4200 END
START -5056 12180 13768 -102 -17163 -4193 END
START -3984 10932 13424 1458 -17618 -1592 END
START -2996 10464 12152 -62 -16117 -1337 END
START -1880 8960 10656 -1207 -13936 147 END
START -2016 8584 9428 950 -13525 3944 END
START -788 7884 8380 -6 -12060 5491 END
START -116 7060 8544 -912 -10336 6947 END
START -272 6396 8028 -838 -8657 8232 END
START 248 5072 7452 -316 -6336 10465 END
START 1212 4324 7372 -699 -4829 11956 END
START -992 4156 7964 -998 -2426 13227 END
START -344 3360 7464 -1610 -270 14122 END
START -1056 2724 7464 -2011 1309 14610 END
START -1376 2104 7156 -3166 2533 14159 END
START -2056 1084 7128 -4039 3613 13037 END
START -2076 36 6824 -5103 4450 11659 END
START -2004 -1264 6576 -6404 5511 10038 END
START -2116 -2720 7216 -7448 6412 8488 END
START -2948 -4256 7548 -8687 7686 6688 END
START -4156 -6460 8344 -9062 8595 4973 END
START -2944 -9672 8472 -7603 10654 5766 END
START -3052 -11256 9404 -6902 13620 3957 END
START -4260 -12696 10412 -4632 15187 749 END
START -4744 -14072 10100 -1183 16950 -2196 END
START -5552 -14900 11408 2228 18349 -5252 END
START -6932 -15332 13124 4122 18824 -9019 END
START -8064 -15008 13880 6223 19629 -12932 END
START -8868 -14024 15020 10133 19846 -15931 END
START -10244 -12604 15772 13334 20826 -19175 END
START -11484 -10560 17540 12767 17038 -22710 END
START -12140 -7436 19620 21001 15403 -14628 END