START -16228 -6360 16872 2013 10220 -4370 END
START -15052 -7480 17044 3083 7694 -6611 END
START -14896 -7232 17632 3164 5339 -9728 END
START -15048 -6920 18168 4274 3956 -11900 END
START -15080 -6580 18332 5681 3167 -12134 END
START -15476 -5348 17984 7797 2277 -10951 END
START -16064 -4024 18576 9393 101 -10423 END
START -15668 -1956 19192 10559 -2295 -10154 END
START -14464 -812 19464 10861 -3511 -10048 END
START -13248 648 20348 11659 -4900 -9874 END
START -12508 3096 20972 8184 -6540 -14244 END
START -10764 4288 20048 7159 -8709 -17703 END
START -9416 1928 20904 4594 -8204 -17490 END
START -10000 3200 22428 10732 -7785 -11506 END
START -10244 5392 21688 6328 -7361 -12352 END
START -11568 6572 19824 5740 -8899 -10128 END
START -12544 9132 18608 6686 -12504 -7534 END
START -12156 12068 18212 5005 -15676 -7958 END
START -10448 12876 17896 1443 -17510 -10837 END
START -7764 12172 17144 -101 -18763 -11976 END
START -5520 11020 17380 21 -17963 -8953 END
START -3284 8960 18400 -109 -13339 -3406 END
START -5400 8500 17164 1911 -10723 2951 END
START -4144 8984 16128 2755 -9619 8428 END
START -6700 10520 16088 898 -9061 8668 END
START -7464 11088 15468 -175 -9371 9283 END
START -7376 11924 12808 -713 -9973 9364 END
START -5920 10668 12492 -2035 -9520 9568 END
START -4172 9080 11388 -3800 -8787 10101 END
START -3404 6068 10812 -5163 -7081 11662 END
START -1384 6432 7668 -2167 -8301 15712 END
START -696 4840 9720 -6612 -6430 14367 END
START -772 4464 9180 -7372 -3147 14573 END
START 56 3332 6000 -4850 -1405 17682 END
START 48 2336 7784 -6521 -299 16738 END
START -392 1784 6632 -8891 1855 14291 END
START -996 148 5656 -10058 3942 12737 END
START -1252 -1164 5912 -9119 4803 12060 END
START -960 -2916 5832 -8497 6694 12146 END
START -1248 -4264 5284 -8751 8375 11758 END
START -1476 -5152 5876 -8065 9651 12571 END
START -1880 -6352 6964 -8245 11335 12575 END
START -2912 -6976 7744 -8179 13512 12120 END
START -3760 -7732 8252 -7211 15243 11383 END
START -5120 -8228 8340 -6832 16729 9317 END
START -3508 -8996 8888 -7498 20473 7402 END
START -7792 -9864 8704 -3974 19620 5450 END
START -10140 -11208 10588 -3948 21182 4112 END
START -12528 -12780 11712 -3637 19171 2273 END
START -13372 -14572 12632 -3037 16622 448 END
START -15320 -14956 14816 20 16017 -97 END
START -16308 -15484 14484 5343 14385 481 END
START -15844 -13852 16892 8025 12582 -2112 END
START -16468 -12248 18088 7907 9730 -6827 END
START -15264 -11456 19504 6047 7917 -10083 END
START -15452 -10392 20492 7493 6263 -10490 END
START -16648 -8076 21448 9414 5545 -9956 END
START -16496 -5896 21744 11060 4104 -10060 END
START -15216 -3736 22984 12423 1698 -10691 END
START -13976 -644 25160 14149 -713 -11175 END
START -12880 2340 26052 13425 -1924 -11812 END
START -13640 4860 26660 11411 -2330 -11706 END
START -14976 5480 24672 10134 -2217 -8994 END
START -17372 9236 23064 8416 -4799 -8695 END
START -16928 13520 21016 6622 -10070 -10576 END
START -11888 10888 18068 2395 -11692 -10289 END
START -12568 11156 22368 7310 -13646 -6981 END
START -9100 10708 20732 4026 -14667 -8956 END
START -8828 10720 19380 2488 -14968 -8188 END
START -7604 10528 18292 2683 -15770 -5894 END
START -6928 10288 16764 1080 -14882 -4963 END
START -6048 9320 14816 461 -14612 -3290 END
START -4600 8404 13508 1387 -15246 -823 END
START -3852 7916 13076 850 -15345 184 END
START -2432 6692 12588 186 -14584 1435 END
START -1552 5844 12272 -469 -13397 2717 END
START -628 4332 12552 -1007 -11806 4065 END
START 24 3240 11984 -1619 -9569 6168 END
START -204 2292 11640 -1058 -7368 8455 END
START -380 1972 10860 -262 -5849 9904 END
START -24 1924 10600 314 -3848 10922 END
START -504 1736 10080 339 -1924 11576 END
START -500 1992 8668 906 -1183 12566 END
START -1152 844 9320 -1406 496 12064 END
START -2184 1856 7620 -1536 1405 12999 END
START -1744 184 8252 -2389 2345 13849 END
START -2256 -324 8972 -3564 3285 12266 END
START -2688 -1328 8160 -4766 3998 10436 END
START -2632 -2544 8728 -6075 5106 8093 END
START -2912 -3508 8036 -5992 6477 6145 END
START -3136 -4792 7280 -6597 8366 4226 END
START -3756 -6348 6584 -5901 10581 3451 END
START -3764 -8436 6212 -4393 12551 3070 END
START -4996 -9804 7196 -2999 14084 1767 END
START -5868 -12120 7084 -1228 15527 -1154 END
START -5720 -14096 9536 2218 16390 -5111 END
START -7096 -13952 11532 7005 16934 -7792 END
START -8760 -13264 12696 8996 18131 -11575 END
START -9592 -13336 12920 13492 19608 -13764 END
START -7336 -12196 10036 16470 15631 -15974 END
START -10860 -6320 17228 23738 12728 -14539 END
START -12984 -2032 21060 20996 12977 -12693 END