START -9880 11424 22676 6621 -14183 -11558 END
START -7692 13664 22220 7161 -12508 -9300 END
START -10908 16360 21400 6687 -13881 -5147 END
START -10928 18156 19684 5308 -14335 -1604 END
START -10380 20204 19152 3179 -15270 535 END
START -8372 20224 17424 613 -16758 1022 END
START -6384 19428 16516 -1289 -17143 873 END
START -4384 18556 16168 -3377 -17166 9 END
START -3328 16620 13996 -5173 -16984 -187 END
START -1864 14720 12608 -6533 -15905 922 END
START -1068 12632 11100 -6136 -14397 4083 END
START -252 11580 9580 -5794 -13371 7887 END
START 656 10672 9008 -6309 -11461 10771 END
START 984 9964 7920 -6545 -9434 13302 END
START 1664 9192 7252 -7087 -7370 15296 END
START 1780 8068 6572 -7512 -5126 16025 END
START 1776 6684 5928 -8011 -2577 15908 END
START -1528 4640 5904 -5074 -394 18364 END
START 1960 2888 5896 -8585 1975 17046 END
START 256 1696 6312 -8776 3221 15734 END
START 108 -44 4812 -9264 4946 16286 END
START -728 -1032 5656 -9224 5840 16394 END
START -532 -2060 5740 -9065 7283 15738 END
START -800 -2636 5992 -8791 9121 14920 END
START -1448 -3460 6372 -8013 10378 13802 END
START -2024 -3728 6136 -7068 11662 12522 END
START -1808 -6052 8320 -7346 13566 10632 END
START -4224 -7084 9436 -4271 14845 10391 END
START -5416 -7868 8680 -3798 15645 8055 END
START -6364 -8560 9504 -4266 16001 5025 END
START -6832 -9220 9704 -2672 16249 3588 END
START -7588 -9648 10292 -1055 16770 2924 END
START -8072 -9480 11172 513 17074 2262 END
START -8708 -9500 12788 1890 17048 1301 END
START -9952 -9664 14104 2741 17760 -404 END
START -10840 -10804 14784 5648 18155 -450 END
START -12904 -11124 16324 7210 17676 -1969 END
START -14116 -11048 16784 8424 16346 -4421 END
START -16948 -9452 18904 9374 15748 -7696 END
START -16496 -7816 19532 11179 11281 -9793 END
START -15724 -5420 21984 11536 8975 -11725 END
START -15720 -3564 24332 12663 6747 -12844 END
START -16636 -1712 26304 10549 5391 -16288 END
START -15732 -76 25796 11251 4102 -15462 END
START -16328 2612 27036 12754 1137 -13159 END
START -15720 7412 28280 11799 -2632 -13140 END
START -16084 10248 29616 10741 -5300 -12927 END
START -16036 12752 29124 8506 -7682 -13657 END
START -15872 14076 28040 7542 -9655 -13268 END
START -14552 15108 25500 6588 -11810 -11378 END
START -12200 15504 24464 5804 -14130 -8459 END
START -11156 16184 23748 5547 -15850 -5694 END
START -9556 16848 22568 2541 -17749 -6466 END
START -8060 15468 20308 -389 -18878 -7485 END
START -7132 13372 18724 -1429 -19286 -6749 END
START -5912 11952 16540 -1530 -19781 -5005 END
START -4148 10720 14792 -784 -19591 -1426 END
START -2720 10200 13704 185 -19835 1203 END
START -1268 10136 12816 -383 -19344 2165 END
START -348 9824 12148 -1117 -18302 2794 END
START 404 9164 10960 -1708 -16862 4085 END
START 296 8896 10088 -2482 -15828 4068 END
START 360 8188 9000 -4213 -14594 3489 END
START 904 7260 7856 -4964 -12811 5039 END
START 780 6600 6680 -5020 -11269 7100 END
START 1492 5468 6312 -5330 -9371 8980 END
START 2004 4280 5784 -5621 -6704 11157 END
START 2344 3304 5360 -5236 -3986 13592 END
START 2624 2696 5036 -4505 -1450 15524 END
START 988 2216 5380 -2106 1852 17449 END
START 2284 1132 5600 -4870 2734 15079 END
START 2240 340 6052 -4007 4665 14740 END
START 1452 -232 6056 -4229 6328 13805 END
START 704 -1044 5928 -4713 8179 12362 END
START -60 -1756 5804 -4924 9984 11511 END
START -920 -2632 6236 -4549 11183 10649 END
START -1632 -3884 7148 -4966 12522 9411 END
START -3764 -6240 8120 -5269 14578 7916 END
START -4764 -7184 7816 -3147 13306 5053 END
START -3688 -9192 8432 -1974 14783 3977 END
START -4984 -10640 11344 -1192 15834 2348 END
START -5576 -11912 11284 -601 16586 -675 END
START -7028 -12972 12160 213 17024 -3017 END
START -8156 -13832 13080 2115 17630 -5259 END
START -8828 -14144 14300 5380 17782 -7276 END
START -9532 -14484 15936 8311 17091 -10022 END
START -9788 -13184 17788 11633 16763 -13202 END
START -10904 -12532 19584 16158 16571 -14860 END
START -13448 -11152 19468 18498 16258 -17964 END
START -16088 -7740 21308 19905 14479 -21259 END
START -19348 -2664 22356 20812 11600 -18086 END
START -21988 2972 24512 24553 3068 -13675 END
START -18480 7740 26928 21696 1408 -10002 END
START -19832 12060 25088 18483 2074 -11490 END