START -11656 13172 24860 2254 -11623 -2404 END
START -11328 13764 24516 152 -11382 240 END
START -10920 13680 23152 -217 -12541 2995 END
START -10372 13840 21072 -542 -13271 5032 END
START -10064 13344 18680 -2092 -13445 6023 END
START -8316 12236 16696 -1986 -14469 7318 END
START -6068 10812 15756 -2477 -15195 8052 END
START -4272 9488 14556 -3032 -14800 8947 END
START -3476 9412 13256 -2788 -14423 10587 END
START -2724 8328 12240 -3427 -12170 11822 END
START -2548 7912 9680 -3325 -10355 13710 END
START -2092 6496 8808 -3070 -8928 15758 END
START -1612 6100 6768 -4748 -6850 17213 END
START -1464 5428 5484 -6006 -5042 18452 END
START -1168 4976 3728 -7647 -2960 18716 END
START -1744 3932 2096 -8916 -800 17678 END
START -1956 2444 1080 -8980 1085 16019 END
START -1340 1208 812 -9030 2309 14260 END
START -1008 -424 1788 -9806 3964 12710 END
START -736 -2752 2380 -10963 6635 11886 END
START -1356 -4536 3232 -11926 9057 10874 END
START -1464 -6712 2948 -11905 11531 10331 END
START -1940 -8196 2172 -10672 14104 10980 END
START -2488 -11296 3152 -8603 15915 10887 END
START -3808 -12484 6180 -7249 17575 8294 END
START -4684 -13344 7940 -6314 17613 4266 END
START -5248 -14796 9544 -4880 18100 1297 END
START -5820 -16568 12768 -3366 18826 -1257 END
START -6776 -17960 14932 -2303 19937 -4002 END
START -8152 -19968 15424 353 21114 -5193 END
START -8568 -21672 15608 4136 21577 -4198 END
START -10364 -19968 18432 8877 20158 -4744 END
START -13668 -15232 20800 10618 17080 -9327 END
START -14320 -11888 23900 11343 13546 -13610 END
START -14228 -8496 27192 13525 10561 -15034 END
START -16948 -5752 30224 14193 9909 -16732 END
START -19668 -3028 29152 13381 8869 -18430 END
START -20976 492 29012 12928 4491 -19355 END
START -19000 6364 29228 15014 -3828 -18719 END
START -16004 8660 30960 14846 -9362 -17165 END
START -15440 12048 32767 18888 -8499 -7372 END
START -17228 15540 32767 11727 -8601 -13331 END
START -17716 15384 27528 10958 -10851 -11700 END
START -16896 15876 22728 10094 -14536 -7285 END
START -15192 15536 19928 7646 -15910 -4785 END
START -15120 17464 19324 170 -19381 -8909 END
START -8760 14684 12172 974 -21873 -7488 END
START -6092 13100 13544 408 -22172 -5142 END
START -2948 11164 12380 -1790 -21461 -5034 END
START -1520 9736 11020 -2929 -19869 -5000 END
START -1888 8912 9640 -3185 -19409 -4755 END
START 388 7504 7940 -5598 -16088 -2685 END
START -552 6068 8676 -4848 -14751 -2143 END
START 652 4096 8524 -1959 -12131 4251 END
START 616 1236 10020 867 -6768 11343 END
START -848 3116 6644 3872 -4396 16356 END
START 1392 2548 7476 4600 -3529 19950 END
START 412 4524 7872 3257 -1682 19565 END
START -992 4548 6900 2268 -827 18150 END
START -620 3768 6864 -346 912 16419 END
START -768 3628 6152 -1933 1274 14216 END
START -264 2076 6012 -4772 2498 12619 END
START -844 764 5672 -6140 3844 11061 END
START -624 -860 5416 -5943 3829 9955 END
START -448 -1864 6220 -6924 5497 7937 END
START -828 -3380 6032 -7020 7023 6125 END
START -804 -4412 6196 -6740 8327 4863 END
START -1464 -7536 7428 -6070 11824 5493 END
START -1604 -7376 7824 -5972 12277 3432 END
START -1472 -9092 8060 -5001 14445 3258 END
START -2320 -10908 8368 -5950 17121 1397 END
START -4212 -12320 9988 -4465 18124 -1892 END
START -5552 -13640 11024 -2493 18954 -5673 END
START -6408 -15248 12456 1249 19496 -9979 END
START -6552 -15476 15760 4826 18333 -13780 END
START -7204 -15300 19288 8250 16824 -16661 END
START -10052 -13140 22040 8883 17275 -19976 END
START -6544 -12548 22644 10235 19022 -19942 END
START -11112 -6792 22836 20025 15072 -14131 END
START -14892 -1464 28068 22221 9764 -13790 END
START -16952 1872 28624 19030 10787 -11032 END