START 364 3536 6324 773 19105 5531 END
START -1220 4820 6408 -1958 17039 4111 END
START -476 3944 6428 -4038 16936 3016 END
START -680 2672 8592 -7916 18122 1775 END
START -1368 304 9704 -10622 20233 1138 END
START -1816 -2756 11668 -12194 20106 772 END
START -2512 -4048 11592 -10443 20127 642 END
START -484 -4640 12668 -5967 20675 4809 END
START -3012 -2072 13840 -5368 22630 5523 END
START -5084 -872 14912 -3335 22797 5820 END
START -6620 -412 18064 -4031 21952 4946 END
START -5784 -1672 20576 -7839 20895 2234 END
START -6180 -4524 21904 -7190 18970 1202 END
START -11228 -3668 22588 -8711 17161 -1447 END
START -8532 -5644 24892 -4371 15427 1204 END
START -6824 -4440 24492 -1221 14748 3938 END
START -7804 -2624 24880 743 15045 4863 END
START -8396 -644 25796 -946 14037 4270 END
START -9668 -544 24980 -1793 12854 4552 END
START -9436 -432 25068 -2846 10313 4073 END
START -9236 304 25304 -4201 7861 2787 END
START -10376 224 25636 -5533 6627 2123 END
START -10308 -168 26076 -6570 5395 2092 END
START -11212 -1384 27008 -8583 3364 834 END
START -12140 -2928 26692 -9250 1219 208 END
START -12396 -4552 26764 -7854 -1165 688 END
START -12524 -5644 26380 -6862 -3406 361 END
START -11976 -6232 25756 -6021 -5744 -700 END
START -11120 -7044 25132 -5066 -8098 -2083 END
START -10124 -7596 24484 -3678 -9583 -3001 END
START -9460 -8308 23460 -2046 -10577 -3555 END
START -9388 -8688 21984 -480 -11634 -4367 END
START -9132 -9352 20312 1014 -12220 -5180 END
START -8628 -9820 18708 2536 -13056 -6090 END
START -7768 -10060 17064 4428 -13393 -6468 END
START -7040 -9800 15356 6469 -13624 -6519 END
START -6560 -8928 14364 8130 -13532 -6408 END
START -5896 -9064 13716 9119 -13406 -7059 END
START -5868 -8260 12604 9329 -12929 -7756 END
START -5284 -8020 11464 10686 -12362 -9225 END
START -4552 -7604 9640 11052 -11105 -10633 END
START -4316 -6196 7824 13270 -9838 -10194 END
START -5184 -4648 6892 14617 -8978 -10372 END
START -3752 -2880 5508 11366 -7798 -13697 END
START -3632 -1792 5444 13899 -6353 -12307 END
START -3500 -356 4680 12525 -4875 -12284 END
START -2488 960 5064 10940 -3352 -11025 END
START -1232 1380 4812 9135 -1920 -10683 END
START -824 2160 4636 7323 -801 -9924 END
START 212 2580 5620 5421 543 -9540 END
START 356 3464 6124 4268 1517 -9436 END
START 1004 4184 8068 2899 3303 -8968 END
START 1636 6264 7960 3084 5775 -7234 END
START 2128 7816 9216 3708 7359 -5604 END
START 916 8896 10980 3872 10142 -3980 END
START -76 8968 11372 4371 12803 -1500 END
START -628 9520 11856 4684 14148 1023 END
START -1028 9572 12576 3548 15118 1826 END
START -1668 9996 13568 2183 15764 2758 END
START -1216 9948 14944 2385 14783 6065 END
START -1792 12308 17560 2604 10667 6567 END
START -1128 12684 17796 2262 14033 11212 END
START -3848 13668 19360 -183 14721 10957 END
START -5684 11556 22176 -2523 14979 9324 END
START -3024 12200 22092 -7566 12268 8485 END
START -4472 9704 28968 -8312 8462 8781 END
START -4272 4020 28052 -8136 7724 10746 END
START -4068 1592 31212 -3063 3166 15386 END
START -7516 3500 29040 -4028 5955 17580 END
START -11924 2680 29424 -3053 4572 16277 END
START -12204 768 29196 -3492 2284 14012 END
START -11744 -2020 26260 -853 1192 15088 END
START -11740 -4008 24632 -1388 119 15040 END
START -11796 -4056 23360 -1787 -1782 13674 END
START -10668 -3748 21296 -819 -2971 12689 END
START -12520 -1972 19684 -1549 -3932 11150 END
START -10704 -2448 17400 -5018 -3419 3471 END
START -7828 -4368 14828 -7013 -3470 -99 END