START 1260 616 8932 -1257 13700 502 END
START 680 1120 10136 -335 12766 213 END
START 1576 984 9972 -1629 13866 -85 END
START 280 528 10264 -3852 15451 -224 END
START -892 624 9744 -4260 16785 1026 END
START -1572 564 9368 -4500 17435 2445 END
START -4516 804 8208 -4358 18716 3568 END
START -3892 -444 10336 -4291 18025 3500 END
START -4128 -652 13412 -5300 17701 2827 END
START -5752 -160 15136 -5755 17885 100 END
START -5288 -1224 16040 -4972 17567 -1572 END
START -4944 -1708 16716 -3800 17846 -1738 END
START -3920 -620 15740 -4472 18109 -1203 END
START -5744 -2172 18788 -918 19127 853 END
START -8440 -2064 18852 -2593 18405 142 END
START -8336 -2780 20196 -2181 15492 36 END
START -9852 -2184 20528 -227 14916 1650 END
START -9304 -1864 21572 1390 13914 661 END
START -8860 -684 22500 1089 13321 550 END
START -7920 56 22684 1156 13574 1053 END
START -8364 1032 22156 2121 12884 1951 END
START -9384 1460 23476 1072 10776 1673 END
START -9432 1360 23556 -721 9445 1168 END
START -9336 1080 23080 -1463 7791 241 END
START -9216 780 23044 -1310 6713 583 END
START -8688 836 22984 -1980 5410 -187 END
START -8032 1240 23024 -2514 4447 -693 END
START -7748 1228 22896 -2489 3885 -135 END
START -7876 1040 22320 -2295 3854 1179 END
START -8988 840 22368 -2055 3398 2618 END
START -10096 932 21644 -2144 2439 3381 END
START -10888 1456 21236 -2322 670 3087 END
START -11212 1352 21452 -3713 -1446 1219 END
START -10580 -12 21484 -5598 -3308 -880 END
START -9872 -1564 21760 -6208 -4849 -1394 END
START -9736 -3020 21968 -6085 -5759 -1035 END
START -9960 -3880 21568 -5216 -6445 -1012 END
START -10308 -5188 20972 -3972 -7346 -1340 END
START -10476 -5644 19800 -2235 -8225 -1520 END
START -10228 -5572 19412 -264 -9406 -1805 END
START -10024 -5408 18704 -246 -10169 -2904 END
START -9616 -6068 18048 424 -11126 -3965 END
START -8836 -6912 17268 746 -11889 -5102 END
START -8260 -7628 16428 1814 -12641 -5857 END
START -7764 -7996 15560 2729 -13066 -6875 END
START -6784 -7852 14060 4392 -12722 -7369 END
START -6104 -7420 13200 6299 -12696 -7402 END
START -5780 -6508 12216 7033 -12296 -8163 END
START -4860 -5668 11180 7427 -11378 -9201 END
START -5244 -4684 10132 7493 -11062 -9908 END
START -4260 -3380 9860 7839 -10373 -10835 END
START -3872 -2324 9180 5768 -9164 -13703 END
START -4068 -1264 8884 7888 -8696 -13849 END
START -2728 -684 8272 5851 -7764 -16779 END
START -1244 -664 7728 4279 -6465 -18426 END
START -1080 508 7316 5669 -5091 -17897 END
START 384 -460 8236 7076 -2334 -15339 END
START 292 532 7620 6349 163 -14164 END
START 28 1016 8180 7162 2316 -12349 END
START 1060 3788 6464 7139 4356 -7388 END
START 1336 5832 7040 8061 7383 -4488 END
START 1616 9304 8164 7640 9646 -2615 END
START 904 10420 8076 6017 11928 -1212 END
START 720 11932 8444 3909 12619 -459 END
START 1076 11744 10924 1918 14153 1451 END
START 304 11816 11012 778 13572 1591 END
START 1084 11612 13352 -526 16785 5306 END
START 180 14080 13504 -56 18531 10604 END
START -2104 16112 15916 -207 19612 13130 END
START -8004 14756 21828 145 19264 15378 END
START -10616 14096 19596 -2154 18228 14359 END
START -15320 10444 24904 -9624 15912 11281 END
START -15412 6156 25704 -9163 10641 13461 END
START -14828 4964 26656 -7691 9633 13997 END
START -15728 1948 26184 -10512 8281 15532 END
START -15240 -3248 28544 -8630 5228 16134 END