START 2476 3160 6452 2866 8012 3665 END
START 2248 4524 7664 2372 7441 5755 END
START 1648 4676 8608 -831 9563 5079 END
START 1052 3528 8612 -2086 10118 4424 END
START 916 2756 9068 -2292 9892 4177 END
START 1596 2508 9716 -1826 9870 4921 END
START 2032 2528 10288 -1523 10792 6163 END
START 2348 2920 9876 -419 12139 8438 END
START 2740 3388 10200 258 13940 10445 END
START 2632 3240 12388 118 15576 11559 END
START 1112 3236 13732 -2047 16256 11044 END
START -692 2492 13896 -4167 16815 9654 END
START -4600 444 15292 -5580 19920 7635 END
START -4892 -836 11624 -5846 16960 3227 END
START 216 -3076 10520 -4238 16030 3031 END
START -564 1912 9876 -2541 16952 8213 END
START 2240 -232 14848 815 19120 9714 END
START 1844 -704 18800 740 20240 12335 END
START -1948 -240 18000 -2167 21382 11914 END
START -3896 -740 18856 -3834 19914 8569 END
START -5344 -2324 18496 -6396 19801 3605 END
START -6212 -4236 17740 -6086 20176 -110 END
START -4392 -6828 17100 -3655 19489 215 END
START -2440 -7812 16884 4082 19109 8009 END
START -3724 -4540 23164 6123 18660 12213 END
START -5616 -3028 24336 3508 19523 11476 END
START -9592 -1472 26528 2014 18162 8425 END
START -9240 -756 26568 -3003 16752 350 END
START -10600 -2648 23080 -2620 15395 -2222 END
START -10292 -3396 23164 -2787 11907 -3829 END
START -9988 -3340 24360 -1242 9284 -1887 END
START -10176 -1756 26000 -1507 7299 -168 END
START -10868 -580 27196 -2795 6560 220 END
START -11648 -244 27288 -2956 5410 95 END
START -12128 -512 26928 -3189 4102 -444 END
START -12056 -1532 26436 -3278 2540 -976 END
START -11760 -2556 25928 -2877 279 -940 END
START -11324 -3056 25896 -2217 -1485 -889 END
START -10980 -3264 25668 -1418 -3228 -1068 END
START -10784 -3792 25396 -1059 -5259 -1906 END
START -10260 -3964 24480 -1022 -6810 -3181 END
START -9708 -4888 23448 -256 -8306 -3703 END
START -8824 -4900 21924 676 -9272 -3683 END
START -8304 -4936 20792 1910 -10232 -3443 END
START -7644 -4848 19588 2361 -11488 -3886 END
START -7336 -4572 18716 2084 -12501 -5055 END
START -6896 -5192 18388 1647 -13335 -6793 END
START -6012 -5992 17480 1545 -13576 -8180 END
START -5232 -7300 16540 3128 -13755 -8160 END
START -4984 -7680 15212 5987 -13338 -7165 END
START -4588 -6896 14016 6685 -12782 -7572 END
START -4424 -5680 12772 8048 -12878 -8509 END
START -4312 -4804 12544 8079 -13127 -9678 END
START -4868 -3628 11600 7037 -12233 -11135 END
START -3800 -2824 10296 5114 -11765 -14271 END
START -2524 -3856 10140 6327 -10485 -14251 END
START -2032 -3384 8852 7068 -8484 -13869 END
START -1788 -3116 8392 8550 -6982 -13200 END
START -1248 -2020 7572 8795 -4704 -12900 END
START -504 -824 6916 9931 -2677 -12018 END
START 20 -44 7040 9860 -475 -10984 END
START -384 1232 6512 8853 1495 -10172 END
START -640 2428 5444 8579 2641 -8047 END
START -640 4324 6036 7549 3723 -6527 END
START -1036 5876 6284 5915 5159 -5572 END
START -1640 7568 6424 3913 6667 -4701 END
START -1564 8300 6668 1859 7370 -4821 END
START -1060 8444 6988 14 8088 -5412 END
START 32 8632 8044 -1097 9033 -5833 END
START 796 8716 8772 -1279 10618 -4903 END
START 1204 8996 10632 -925 12799 -2661 END
START 656 9360 11744 -977 15155 -46 END
START -472 9664 12620 -1313 16756 2456 END
START -1708 10468 13444 -1576 17567 4789 END
START -1952 12108 14540 -1572 17262 6857 END
START -2460 13332 16868 -2123 16706 7828 END
START -4004 13776 20820 -4236 15976 7737 END
START -7084 13996 22316 -8912 15872 8550 END
START -6964 13644 24012 -11428 13362 10667 END
START -8720 7256 32767 -5262 5752 9721 END
START -7812 1240 30116 -3675 10981 13917 END
START -15028 2072 32767 -7240 5722 11038 END
START -14764 -756 32767 -6325 2722 8953 END
START -14576 -3696 32767 -1418 -2143 10083 END
START -13568 -5292 32767 54 -5215 9600 END
START -13836 -6264 32756 2468 -8057 10572 END
START -12084 -5648 29252 3986 -10095 10145 END
START -10496 -4984 24068 3030 -10923 5496 END
START -6920 -3324 20644 5238 -10451 2183 END
START -5820 404 17440 6894 -7511 3829 END
START -5080 556 16800 3492 2732 5800 END
START -10524 2920 8140 -4093 -760 -2445 END
START -7844 -2528 7048 -4651 -5626 -5957 END