START 3064 632 10940 -323 4636 1543 END
START 2176 944 11800 890 4400 2227 END
START 3336 1008 12380 -168 6465 1821 END
START 2272 396 12260 -1168 6125 1004 END
START 2664 -176 12112 -1367 6656 1155 END
START 1952 -456 11696 -1770 7390 1248 END
START 1992 -524 10984 -1600 7781 1467 END
START 1848 -724 10320 -1645 8351 1846 END
START 1736 -996 10616 -1394 9230 2560 END
START 1368 728 9840 -1451 9321 2204 END
START 2204 560 12244 -1866 9879 1779 END
START 2868 1204 11792 -1298 10875 2291 END
START 2584 1796 12592 -2585 12188 1715 END
START 2408 1352 13896 -2342 13756 2922 END
START 1500 1000 12900 -2619 15299 3595 END
START -20 540 13228 -3281 15992 3665 END
START -1268 -496 14052 -3916 16802 3713 END
START -3072 -652 13240 -4579 16070 4482 END
START -28 -1392 15804 -3436 18130 4185 END
START -1444 -1800 18920 -330 16729 5405 END
START -2356 -360 16828 -643 17191 4323 END
START -2712 136 18668 -88 16809 4206 END
START -3244 600 19080 -1143 17375 3937 END
START -4012 -208 19800 -2912 17374 3032 END
START -5208 -1404 19972 -4123 16634 2532 END
START -5668 -2488 20668 -4053 15827 2969 END
START -6108 -2664 20924 -3090 14827 3127 END
START -5596 -2836 21712 -1754 14577 3372 END
START -5908 -1836 21256 1228 13371 4977 END
START -7104 300 23028 -804 11990 4139 END
START -8344 572 23992 -4140 10709 1800 END
START -8628 -828 25104 -5596 9354 1196 END
START -9168 -1632 24648 -4796 8052 1429 END
START -10516 -2424 25440 -5398 6412 848 END
START -10308 -3160 26424 -3153 4762 2136 END
START -10644 -3264 26760 -2528 2630 2234 END
START -10876 -3364 27812 -2792 605 1561 END
START -12360 -3768 27952 -2653 -1679 574 END
START -10420 -5084 27040 -2353 -3527 289 END
START -11284 -5240 25912 -2564 -5455 -1210 END
START -10752 -6052 24612 -2005 -7471 -2727 END
START -9708 -6928 23092 -858 -8831 -2997 END
START -8804 -7268 22268 542 -10157 -3031 END
START -8288 -7248 21172 1499 -11076 -3483 END
START -7996 -7904 20540 2132 -12051 -4408 END
START -7788 -8080 19952 2893 -12329 -5427 END
START -6808 -8604 17876 4915 -12163 -5241 END
START -6116 -8108 16552 7111 -12481 -4993 END
START -6544 -6832 15232 7068 -12147 -6330 END
START -5348 -6168 13912 8791 -13129 -6642 END
START -4824 -5048 12548 6975 -12668 -8924 END
START -4144 -4804 12780 7882 -13012 -9560 END
START -3036 -4524 11184 7635 -11842 -10472 END
START -2040 -4520 10548 9058 -10610 -10093 END
START -1792 -3124 9028 9501 -8654 -9971 END
START -876 -1996 8324 10744 -7564 -8935 END
START -388 -1052 8196 10142 -5944 -8530 END
START 32 20 7152 9864 -4360 -7677 END
START -4 1180 7184 9255 -3293 -7517 END
START -64 2348 6748 8493 -2079 -7396 END
START -580 3656 6684 6837 -950 -7911 END
START 84 3828 6548 5267 464 -8311 END
START 268 3868 6060 4684 1615 -8458 END
START 828 4300 5736 3310 3110 -8956 END
START 1164 4780 5680 2973 3972 -9264 END
START 1804 4972 6436 1965 5606 -9190 END
START 2108 5784 6008 1357 7472 -7552 END
START 2112 6796 6692 2119 9132 -5415 END
START 1952 7720 7992 2444 11397 -3244 END
START 1524 8748 8828 1730 13806 -944 END
START 948 9756 10104 1865 15105 1562 END
START -32 10456 10756 1175 16097 2867 END
START -524 11212 11856 -429 16877 3571 END
START -1176 11984 13068 -856 16487 5028 END
START -2844 14092 15996 -525 15846 6597 END
START -4904 15672 19616 -3411 14901 5855 END
START -6372 15808 23736 -8501 13594 4474 END
START -5200 16356 25388 -12927 11623 4610 END
START -5048 9432 30296 -13765 11719 7822 END
START -8784 4784 32767 -1675 8479 11809 END
START -8464 5832 31928 -2035 7645 13663 END
START -15484 7500 32767 -4372 -155 10529 END
START -22320 5752 32767 -13284 -843 -613 END
START -13184 -2000 32767 -12634 -6627 2296 END
START -11472 -4460 30720 -5982 -11897 8189 END
START -11704 -6144 28112 -7134 -13212 6060 END
START -7912 -7836 24000 -5956 -14704 3926 END
START -6696 -8220 20844 -1892 -13746 4990 END
START -4864 -7552 19524 242 -11700 5875 END
START -4600 -7232 16484 3707 -6007 11317 END
START -7676 -5076 12820 3502 -5719 8541 END
START -5404 -6604 8452 2637 -2894 5862 END
START -4892 -5864 7308 2641 -2553 5518 END
START -5220 -6188 6172 2014 -1919 4346 END