START 2848 576 10016 300 6846 -136 END
START 2532 1324 9800 526 7987 1917 END
START -948 2316 11008 252 12187 3504 END
START -524 2720 8856 -1659 10410 2472 END
START 1508 2316 7640 -2228 9783 2486 END
START 764 2432 7556 -3295 10560 1230 END
START 1332 2052 6316 -2879 11093 1022 END
START 2060 2236 6556 -2449 12028 1806 END
START 2012 2908 7536 -2921 13758 2188 END
START 2184 3020 9344 -3627 15477 2671 END
START 1092 2948 10952 -5537 16797 2489 END
START 348 2112 11548 -7822 18239 2271 END
START -504 1064 11372 -9148 19417 1281 END
START -1836 -448 10260 -7173 19706 1754 END
START -1684 136 10676 -5627 20663 2631 END
START -1528 288 12468 -4325 20542 4403 END
START -1988 -408 18216 -3660 21262 5778 END
START -4180 -392 20432 -4923 21568 5378 END
START -5032 -1928 20272 -6793 20973 3610 END
START -5880 -1928 21056 -6573 18720 2785 END
START -6196 -1504 20352 -6436 18222 2580 END
START -5192 -1964 22676 -3137 16773 2743 END
START -6516 -1420 24156 -4726 15864 1089 END
START -6796 -3144 26640 -4927 13798 859 END
START -9236 -3208 27444 -5606 13560 329 END
START -9176 -4352 26716 -4423 12842 1505 END
START -9296 -4012 25896 -1373 11686 3237 END
START -9924 -2004 25632 -1229 10311 3225 END
START -9876 -492 25132 -409 8433 3422 END
START -10272 156 25784 -1405 6840 2906 END
START -10520 -432 25444 -3220 5376 1923 END
START -10724 -1668 24956 -4400 3385 1091 END
START -10436 -2636 24180 -4545 1476 1136 END
START -9936 -3060 23952 -3910 -317 1506 END
START -9340 -3416 23944 -3770 -1851 927 END
START -8968 -3964 23952 -3650 -3206 -54 END
START -8520 -4880 23600 -3112 -4430 -650 END
START -8312 -5852 23052 -2562 -5405 -1180 END
START -8196 -6544 22368 -1618 -6387 -1628 END
START -8192 -6740 21332 -428 -7617 -2287 END
START -7624 -6968 20880 344 -8624 -2826 END
START -7384 -7224 19856 1129 -9466 -3611 END
START -6792 -7348 19400 2665 -10507 -4049 END
START -6476 -7428 18836 3356 -10841 -4788 END
START -6244 -7508 17980 4648 -10974 -5335 END
START -6072 -6836 16940 5936 -11115 -6116 END
START -5692 -6380 15508 7256 -11119 -6205 END
START -4944 -5784 14072 8133 -10739 -6625 END
START -4308 -5164 13652 7890 -10508 -7653 END
START -3644 -4700 12672 7628 -10241 -8340 END
START -3744 -4148 11756 7787 -9529 -8719 END
START -4040 -3544 12392 6996 -9009 -10355 END
START -2920 -3720 9708 7211 -8155 -11516 END
START -2552 -2748 9940 7512 -6536 -12099 END
START -1596 -2224 9116 7759 -4987 -13338 END
START -568 -1628 8996 7688 -2920 -14003 END
START -428 -1380 8396 7187 -675 -13340 END
START -496 -500 7680 7003 1005 -11355 END
START -504 208 7344 6939 2680 -9113 END
START -616 1700 7464 6465 4329 -6920 END
START -1320 3952 6784 5448 5042 -5520 END
START -1508 5644 7728 4711 5262 -5128 END
START -1636 7164 8564 1787 6283 -5897 END
START -1688 7524 9104 -102 7475 -5919 END
START -1628 7160 9900 -1704 8907 -5125 END
START -2348 6304 10272 -3396 10316 -3613 END
START -2052 5936 10684 -2533 12057 -793 END
START -3036 5940 10336 -3066 12808 2646 END
START -3404 6860 12956 -2078 13964 6100 END
START -4668 8884 13584 -1619 14375 7573 END
START -5024 9272 15812 -3212 14677 7991 END
START -5768 9120 17752 -6072 14248 6726 END
START -5988 8364 18620 -7865 13628 6148 END
START -8388 8428 19892 -10840 6375 2040 END
START -3668 8148 22400 -12945 10889 5437 END
START -4084 5204 22476 -2396 8315 10964 END
START -7480 4820 27564 -10426 9598 9504 END
START -9276 2864 27384 -7973 8169 9707 END
START -12668 1320 29332 -8565 5513 10349 END
START -11456 -1504 28640 -5617 5231 11920 END
START -12188 -2596 27696 -3509 2647 10553 END
START -12584 -3344 27172 -1819 -967 10482 END
START -12200 -3836 26748 -939 -2874 10037 END
START -12020 -5024 25628 -693 -4940 9499 END
START -11936 -6164 24868 -626 -7634 7733 END
START -11240 -7284 22540 -527 -9715 6154 END
START -11848 -7512 21084 -242 -11243 5612 END
START -10412 -7360 18000 2113 -12708 5940 END
START -9576 -5720 16312 2204 -13592 3948 END
START -7048 -5652 13684 434 -11974 618 END
START -5452 -2908 11040 2549 -10581 -1929 END
START -508 -4440 13908 1911 -10103 -4180 END
START -348 -5352 12784 1259 -2429 -4730 END