START 5384 -1036 8108 -1164 1774 1302 END
START 4988 -1008 9216 734 2379 2377 END
START 5212 -392 9148 19 4377 1630 END
START 4848 -1048 8416 -370 5884 990 END
START 4704 -1108 8716 -78 6921 1034 END
START 4284 -1104 8996 -52 8198 1275 END
START 3592 -884 8464 -281 9177 1322 END
START 3244 -452 8248 -79 9925 1350 END
START 3072 -336 8204 31 10712 1137 END
START 3292 96 8684 71 11250 1492 END
START 3180 868 9020 -222 11761 1480 END
START 2948 1052 10216 -494 11815 1003 END
START 3100 908 11684 -1216 12914 570 END
START 2344 368 12308 -1563 13989 228 END
START 2108 704 12708 -1459 14693 260 END
START 792 -488 13224 -1491 15625 -622 END
START 656 -540 12584 -1084 16897 -741 END
START 784 -44 11488 319 17469 65 END
START 504 1712 12468 24 17804 -277 END
START 1100 1944 13904 1917 17694 1285 END
START -52 4104 13972 1295 18496 4461 END
START 748 2980 18028 491 19292 5090 END
START -1020 3020 19348 -1613 21104 4412 END
START -3360 1892 17336 -2879 21209 3380 END
START -4500 1568 16628 -2872 20013 1786 END
START -4776 1624 16712 -2949 19192 552 END
START -4484 1880 17660 -2469 18077 513 END
START -4744 1988 19768 -3189 17185 554 END
START -10164 2380 22780 -4926 18073 -419 END
START -6684 900 21476 -6312 17743 -59 END
START -6596 312 21992 -5871 17313 960 END
START -7608 -884 21824 -3201 17056 3058 END
START -8604 560 21732 -1483 16280 4431 END
START -9932 980 22944 -3458 13030 2874 END
START -11044 356 25684 -4667 11279 2406 END
START -9636 -324 25588 -3763 9612 1857 END
START -11340 -600 25740 -2473 7462 1430 END
START -11292 -952 25872 -3918 6253 564 END
START -11672 -1068 26864 -3918 4165 763 END
START -10736 -2100 27880 -3548 2198 1061 END
START -10656 -2924 27716 -3131 885 1069 END
START -10916 -4072 27388 -1996 -973 1001 END
START -11144 -4172 27176 -856 -2959 510 END
START -11248 -4356 26404 -444 -4686 -836 END
START -10940 -4180 24664 491 -6760 -1751 END
START -10208 -4088 23408 1214 -8210 -2209 END
START -9464 -4344 21708 2140 -9247 -2019 END
START -8848 -4216 20564 3131 -10336 -1763 END
START -8276 -3928 19792 3653 -11669 -2047 END
START -7528 -3668 19320 3731 -12437 -2742 END
START -7200 -3584 18616 3884 -12670 -4148 END
START -6352 -3524 17076 3784 -12653 -5402 END
START -5476 -3600 16040 4915 -12786 -5969 END
START -5104 -3984 15564 6220 -12905 -6191 END
START -5064 -3972 15040 6710 -12147 -6151 END
START -4832 -2816 13216 6361 -12589 -7470 END
START -3464 -2716 11332 6504 -11901 -8025 END
START -3368 -1768 10776 7093 -11323 -7622 END
START -2736 -760 9544 5858 -10834 -8821 END
START -2036 -424 9252 4892 -9667 -9707 END
START -1512 -140 8320 4166 -8413 -9981 END
START -992 100 7644 4187 -7063 -10057 END
START -308 -48 7692 4376 -5074 -9751 END
START -80 280 7364 4506 -2705 -9339 END
START 456 688 7172 4787 -350 -8942 END
START 608 996 7068 5266 1800 -8400 END
START 88 1744 7360 4693 4253 -7876 END
START 16 2232 7044 4246 6363 -7127 END
START -324 3024 6964 2599 7875 -6708 END
START -1032 3412 6376 1573 8495 -5947 END
START -1336 4332 7288 1272 8643 -4297 END
START -1484 5744 8340 368 9589 -2877 END
START -1852 7232 9116 -473 11098 -1759 END
START -2360 8576 10320 -1698 12317 -979 END
START -2180 9144 11092 -3162 13057 -545 END
START -1836 9736 12420 -3810 13324 618 END
START -1796 9984 14740 -4482 13409 2558 END
START -2268 10420 16996 -4693 13914 5100 END
START -3932 10968 19860 -4546 14546 7585 END
START -5672 11628 21360 -4902 14639 9031 END
START -9032 13332 20416 -9115 12834 10853 END
START -7540 10604 28952 -2771 6732 9339 END
START -7728 8876 30588 -5428 8145 10915 END
START -9572 6088 31384 -6145 4625 9797 END
START -11208 4460 32767 -6664 2088 10133 END
START -12296 1136 31840 -7137 351 8646 END
START -11456 -2900 31320 -5897 -2969 8011 END
START -11048 -5204 29112 -3339 -4299 9129 END
START -9668 -6408 26264 849 -5413 11888 END
START -8164 -6148 23988 3901 -5514 13738 END
START -8188 -5028 22188 5173 -5950 12903 END
START -8592 -2632 21188 3948 -7392 9269 END
START -8952 -2096 18712 3109 -8731 5730 END
START -7956 -1708 15868 -1146 -7095 1660 END
START -7708 -2444 12316 -1913 -5548 -2469 END
START -7560 -3908 9800 -4011 -6265 -5119 END