START 2572 536 8632 1891 6067 1300 END
START 2320 1476 8668 2659 7900 2774 END
START 1768 1668 8548 1351 9480 2980 END
START 696 1680 8336 210 10178 2571 END
START 40 2416 8424 -371 10185 1969 END
START -528 2404 8756 -1844 10837 658 END
START -188 2368 9104 -2279 11455 431 END
START -480 2644 10108 -3321 11630 -112 END
START 328 2804 10424 -4230 12459 -191 END
START 152 3056 10756 -4905 13985 790 END
START -1016 3472 12588 -6759 14927 113 END
START -932 1512 13268 -6495 16055 1204 END
START -2392 684 13928 -8376 16230 784 END
START -4076 -8 14992 -6828 17476 2421 END
START -4348 -1204 14784 -6399 17072 2722 END
START -6184 60 16732 -5886 16024 2352 END
START -4644 120 17232 -3694 15377 3213 END
START -4988 1144 19356 -4530 15411 2254 END
START -5844 592 21164 -7316 13829 -506 END
START -6824 -1468 22420 -8442 14933 -764 END
START -7520 -2324 21792 -8025 13906 314 END
START -7620 -3936 22476 -4697 12803 1324 END
START -8756 -2184 22184 -3766 11472 302 END
START -7444 -1756 23088 -2644 10554 1183 END
START -7132 -252 24300 -2679 10131 1756 END
START -8256 -276 24936 -3139 9974 1885 END
START -9020 -708 24532 -3271 9512 2260 END
START -10680 -812 24464 -3071 8238 3148 END
START -11152 -1252 24228 -3431 6515 3422 END
START -11728 -1100 24824 -3735 3944 2885 END
START -11744 -1536 25144 -4560 1229 1608 END
START -11472 -2124 25588 -4492 -1105 6 END
START -10876 -3012 25444 -3566 -2744 -1084 END
START -10160 -4052 24864 -2352 -4134 -1497 END
START -9888 -5068 24148 -1736 -5627 -1829 END
START -9664 -5648 23024 -954 -7246 -2364 END
START -8896 -6204 21272 790 -8230 -1690 END
START -8728 -6032 19732 2443 -9234 -1673 END
START -8304 -5952 18728 2913 -10661 -3226 END
START -7168 -5780 17448 3103 -11646 -4951 END
START -6292 -6060 16208 3619 -11848 -6265 END
START -5648 -6516 15036 5101 -11543 -6951 END
START -5432 -6168 13628 7531 -11069 -7650 END
START -4980 -5300 12888 9131 -10242 -8877 END
START -3952 -4844 11828 9948 -9671 -9840 END
START -3064 -4208 10792 10413 -8927 -10346 END
START -2260 -3088 9996 9837 -6903 -10714 END
START -2676 -1756 9192 9629 -4679 -11255 END
START -2264 -436 7780 9234 -2085 -11542 END
START -2068 756 7524 10219 -581 -10526 END
START -2140 1668 7560 9316 939 -10982 END
START -1160 2192 7128 8567 2478 -10933 END
START -1100 2468 7408 6281 3970 -10502 END
START -1312 3008 7712 4701 5412 -9162 END
START -1792 3788 7560 3568 6589 -6359 END
START -2700 5844 8856 2940 7741 -2311 END
START -3516 9260 9576 4097 8740 1590 END
START -4308 11380 10948 3140 9604 2997 END
START -4508 12104 12156 114 10612 2760 END
START -4852 11620 13456 -3535 11418 2667 END
START -5088 10440 14500 -5909 11574 3861 END
START -5592 11084 15316 -6811 5493 2557 END
START -4428 9560 18392 -5835 10091 7968 END
START -7936 10104 22640 -7160 8716 7868 END
START -4288 5676 25380 -7613 11284 12684 END
START -7984 7012 24828 1420 7466 16594 END
START -9784 6220 22984 -7892 5381 10383 END
START -12900 2516 26100 -11258 2659 8947 END
START -8652 -1748 27716 -12371 -1126 6183 END
START -12272 -6816 28128 -13737 -1897 3778 END
START -10144 -10424 28544 -4047 -5485 7202 END
START -10948 -10232 25740 455 -7205 6774 END
START -10956 -9460 24628 5294 -9976 6657 END
START -9964 -8080 22812 6282 -12698 4064 END
START -6396 -6980 19532 4337 -11874 1212 END
START -6336 -6436 15220 6752 -6533 4390 END
START -2996 -4672 15432 4583 -7830 -2445 END
START -3400 -4092 14272 3760 -2731 -4374 END