START 476 3180 11596 -499 11457 -1661 END
START 16 2848 11712 320 11725 -1874 END
START -580 2372 12232 -2013 11803 -2665 END
START 112 1132 12448 -4007 12310 -3690 END
START -1000 932 12040 -3551 12620 -2699 END
START -604 1844 12052 -3585 12629 -2014 END
START -132 2756 13680 -1979 13197 -397 END
START 148 3316 14036 -1809 14684 13 END
START -560 3664 15488 -2954 15436 134 END
START -1460 3196 16280 -4712 16067 -44 END
START -2164 2328 16388 -5851 16878 241 END
START -4004 1316 16108 -6739 17234 -481 END
START -2728 -752 14716 -5210 17020 963 END
START -3956 836 16532 -4264 16943 2377 END
START -4084 2660 15856 -1893 15984 3105 END
START -3748 3560 20088 -2726 14536 2729 END
START -5776 3344 21440 -6112 13761 988 END
START -4692 1224 22728 -9576 15069 -279 END
START -5476 996 21804 -9209 14157 -5 END
START -6580 -1004 21620 -6625 14667 689 END
START -7928 -364 19568 -4921 14335 1517 END
START -8428 176 19900 -3392 12239 2420 END
START -8044 948 20020 -3988 11300 2747 END
START -8028 700 21748 -4724 9627 2527 END
START -7784 572 22092 -6000 8793 1492 END
START -7812 -520 22652 -6161 8123 1149 END
START -7620 -1604 22700 -5501 7561 1247 END
START -7868 -2244 22400 -4575 7058 1549 END
START -8168 -2476 22000 -3443 6268 2290 END
START -7112 -2236 21912 -3204 4782 1841 END
START -8488 -1136 21864 -2486 3293 2509 END
START -8240 -816 21892 -2614 2013 1720 END
START -7960 -1200 22352 -3038 703 980 END
START -8064 -2048 22388 -3530 -357 419 END
START -8168 -3172 22748 -3381 -1522 202 END
START -8460 -4112 22424 -3022 -2123 -260 END
START -8856 -4948 21580 -1689 -3000 -474 END
START -9112 -4732 20980 56 -4430 -714 END
START -9420 -4160 20580 1008 -5484 -1436 END
START -9128 -4000 20336 1531 -6522 -2081 END
START -8712 -4160 19940 2061 -7700 -2558 END
START -8244 -4728 19380 2415 -8615 -3208 END
START -7804 -5268 18768 3170 -9421 -3908 END
START -7104 -5536 17976 4327 -9673 -4207 END
START -6404 -5548 16656 5933 -9979 -3949 END
START -5812 -5128 15788 7529 -9992 -3703 END
START -5148 -4312 14728 8462 -9707 -4214 END
START -4552 -3772 14144 8515 -9587 -5141 END
START -4336 -3080 12956 8163 -9392 -6171 END
START -3980 -2204 12380 7775 -9584 -7382 END
START -3364 -1740 11452 7077 -9448 -8704 END
START -3396 -1284 11264 5258 -8700 -10130 END
START -2600 -1528 10224 5991 -8113 -9836 END
START -2096 -768 10588 5488 -6728 -9793 END
START -1544 -544 9944 5191 -5108 -9631 END
START -1180 36 10368 5152 -3461 -9331 END
START -728 252 10348 5361 -1673 -8668 END
START -828 1364 10564 4444 809 -8145 END
START -1324 1528 9652 4087 2869 -7810 END
START -1788 2028 9408 3650 4539 -7264 END
START -2372 2492 8788 2317 6118 -6516 END
START -3108 3460 8428 1457 6732 -5285 END
START -3176 4800 9096 622 6752 -3760 END
START -3072 6000 10004 -646 7368 -2708 END
START -3224 7136 11280 -1718 8671 -1662 END
START -3312 7716 12300 -2480 10125 -478 END
START -3604 7972 13616 -3169 11372 1091 END
START -4060 7924 14656 -3644 12432 3068 END
START -4560 7892 15572 -3405 12800 4964 END
START -4588 7892 17216 -2638 13117 6835 END
START -5340 8568 18824 -2173 13276 8382 END
START -6688 9216 20004 -2682 13478 9621 END
START -8332 7868 21412 -3495 15028 12283 END
START -7540 9420 20760 -2192 10785 12657 END
START -9740 8804 23996 -7377 8367 10469 END
START -10856 3652 24196 -9762 5904 8881 END
START -10696 592 23600 -11485 2222 10672 END
START -11024 -2212 27648 -8591 2512 11979 END
START -10736 -4080 25840 -4368 476 10633 END
START -11400 -4256 26096 -1307 -2144 9127 END
START -11072 -3988 24072 -1392 -4044 7229 END
START -10484 -4324 22784 -1281 -5298 6907 END
START -8452 -4460 21520 -1950 -4033 5450 END
START -8480 -5712 20236 -1086 -3276 5663 END
START -8520 -6956 18148 -1280 -2110 4717 END