START 6096 -880 9456 -2373 1915 -954 END
START 5292 -880 9500 246 2347 1425 END
START 5348 -856 10260 320 4257 1635 END
START 5252 -456 10008 227 6000 2023 END
START 4700 -488 9792 897 6519 2175 END
START 5008 448 10164 647 6670 2089 END
START 4800 648 10752 37 7036 1256 END
START 4940 1084 10676 -1129 7747 647 END
START 4316 1224 10432 -1591 8681 373 END
START 3820 1476 10596 -1900 9529 683 END
START 3676 720 11656 -1740 10329 1428 END
START 2864 520 11964 -2190 11190 1924 END
START 2080 280 11800 -2707 12169 1685 END
START 1960 460 11984 -2099 12731 1924 END
START 1916 1096 11976 -1015 13218 2227 END
START 1848 2124 12084 -380 14355 2286 END
START 1516 3340 12300 -94 15579 2809 END
START 988 4128 12756 -631 16084 2992 END
START 536 3452 13612 -2101 17177 3041 END
START -672 2440 14832 -3591 16212 2440 END
START 444 1604 11312 -4895 17186 4614 END
START 236 248 17856 -4108 16667 2439 END
START 548 -1184 16816 -1572 17327 4246 END
START 28 192 15504 212 18968 5181 END
START -700 2244 16340 464 18997 5493 END
START -1620 2664 18420 -135 18681 5457 END
START -1620 2560 19500 -3085 17456 3287 END
START -5188 856 20224 -4411 17295 3349 END
START -5860 -424 20352 -6004 16014 858 END
START -5680 -2408 20364 -6495 14642 -613 END
START -5456 -2320 20552 -4782 13080 -17 END
START -4736 -1968 21636 -1084 12946 1704 END
START -5520 936 21672 -287 13630 2523 END
START -7220 1108 22428 37 13005 3235 END
START -8096 716 24732 -1275 13262 3581 END
START -10532 -216 24460 -4550 11454 1133 END
START -9196 -2304 23256 -3696 9842 1182 END
START -9416 -3044 22728 -2926 8203 853 END
START -9376 -2632 22068 -1662 5536 80 END
START -7780 -2532 22292 -642 5357 949 END
START -7604 -1412 22424 -376 4836 1398 END
START -7484 -416 22796 -961 4734 1427 END
START -7996 -332 23168 -1221 4227 2124 END
START -8724 -104 22568 -1783 3891 2090 END
START -9468 -928 22392 -2260 2208 1835 END
START -9516 -1732 22756 -2977 543 1107 END
START -9420 -2180 22616 -2718 -1099 446 END
START -9148 -2300 23108 -1958 -2817 -147 END
START -8520 -2396 23384 -1517 -3922 -590 END
START -8548 -2344 23304 -1296 -4834 -717 END
START -8616 -2548 22724 -963 -5767 -921 END
START -8584 -2520 22020 -935 -6455 -1242 END
START -8280 -2932 20540 -125 -7164 -1164 END
START -7960 -3448 20484 511 -8627 -1233 END
START -7652 -4124 20588 311 -9754 -2089 END
START -7280 -4728 20428 323 -10471 -2969 END
START -6976 -5520 19632 1258 -10869 -3546 END
START -6244 -5908 18608 2838 -10883 -3852 END
START -5912 -5588 17420 4394 -10874 -3634 END
START -5608 -5076 16576 5593 -11256 -3614 END
START -5072 -4532 15384 5866 -11433 -4228 END
START -4660 -4296 14808 5628 -11755 -5155 END
START -4080 -4268 13948 5557 -11687 -6192 END
START -3288 -3792 12912 5788 -11561 -6952 END
START -3916 -3512 12468 4362 -11220 -9522 END
START -2816 -3344 10696 5561 -10446 -9683 END
START -2712 -2752 9696 5870 -9454 -10150 END
START -2048 -2356 8936 5463 -8253 -10754 END
START -1792 -1280 8232 5342 -6903 -10908 END
START -856 -604 7668 5814 -5336 -10257 END
START -368 192 7380 5175 -3653 -10498 END
START 204 656 7188 4872 -2022 -10667 END
START 568 936 7472 4621 344 -10123 END
START 972 1012 7280 4569 2882 -9181 END
START 872 1408 6612 3730 5016 -8614 END
START 732 1716 6456 3757 6515 -7347 END
START 344 2712 6192 3575 7745 -5377 END
START -296 4480 6556 2969 9052 -3157 END
START -1360 6296 7284 2417 9898 -1860 END
START -1740 7680 8460 898 10699 -1866 END
START -2084 8336 10072 -370 11179 -2137 END
START -2036 8260 12008 -2232 11747 -2306 END
START -2268 7688 13412 -3430 12802 -2120 END
START -2868 7404 14392 -4500 13617 -547 END
START -3948 7684 14640 -4836 13894 2563 END
START -4544 8680 16072 -3962 13166 6133 END
START -5044 10388 19304 -4215 11688 8051 END
START -5372 10944 23120 -5425 10376 8362 END
START -6088 10132 26376 -6075 10390 7596 END
START -8616 8280 23524 -5599 10913 6744 END
START -6856 7100 30852 -5237 11127 8710 END
START -6828 6416 26608 -4537 10107 10084 END
START -7348 4952 27340 -4449 6542 11487 END
START -7296 2876 27016 -2981 4984 15264 END
START -8752 2612 29116 -3632 3512 16165 END
START -10076 1956 29684 -1800 645 15378 END
START -10764 1292 29404 -2639 -1290 12365 END
START -10084 -1656 27724 -2830 -2790 11732 END
START -9816 -2704 26904 -1102 -5172 12483 END
START -8964 -4172 24664 -444 -6337 10852 END
START -8616 -5012 23916 -14 -7047 9248 END
START -8724 -5332 21412 2141 -7822 9503 END
START -9264 -4788 19276 2383 -8750 8617 END
START -8176 -2772 16804 1339 -9465 5475 END
START -9432 -3336 14140 -159 -8183 4150 END
START -9340 -1472 13196 -3261 -8484 -898 END
START -6220 -3608 10844 -4885 -10355 -4050 END