START 6080 -1864 8120 -2942 -250 -771 END
START 6296 -1424 7720 -419 1129 1377 END
START 5828 -1068 7820 -185 3440 1787 END
START 5372 -1000 7148 -274 5184 1473 END
START 4632 -812 6876 555 5857 1587 END
START 4652 -240 7060 913 6770 1835 END
START 4764 -4 7028 979 8277 1976 END
START 4848 256 6788 1033 9537 2363 END
START 4252 420 7032 557 10374 2706 END
START 4156 852 7712 -27 10496 2786 END
START 3944 924 8664 -1055 10587 2650 END
START 3664 876 9284 -1771 11729 1947 END
START 3008 580 9144 -1921 13088 1014 END
START 2464 120 9272 -1604 14339 265 END
START 2004 -216 9252 -1003 15603 7 END
START 1944 -160 9376 227 17073 726 END
START 1908 328 10472 1012 17952 1616 END
START 988 740 11572 348 18992 2177 END
START 708 1612 12360 217 18620 2249 END
START 1768 1752 14164 -1534 19523 3701 END
START -912 2668 15000 -4063 19892 1859 END
START -1536 2424 11720 -3919 19036 4570 END
START 1780 -516 14520 -3519 20466 3577 END
START -676 -740 18720 -2487 20845 4429 END
START -2604 -296 17752 -1290 20627 3551 END
START -3236 288 20140 -2256 19777 2134 END
START -4060 -60 22724 -3548 19490 1655 END
START -4636 -788 22684 -4377 18974 1040 END
START -6640 -1268 22300 -4112 19254 410 END
START -8252 -1260 21960 -3844 18884 -64 END
START -7988 -1472 22684 -2531 17309 1653 END
START -9172 -2424 24500 -336 14805 3067 END
START -10088 -1464 24888 -1946 14004 1993 END
START -10580 -1052 25304 -1522 10897 785 END
START -10024 -1064 26736 -1589 9763 1137 END
START -9824 -1308 27084 -1144 8764 1366 END
START -10408 -1420 27756 -1290 7041 1193 END
START -10688 -2120 27932 -1148 5158 1239 END
START -10796 -3020 28352 -545 2829 1388 END
START -10568 -3208 28244 -17 857 1137 END
START -10752 -2996 27768 615 -900 365 END
START -10772 -2564 27384 1268 -2950 -761 END
START -10336 -2696 26832 1046 -4845 -1891 END
START -10120 -3236 25820 1052 -6631 -2110 END
START -9452 -3728 24896 1473 -8136 -1989 END
START -8900 -3864 23340 2077 -9024 -1685 END
START -8692 -3496 21808 2898 -10457 -1729 END
START -8100 -3096 20308 3177 -11479 -2432 END
START -7144 -2760 19032 3799 -12303 -3017 END
START -6188 -2448 18000 3686 -12909 -3952 END
START -5544 -3264 17376 3557 -13137 -4992 END
START -5196 -4216 16560 3965 -12935 -5279 END
START -4952 -4432 14928 5114 -12687 -5170 END
START -4948 -3200 12804 6226 -13282 -5834 END
START -4132 -3028 11864 5238 -13328 -8380 END
START -2892 -3388 10560 5922 -12573 -9141 END
START -2456 -2516 9516 6588 -11555 -9882 END
START -2012 -1912 9228 7006 -10323 -10462 END
START -1880 -1440 8736 6664 -8311 -10929 END
START -1300 -1004 8324 7394 -6743 -11312 END
START -388 -592 7840 7321 -4638 -11533 END
START 152 -408 7296 7588 -2332 -10672 END
START 632 68 6800 7350 -241 -9319 END
START 780 100 6060 6912 1387 -8247 END
START 664 648 6692 6419 2657 -7133 END
START 492 1852 6564 5519 4120 -6465 END
START 132 3076 6908 4554 5599 -5607 END
START -204 4216 7364 3699 6840 -5123 END
START -372 6004 7952 2895 8290 -4969 END
START -496 7288 8576 1418 9886 -5080 END
START -408 7912 8964 -126 11309 -4608 END
START -336 8452 9780 -2026 12703 -3718 END
START -436 8828 11064 -3167 13517 -1629 END
START -768 10116 12160 -4204 14564 1132 END
START -1676 10644 14060 -5040 14669 3361 END
START -2248 10724 15516 -5187 15273 4261 END
START -3352 11164 17992 -6429 14929 4299 END
START -2832 11592 21092 -6967 12469 3648 END
START -4096 10556 23844 -6279 13927 6972 END
START -5112 13532 21436 -8785 10140 10920 END
START -6308 7252 32767 -5086 11463 13981 END
START -9332 5248 28696 -494 9770 17394 END
START -11508 5016 32068 -6172 5826 13736 END
START -12156 2440 30360 -6940 1604 9766 END
START -12512 480 29832 -3555 -235 11044 END
START -12004 -472 29272 -2224 -2470 11246 END
START -11708 -2272 28956 -2246 -3992 9969 END
START -10380 -4684 27736 -431 -5715 10950 END
START -10620 -5476 25176 50 -7544 10386 END
START -9408 -5720 21732 125 -9458 7363 END
START -8316 -4768 19468 1301 -11464 4847 END
START -7240 -3176 18136 3305 -12157 5198 END
START -7772 -104 16636 3356 -9465 6268 END
START -5596 236 13596 -158 -6641 1720 END
START -5600 -512 12548 -4210 -5683 -3980 END
START -4384 -3920 7872 -4755 -6271 -5239 END