START 768 2280 9512 -1836 10091 1218 END
START 1456 1356 10208 -2861 10905 1666 END
START 64 836 10568 -3569 12620 1940 END
START 376 896 10676 -2891 12140 2601 END
START 168 1688 11480 -2568 12640 2908 END
START -824 3148 13608 -4364 13048 1119 END
START 1168 1968 14592 -3814 12918 1617 END
START -392 1136 15824 -5554 13332 1174 END
START -640 -2848 17396 -6140 16089 1476 END
START -3844 -1636 17572 -7229 14355 1338 END
START -3556 -2568 16788 -2482 15242 4091 END
START -3540 -1228 16232 -2814 15620 3887 END
START -3464 -328 15804 -2698 15276 2750 END
START -3496 24 18440 -2302 14146 3266 END
START -3104 408 20812 -3899 13990 2216 END
START -3364 -660 21760 -6085 13949 903 END
START -5168 -1596 21836 -7156 14853 91 END
START -5728 -2228 21224 -6126 14419 220 END
START -5236 -2596 20976 -5343 14307 625 END
START -4984 -2292 20764 -1339 13780 2929 END
START -6324 140 21620 -1945 13321 1849 END
START -6276 108 21228 -2482 11956 1724 END
START -5820 700 23600 -3750 10597 2172 END
START -6684 -600 24756 -5111 11428 1367 END
START -8500 -1508 25228 -6007 9652 1246 END
START -9796 -1664 25344 -4506 8560 1762 END
START -10048 -1748 24916 -3195 6719 1318 END
START -9852 -1060 25636 -2644 4487 785 END
START -9676 -720 26204 -2727 2575 106 END
START -9408 -756 27088 -2593 722 104 END
START -9840 -1260 27864 -2764 -613 -58 END
START -10796 -2032 27440 -2656 -2001 -534 END
START -11360 -2988 26396 -2011 -4079 -1147 END
START -11328 -3608 24948 -1303 -6169 -1972 END
START -10316 -4008 23396 -372 -8313 -2544 END
START -9384 -4232 22024 522 -9841 -2152 END
START -8448 -5036 21556 1318 -11341 -2087 END
START -7736 -5624 21040 1049 -12227 -3335 END
START -7104 -6396 19920 1578 -13170 -4730 END
START -6496 -7472 19020 2427 -13597 -5890 END
START -6324 -7564 17628 4094 -13368 -6149 END
START -5576 -7536 16288 6865 -13245 -5595 END
START -5132 -6740 15388 8257 -13308 -6158 END
START -4104 -6060 14660 7933 -13223 -7373 END
START -3004 -6044 13772 8319 -12486 -7784 END
START -3628 -4688 13764 6323 -12365 -10165 END
START -2648 -4708 11724 7502 -11946 -11360 END
START -1896 -4556 12160 7306 -10929 -12293 END
START -1976 -4208 10660 8200 -9232 -12767 END
START -1508 -3332 10024 8124 -7338 -12795 END
START -1276 -2692 8916 9073 -5681 -11775 END
START -1608 -1044 8768 9587 -4217 -11062 END
START -1128 -4 8452 9343 -2391 -10038 END
START -1436 1560 7532 9695 -1602 -8645 END
START -1364 2852 8172 8636 -1150 -8297 END
START -1252 4212 7848 6423 -691 -9509 END
START -1652 4752 8432 3594 391 -11071 END
START -1272 4828 8428 748 2374 -12073 END
START -1404 5136 7296 -111 3428 -11812 END
START -1404 4816 7140 -1024 4920 -10750 END
START -784 4820 7816 -575 6474 -8133 END
START -672 5364 8036 255 7614 -4920 END
START -776 6564 9428 867 8894 -2915 END
START -220 6724 10632 -401 10634 -1413 END
START -756 7248 10312 -1467 12308 -105 END
START -1008 7460 11208 -1618 12917 1581 END
START -2932 8396 12644 -4666 12105 -370 END
START -2172 8468 12440 -4341 15382 2771 END
START -2900 8736 14844 -4541 14781 3876 END
START -3544 9748 17156 -5698 13183 2856 END
START -3784 9500 18492 -7842 11907 1839 END
START -3004 9768 20560 -8412 14314 3363 END
START -3824 4648 23912 -8467 15840 4751 END
START -5840 2432 26868 -8062 15761 8886 END
START -7332 2324 24236 -4877 11230 11792 END
START -9004 5852 26384 -3257 9847 14161 END
START -10392 5968 26144 -4675 8970 16402 END
START -10796 4836 32608 -5034 5156 14525 END
START -9464 1836 30192 -5070 4683 11402 END
START -11228 -1260 30932 -4181 1647 9612 END
START -11736 -3344 29408 -3944 -633 7775 END
START -11708 -5484 27436 -1536 -3737 7216 END
START -11376 -5776 24232 1401 -6565 8035 END
START -10416 -5460 21540 2251 -8873 7891 END
START -8512 -3272 19696 1527 -8070 7198 END
START -7532 -2684 19044 -77 -4712 2599 END
START -7856 -3696 15312 -3219 -2088 -923 END
START -7956 -5168 12860 -2890 -1353 -2082 END