START 1104 -516 10408 -1569 7503 1585 END
START 2024 484 10840 -2398 8964 2387 END
START 1144 1084 11128 -3128 10699 2503 END
START 404 1356 10016 -3946 10380 2865 END
START 288 1268 10308 -3871 10435 4285 END
START -120 2128 10508 -5319 11641 4824 END
START -236 2532 10092 -6185 12848 5211 END
START -680 2220 10200 -6652 14194 5419 END
START -252 1824 10660 -7193 15151 4716 END
START 472 896 12484 -7608 16027 4097 END
START 2604 -1508 13560 -7789 17734 4433 END
START -1764 -1492 15092 -6456 18252 4245 END
START -2176 -2156 14364 -6542 17197 2655 END
START 604 -3400 16044 -7153 17635 770 END
START -1608 -3396 15816 -6745 18394 207 END
START -2768 -4088 16716 -6403 18281 421 END
START -3464 -5080 18024 -6470 17357 1399 END
START -4976 -5064 20080 -7194 16779 2506 END
START -8772 -5592 20240 -4837 16779 3658 END
START -8616 -2780 21156 -2762 14717 5651 END
START -6460 -2684 19688 -2665 15078 4162 END
START -6732 -1572 20736 -2731 15429 3035 END
START -7724 -2616 20776 -1399 14918 3224 END
START -7604 -3728 22432 -1537 14753 3160 END
START -9436 -3380 22272 -70 13257 4632 END
START -9788 -2800 22584 961 10699 4729 END
START -10768 -2484 23524 254 8565 3160 END
START -9924 -2508 23692 -1022 6455 505 END
START -7612 -3204 23704 -2797 4713 -1609 END
START -7556 -3268 22848 -679 5215 230 END
START -7576 -3240 22680 366 5063 1597 END
START -8084 -2736 22340 869 4784 2898 END
START -9240 -1216 22048 1285 4091 4419 END
START -10556 -156 22024 294 2550 4014 END
START -11204 -264 22120 -2227 788 1258 END
START -11040 -1640 22112 -3935 -1501 -1564 END
START -10536 -3816 22504 -5053 -3777 -3106 END
START -10272 -5688 22768 -4980 -5633 -3578 END
START -10264 -6544 23032 -3601 -7187 -3577 END
START -10724 -6312 22740 -2093 -7895 -3380 END
START -10572 -6780 22128 -416 -9022 -3662 END
START -10660 -7396 21920 308 -10167 -5024 END
START -10460 -8220 20892 1424 -11110 -5789 END
START -10140 -8840 20368 3420 -12477 -5768 END
START -9708 -9184 18952 4315 -13394 -6120 END
START -9552 -8536 17388 6311 -14448 -6095 END
START -8580 -7688 15608 7649 -15115 -6630 END
START -7800 -6648 14308 8011 -15704 -8340 END
START -6908 -6028 13068 8511 -16252 -9538 END
START -6388 -5748 12000 8882 -15988 -10663 END
START -5616 -4692 11852 8303 -16127 -12803 END
START -4052 -4324 9004 9539 -15377 -13291 END
START -3436 -2792 8420 9830 -14779 -14175 END
START -2564 -1108 7004 8281 -14656 -15797 END
START -2060 492 5964 6456 -14480 -19875 END
START 72 644 6196 5603 -13016 -21146 END
START 7688 -1420 6220 5500 -6678 -15430 END
START 1528 600 5796 8637 -2503 -9849 END
START 3480 -332 6992 10186 1830 -6677 END
START 4316 1712 6472 7572 7266 -2686 END
START 2740 3072 6040 11687 8655 -1064 END
START 1216 5788 7480 9996 9742 -717 END
START 2176 7328 7396 7302 12504 -30 END
START 1168 6600 6216 8409 12935 -1185 END
START 748 6640 9000 4725 12964 -1860 END
START -268 7760 8444 1025 11932 -4159 END
START 816 6048 9172 -78 13942 -3611 END
START -2936 7576 10600 -784 14578 -2506 END
START -4176 8288 11584 -2000 13574 -2654 END
START -2460 7588 13080 -3314 13657 -1116 END
START -2988 8728 14068 -4448 12978 57 END
START -1336 8792 17264 -6700 15255 1329 END
START -3540 9268 17400 -8286 16230 4590 END
START -6520 8000 19612 -8801 15882 5658 END
START -8944 7724 15484 -8634 17290 9764 END
START -7992 9004 23392 -3924 13605 12483 END
START -7928 9652 24876 -4698 11844 11735 END
START -10904 9108 28780 -8869 6652 7711 END
START -7864 5856 30280 -8404 7122 9253 END
START -12092 4856 30336 -10763 7499 9992 END
START -13060 864 31956 -6441 3660 13073 END
START -12064 -896 30708 -4708 1586 12259 END
START -12584 -2944 29412 -4151 -2005 11305 END
START -11948 -4600 27584 -3771 -5095 9516 END
START -11856 -4612 24036 -3125 -8822 9188 END
START -11412 -4372 23976 -4035 -10819 8346 END
START -10500 -8084 21084 -4172 -13396 6010 END
START -9900 -10892 19452 -5661 -11030 4011 END
START -11748 -10744 14816 -3718 -10693 3038 END
START -9740 -6128 12808 -281 -14165 662 END
START -7472 -4924 12160 1171 -13148 -2818 END
START -5100 -7004 12228 -15 -9972 -5037 END