START 1344 -740 10460 -2841 3174 2062 END
START 1364 -196 11648 -1942 3950 3820 END
START 1808 640 11388 -2379 4822 4273 END
START 1868 1128 11212 -2584 5380 4610 END
START 2356 1640 11140 -2797 6114 4679 END
START 2160 1496 11364 -3645 6678 4124 END
START 1860 900 11236 -4961 7519 3246 END
START 1816 -256 11008 -5493 8248 2771 END
START 784 -880 11240 -5451 9368 2327 END
START 1364 -1836 11604 -4916 9663 2326 END
START 2364 -2076 10460 -3645 10427 2840 END
START 1884 -2096 9724 -3165 12525 3166 END
START 884 -1592 10688 -1825 14197 4883 END
START -176 -1608 11156 -1770 15173 5505 END
START -1412 -1896 11536 -2286 15755 5416 END
START -1264 -200 11356 -2145 14946 6195 END
START 312 -1152 13192 -1465 15384 4997 END
START 144 -840 15872 2320 16183 7501 END
START -1116 844 14776 -509 18625 5544 END
START -2180 432 15732 -1332 18510 3952 END
START -3928 -860 18084 -3310 18037 2433 END
START -5344 -1940 17828 -5289 18148 1213 END
START -6548 -2968 18572 -4125 16141 101 END
START -4608 -3668 20128 -3451 14630 -335 END
START -4216 -2280 21056 -2059 15403 800 END
START -4384 -596 20908 -948 15438 1949 END
START -4652 388 21100 -1083 15920 2294 END
START -5680 -1440 23848 -4329 15245 1906 END
START -5820 -3400 24808 -2536 14418 3473 END
START -7540 -2680 24420 -2651 13060 643 END
START -11780 -2988 23260 -3398 11262 -1539 END
START -7252 -3824 25508 1375 8862 990 END
START -7124 -1800 25584 1292 8709 1898 END
START -7396 -320 26700 92 7105 1434 END
START -8164 124 26128 -942 6356 1206 END
START -9108 -12 26508 -1545 4706 983 END
START -9896 -1124 26624 -3226 3390 -572 END
START -10308 -2356 25496 -3697 1165 -1274 END
START -10500 -3104 24932 -3249 -1190 -2189 END
START -10280 -3692 24056 -1991 -2927 -3064 END
START -9480 -3904 23872 -341 -4888 -2758 END
START -9160 -3920 22880 -231 -5668 -2701 END
START -8904 -4408 21660 745 -6933 -1980 END
START -8320 -4192 20436 1883 -7835 -1192 END
START -7784 -3924 19768 2701 -8573 -922 END
START -7412 -3872 18616 2541 -9146 -1945 END
START -7000 -3720 17388 2879 -10166 -3250 END
START -5740 -4016 16108 2564 -10576 -5146 END
START -4548 -4680 14716 3819 -10670 -5864 END
START -4560 -4780 14644 4279 -10599 -7464 END
START -3640 -4772 13544 5131 -9762 -8857 END
START -2816 -5168 12816 7020 -8739 -9263 END
START -2428 -4668 11820 8174 -7550 -9174 END
START -2368 -4044 11464 8825 -6335 -9325 END
START -1976 -3124 10132 8331 -4749 -10225 END
START -1820 -1880 10176 8839 -3208 -10273 END
START -1972 -792 9968 8238 -1291 -11408 END
START -2184 -216 9304 8016 456 -12909 END
START -1880 872 9012 8071 1864 -13405 END
START -1804 764 8876 7383 3284 -13016 END
START -2036 248 8176 5320 4520 -12011 END
START -2412 836 8368 4487 5469 -9891 END
START -2720 2420 8608 4712 6100 -6558 END
START -3396 5220 9608 5696 6747 -2563 END
START -3396 8448 11084 5337 7641 -263 END
START -3204 10708 12576 4029 8530 522 END
START -2272 11836 13932 2412 9147 619 END
START -2468 13008 14780 706 6099 -2032 END
START -928 11324 15604 -2502 12097 991 END
START -1760 10076 16844 -4976 14247 2138 END
START -4420 10716 16764 -5551 12065 4599 END
START -2112 8892 18820 -5077 13831 9883 END
START -3944 10100 20600 -3391 10823 14221 END
START -5648 9576 24852 -3244 11839 18678 END
START -5500 6156 24788 4553 11760 26129 END
START -12616 9844 25968 -4399 6264 17236 END
START -12612 4600 23892 -13876 3485 3629 END
START -11700 -1624 22744 -18242 -1132 135 END
START -8664 -4968 20352 -9942 -1932 7973 END
START -11196 -6228 19448 -3500 6062 16857 END
START -13232 -3248 21256 -3728 -1211 9443 END
START -12444 -5836 21548 -2535 -509 3824 END