START 4924 -1848 8276 -2054 7045 534 END
START 4176 -788 9816 381 7218 1981 END
START 4368 108 10188 -54 8082 1323 END
START 4104 -228 10196 -1881 9775 -7 END
START 3724 -576 10008 -2216 10670 -306 END
START 3008 -696 9516 -2422 11669 64 END
START 2892 -368 8836 -1756 12494 980 END
START 2416 152 8972 -907 13574 1828 END
START 2576 1136 9820 -402 13448 1608 END
START 3024 1728 12124 -1353 14362 2176 END
START 2064 1576 13644 -2939 15332 2247 END
START 1996 748 14100 -3583 16313 2561 END
START 48 856 14632 -5156 17072 1038 END
START -740 -3416 15940 -3624 19245 2620 END
START -2572 -1432 12596 -1119 18115 1797 END
START -656 -1680 13504 -589 18409 3893 END
START -676 568 15016 -991 19903 4362 END
START -1712 816 17308 -724 18449 3740 END
START -2684 200 19620 -2431 17686 2849 END
START -6392 -544 20672 -4861 19839 1281 END
START -6692 -2272 19412 -5147 18342 21 END
START -4768 -3460 18400 -3948 16430 -138 END
START -5172 -2172 19232 -3171 15756 -412 END
START -4096 -820 20088 -674 14858 955 END
START -5440 772 21980 -1018 14409 564 END
START -8592 896 23384 -2896 14069 -256 END
START -8284 -348 24904 -1130 13764 1737 END
START -9304 -1364 23036 -2924 13472 257 END
START -10188 -2616 23828 -2341 11783 -392 END
START -8204 -2576 23360 430 9300 1704 END
START -8384 -1236 23040 1840 8096 2324 END
START -8180 420 23392 2286 7256 2792 END
START -8076 1344 23668 1976 6145 2998 END
START -7952 1616 24312 317 5056 2320 END
START -8164 1488 24204 -1710 4667 1453 END
START -8064 692 23664 -2441 3389 1217 END
START -8196 56 23828 -2996 1948 851 END
START -8176 -880 24000 -3879 508 367 END
START -8608 -1892 24256 -4086 -1218 25 END
START -9156 -2776 24372 -3657 -2679 -377 END
START -9128 -3472 24340 -2829 -4055 -769 END
START -9268 -3776 23988 -2149 -5658 -1677 END
START -8848 -3964 23460 -1604 -6840 -2489 END
START -8092 -4524 22388 -523 -7823 -2472 END
START -7624 -4680 21368 563 -8719 -2332 END
START -7100 -5224 21124 1289 -9555 -3179 END
START -7532 -5812 20460 1318 -10412 -4687 END
START -6848 -6504 19064 2419 -10638 -5549 END
START -6372 -6852 17824 3963 -10972 -5913 END
START -6060 -6396 16468 5747 -10996 -5356 END
START -5840 -5388 15248 7316 -10752 -4577 END
START -5444 -3968 13664 8125 -11109 -4904 END
START -3964 -2744 13216 7047 -11791 -6198 END
START -3900 -2408 12888 4266 -11983 -8895 END
START -2984 -2716 11884 4045 -11485 -9272 END
START -2692 -2452 11164 3587 -10473 -10218 END
START -1900 -2772 10216 3222 -8726 -11367 END
START -1304 -2160 9680 4294 -7360 -10945 END
START -1036 -1436 9212 5284 -5436 -10461 END
START -408 -596 9320 5923 -3228 -9699 END
START 204 392 8740 5750 -883 -9377 END
START 56 968 8364 5952 630 -8636 END
START -384 1972 8280 5473 2139 -8150 END
START -280 2588 8000 4717 3997 -7631 END
START -252 3008 7832 4010 5364 -7385 END
START -452 3260 7336 2621 6613 -7027 END
START -436 3156 7332 1864 7623 -6320 END
START -624 3840 7424 1049 8298 -5267 END
START -780 4620 8164 813 8918 -3845 END
START -632 5740 9216 3 9830 -2532 END
START -908 6784 10536 -497 10582 -1743 END
START -1336 7796 11460 -1403 12057 -1067 END
START -2328 8456 12168 -2502 13816 -335 END
START -3120 8624 12720 -2688 15291 815 END
START -3384 8412 13916 -2825 15458 2458 END
START -3112 8392 15088 -2668 15130 5318 END
START -3772 9096 19476 -2929 14976 7221 END
START -4292 10368 20936 -3421 13973 9329 END
START -3060 15852 19380 -6816 10195 12304 END
START -8212 10636 25700 736 8475 11684 END
START -8556 9200 25836 -6318 10885 9304 END
START -11880 5968 27564 -7674 7620 8394 END
START -10492 3280 29080 -5197 5580 11302 END
START -12044 2024 30016 -5964 3643 12149 END
START -12592 376 30588 -5738 694 10832 END
START -12816 -1504 30284 -4753 -2646 10972 END
START -12732 -3852 29760 -4174 -5373 10043 END
START -11344 -6864 28244 -2944 -6514 10045 END
START -10540 -9304 26200 958 -7594 11587 END
START -10168 -9240 23704 4009 -8432 11207 END
START -10560 -7188 20664 4923 -10517 8261 END
START -10384 -5404 17896 4853 -13818 4674 END
START -8944 -4400 15772 4345 -15503 2147 END
START -7464 -2996 14080 1066 -15012 -1420 END
START -6636 -2460 10836 -1389 -13100 -4478 END
START -3608 -2368 9796 -3838 -9285 -7342 END
START -3148 -3728 6112 -2605 -8711 -7351 END
START -12 -5788 7084 1218 -9116 -6053 END