START 2944 -1856 8312 1902 3594 250 END
START 3672 -1360 9300 1688 4939 860 END
START 4100 -1004 9388 100 6553 539 END
START 4364 -1436 9240 243 7293 1142 END
START 4264 -1308 9580 603 8244 2201 END
START 3552 -992 9372 745 9457 2981 END
START 3088 -752 9252 770 10618 3086 END
START 2416 -660 9312 735 11337 2861 END
START 5868 104 9000 103 13090 3082 END
START 1696 -12 9792 253 13014 2480 END
START 2488 -124 9276 831 12758 2405 END
START 2244 168 9924 -182 14177 1799 END
START 2000 860 10100 -508 15758 2575 END
START 1936 1116 10768 -796 16623 3605 END
START 936 1248 11476 -1274 17707 4746 END
START -1356 1280 13228 -2570 17757 4324 END
START -3092 1040 9012 -2119 18382 6686 END
START 1212 -1012 16328 -3856 18489 4083 END
START -1676 -2344 17276 19 18574 5378 END
START -1648 -1936 15460 886 18445 4706 END
START -1292 -296 16460 917 18191 4525 END
START -932 740 17660 180 19024 4884 END
START -1404 668 18388 177 19592 5530 END
START -3504 -160 20712 -1922 19125 4368 END
START -4128 -1672 20996 -4761 18490 2391 END
START -5676 -2940 21352 -4674 17614 1280 END
START -5972 -2776 20972 -4365 17972 606 END
START -5376 -3532 22852 1666 13976 2137 END
START -5828 -848 22976 1570 15654 2254 END
START -7308 8 23892 420 14066 2145 END
START -7544 -76 26312 98 13527 3651 END
START -9188 -340 26076 -2839 12969 3056 END
START -9820 -852 25448 -3797 10476 1657 END
START -9808 -2472 26904 -2017 8467 1539 END
START -10428 -2324 26740 -1969 6505 437 END
START -9660 -1784 27528 -964 4093 368 END
START -9312 -968 28244 -823 2379 885 END
START -9968 -636 28440 -1149 1129 1479 END
START -10736 -700 28484 -1463 -789 1951 END
START -11352 -1092 28264 -2646 -2321 1024 END
START -11108 -2888 26168 -2539 -4558 -133 END
START -10468 -3964 25308 -1820 -6855 -1003 END
START -9300 -4184 23896 -849 -8814 -1372 END
START -8296 -4332 22840 -322 -10169 -2067 END
START -7412 -4400 21668 215 -10674 -2242 END
START -7048 -4704 20484 950 -11386 -2652 END
START -6248 -4864 19532 1288 -11857 -3297 END
START -5788 -5168 18236 2188 -11853 -3497 END
START -5228 -5552 16924 2102 -11792 -4155 END
START -4688 -5496 15352 2544 -11938 -5008 END
START -4172 -5680 14532 2684 -12134 -6222 END
START -3576 -6116 13520 2931 -12091 -7732 END
START -2608 -6700 13040 3347 -11830 -8957 END
START -2616 -6600 12400 3683 -10713 -9807 END
START -2848 -6372 11244 4037 -9406 -10505 END
START -3196 -5920 10676 4863 -7915 -11011 END
START -3436 -4644 9452 4917 -7162 -12102 END
START -2780 -4056 8376 5864 -5660 -12038 END
START -2576 -3068 7516 6651 -4095 -11636 END
START -2036 -1976 7092 6518 -2645 -11619 END
START -1552 -1256 6920 5432 -1167 -11313 END
START -1240 -576 6968 5081 -14 -9706 END
START -1092 244 7188 4317 1366 -8175 END
START -1120 1124 7108 3307 2669 -7583 END
START -596 1916 7592 2663 4244 -7393 END
START -472 2480 8036 2320 5809 -7216 END
START -88 3224 8500 1792 7258 -7007 END
START 20 3964 9316 1972 8838 -6528 END
START -456 4576 10064 1704 10344 -5851 END
START -716 5352 10500 1612 11855 -4470 END
START -1628 6564 11868 1715 12691 -1921 END
START -2672 8352 13224 1829 12625 1280 END
START -3032 10292 14216 2040 12530 3560 END
START -2980 11796 15776 1624 12710 4410 END
START -2652 12788 18056 919 12837 4668 END
START -2312 13028 20036 415 12422 6056 END
START -1832 13388 22380 -138 11472 8177 END
START -2856 13900 22888 -2031 7975 7437 END
START 64 9656 26348 -2157 13727 11372 END
START -4800 10132 25348 -3334 11077 15540 END
START -7540 8400 32576 -525 7519 14637 END
START -9212 6620 29136 -7376 6542 11825 END
START -10840 2104 32767 -3372 987 13034 END
START -10928 168 30700 -5852 -970 10602 END
START -10712 -2992 29952 -3360 -2572 11307 END
START -9580 -4528 30144 1124 -5976 14136 END
START -9140 -3748 29748 630 -6100 11206 END
START -9816 -4564 28448 -121 -6378 8124 END
START -11352 -5272 25572 495 -7754 7380 END
START -10688 -5776 20632 346 -7539 6543 END
START -11096 -6444 18328 203 -9131 3240 END
START -10636 -4892 16792 -678 -12007 -550 END
START -9312 -4808 15388 -2804 -12782 -4887 END