START 1892 -2508 13292 1500 4367 1004 END
START 2820 -2396 12676 2172 5687 482 END
START 2496 -2216 11760 2195 7402 69 END
START 2052 -1732 10876 3114 8582 1352 END
START 1760 -400 10316 2963 9201 2008 END
START 1468 488 9784 3278 10750 3167 END
START 1584 1284 11060 3141 11499 3394 END
START 1208 2148 12136 2006 13364 2934 END
START -848 1416 10976 1275 16307 2296 END
START -616 412 9168 218 16901 1860 END
START -1380 -372 9392 -206 16885 1013 END
START -752 -1088 9672 -278 15973 473 END
START 64 -668 10832 -5 16370 847 END
START 76 248 12160 330 17176 1450 END
START -568 648 13996 66 17960 2138 END
START -1784 512 15760 -970 19157 2453 END
START -3804 384 15608 -1657 20297 2573 END
START -7596 -1376 19080 -3810 20035 1639 END
START -5936 -1332 19316 -1159 17827 1837 END
START -8360 -600 22300 -1743 15143 -125 END
START -8384 344 24328 -2574 12384 -1680 END
START -8152 -248 25508 -3159 11169 -2176 END
START -8616 -1004 26184 -4664 10533 -2837 END
START -7988 -1628 26432 -1822 8614 -396 END
START -7940 -1612 26576 161 7804 1070 END
START -8692 -824 27260 867 6680 1706 END
START -8812 -232 27176 1158 5430 2463 END
START -8976 312 27092 690 4278 2603 END
START -8868 636 26740 -31 2955 2579 END
START -9048 988 26712 -895 1478 2554 END
START -9072 1040 26416 -2245 -413 1880 END
START -8904 96 26592 -4177 -2117 812 END
START -8652 -936 25380 -5301 -3365 63 END
START -8088 -1888 24640 -5020 -4931 -270 END
START -7680 -2720 24760 -4854 -6624 -535 END
START -7628 -3164 24548 -4709 -8003 -847 END
START -7272 -3436 24520 -4737 -9519 -1440 END
START -6936 -4068 23316 -5433 -10207 -2615 END
START -6524 -4864 22016 -4763 -11176 -3467 END
START -6556 -5664 21068 -3619 -11922 -3903 END
START -6640 -5944 19840 -2241 -13079 -3969 END
START -6524 -5916 18520 -1420 -13425 -4223 END
START -6768 -5864 17624 -400 -14202 -5386 END
START -6748 -5672 16296 -68 -15403 -6900 END
START -6316 -5884 15992 -768 -16114 -8449 END
START -5540 -7044 14496 -1147 -16329 -10752 END
START -4564 -7820 13236 821 -15863 -10923 END
START -3312 -7408 12624 3264 -15127 -10690 END
START -3268 -5660 10848 3147 -14433 -11761 END
START -3324 -4064 9468 2472 -13367 -14342 END
START -2844 -3212 8448 2833 -12482 -15923 END
START -2012 -2644 7492 1945 -10882 -17307 END
START -1300 -3092 6084 -948 -9218 -17525 END
START -1148 -2844 4492 271 -9048 -16236 END
START -68 -1464 4720 1703 -8476 -15547 END
START 2056 -1560 6780 2331 -5017 -13100 END
START 2316 -724 4692 5156 -2123 -9427 END
START 1520 712 6116 3239 -487 -12065 END
START 2732 1344 6080 3617 1789 -11109 END
START 1100 3120 5640 2851 2309 -13532 END
START 3324 1388 6384 1922 7275 -12010 END
START 1568 2588 5020 2994 9989 -9999 END
START 1912 1804 5472 1795 11136 -9533 END
START 1840 1096 6040 2878 12056 -7161 END
START 2168 1684 7220 4654 13035 -5063 END
START 3056 2640 8476 7094 14565 -1750 END
START 3144 4916 10076 9094 16392 1427 END
START 2900 6988 11124 9934 18383 3261 END
START 1988 9164 12100 9580 18997 3509 END
START 1716 10208 13920 7245 18578 2726 END
START 1788 10800 16324 4462 18064 2769 END
START 2236 11108 18400 3395 17589 4409 END
START 760 12116 22492 2349 14854 3463 END
START 2008 9780 22960 2340 16034 10748 END
START -5156 12856 26412 4521 16132 8403 END
START -4124 12960 27980 479 17747 9020 END
START -7664 13672 28956 2735 14855 11473 END
START -7520 11696 30048 -2759 12220 9111 END
START -10472 9472 31696 -5249 9250 9553 END
START -10272 6036 31408 -5422 6306 12351 END
START -10632 4396 32767 -4548 3497 14399 END
START -11152 3556 31296 -4832 2421 13703 END
START -10984 1496 30340 -5166 -66 13475 END
START -9040 -1216 27688 -3458 -1824 14466 END
START -9600 -2804 27256 -5028 -2345 13084 END
START -9484 -3116 25280 -4933 -4237 12310 END
START -8300 -4316 23376 -4046 -5767 10790 END
START -7276 -5232 20088 -4415 -6142 8921 END
START -6672 -5632 18828 -3681 -7102 8133 END
START -6600 -5604 17932 -5280 -7354 5591 END
START -6716 -5116 16968 -6001 -8859 3510 END
START -6680 -4760 15576 -6627 -9986 1335 END
START -5652 -5488 15104 -6744 -10034 140 END
START -5508 -4824 14712 -5854 -10601 -751 END
START -4608 -4532 14528 -5159 -10919 -2675 END
START -2528 -5088 13684 -4360 -9652 -4345 END
START -2388 -4984 13224 -1740 -8313 -3901 END
START -3236 -3992 12368 -883 -6095 -2732 END
START -4848 -5196 11288 283 -3805 -736 END
START -4832 -4632 9404 1762 -5118 1473 END
START -4528 -3300 9760 4143 -7186 3290 END
START -3156 -164 11340 3127 -4359 1693 END
START 2064 92 13532 2916 2798 1249 END
START -2336 84 12584 -12 3650 -3656 END