START 3696 -476 8224 -2389 5874 2164 END
START 3380 -8 7984 -1047 6660 3178 END
START 608 -416 11580 76 13980 5703 END
START 800 604 8912 -3033 10438 2599 END
START 2816 -268 6992 -3622 9876 2578 END
START 2144 -188 8676 -3290 10598 1795 END
START 1696 -600 8264 -2766 11287 1361 END
START 2116 -708 8788 -1437 11561 2276 END
START 2280 436 9016 -846 11807 3291 END
START 2396 516 10000 -1220 13190 3241 END
START 1812 1168 10436 -1611 14247 3661 END
START 832 904 11564 -2988 15129 3064 END
START 448 492 11452 -3476 15271 2254 END
START -336 140 11984 -5944 16094 476 END
START 436 -1612 13024 -4090 16032 1597 END
START 208 -1340 13712 -3481 17097 2533 END
START -608 -232 12052 -2689 17838 4487 END
START 2012 -504 14428 142 18471 5787 END
START -728 424 17928 -557 19386 6819 END
START -2440 784 17892 -2161 19762 5617 END
START -4096 -332 18896 -4699 18363 2708 END
START -7676 -1160 20176 -8464 18258 -1401 END
START -4512 -4044 20088 -7320 16401 -886 END
START -4172 -4264 21460 -5659 15459 -860 END
START -1304 -5004 23476 -3662 15026 -7 END
START -4364 -2604 24108 -3095 14583 1830 END
START -4692 -3080 26408 -448 13895 3434 END
START -7804 -632 25312 -3669 12817 904 END
START -8400 -1856 25280 -4535 11548 61 END
START -8928 -2632 25732 -3405 9025 811 END
START -9528 -2264 26308 -3082 7488 644 END
START -8944 -2184 26244 -1826 5039 768 END
START -9128 -1836 26984 -1795 3424 455 END
START -9628 -1848 26740 -1983 2189 -366 END
START -8580 -2952 25160 -2165 53 -414 END
START -9568 -2820 25328 -2030 -838 -127 END
START -8668 -3016 24580 -2150 -2771 -455 END
START -8000 -3544 23776 -2571 -4151 -1085 END
START -7244 -4188 23104 -2097 -5604 -1407 END
START -6628 -4756 22288 -1762 -6852 -2073 END
START -6348 -5484 21956 -1937 -7654 -3038 END
START -6052 -6564 20708 -1773 -8569 -3717 END
START -6080 -7104 20180 -1185 -9459 -4229 END
START -5672 -7092 19020 -223 -9963 -4850 END
START -4936 -7092 18476 1470 -10729 -5166 END
START -4048 -6792 17876 2562 -10876 -5367 END
START -3732 -6892 17920 3675 -11084 -5692 END
START -3472 -7336 17792 4263 -10699 -6439 END
START -4388 -6200 16652 3084 -10742 -8752 END
START -3844 -6184 14592 5171 -10054 -9273 END
START -3792 -5192 13564 7286 -9793 -9292 END
START -3336 -4236 12376 7758 -9572 -10373 END
START -2628 -3464 12096 8320 -9098 -10679 END
START -2056 -2168 10952 9013 -8543 -10710 END
START -1228 -748 9560 9739 -7439 -10836 END
START -1172 -272 9316 9451 -6177 -11596 END
START -1252 440 8388 9816 -5701 -12323 END
START -476 520 8384 10594 -4158 -12012 END
START -396 1204 8516 10450 -1845 -11604 END
START 304 1932 8056 11057 178 -10240 END
START 832 2568 8768 11402 1315 -8777 END
START 848 3124 9248 10975 2699 -7844 END
START 232 3332 8948 10571 5001 -7946 END
START -940 3652 8456 10091 7420 -9085 END
START -1680 4388 7888 9805 9633 -10000 END
START -1936 4796 7572 9829 10276 -8795 END
START -1624 4956 8072 8096 10611 -6765 END
START 304 5280 7568 6827 8050 -4499 END
START -1340 5320 10196 7003 8715 -1152 END
START 1144 7204 11572 3989 9613 1078 END
START 496 7788 12608 1775 7844 -254 END
START 1840 7868 14188 -916 12043 976 END
START 232 8808 15328 -3242 13643 -806 END
START -640 8400 15840 -6261 14098 -1337 END
START -3248 8144 17248 -8911 13565 -1868 END
START -3252 6604 18456 -10444 15704 2 END
START -4740 6688 19484 -11291 15883 1045 END
START -4748 3356 21252 -8716 16492 3428 END
START -6504 8112 20004 -7647 13716 5665 END
START -7776 6840 21844 -6179 12692 8513 END
START -6104 9624 18776 -4410 14203 14788 END
START -7316 4368 26296 1110 10067 17588 END
START -7664 4268 26344 111 11035 16137 END
START -12352 5628 28208 -6493 6404 12667 END
START -11132 4228 29204 -8659 3980 9483 END
START -11528 1948 27688 -5849 2481 9884 END
START -12780 496 25400 -2685 -1141 11150 END
START -12332 -444 26376 -2182 -4748 10132 END
START -11220 -2464 25304 -3707 -6072 6908 END
START -9488 -4940 21208 -3992 -7603 5659 END
START -6772 -7064 18988 -248 -9171 6978 END
START -4836 -6004 18400 2263 -6990 8701 END
START -5452 -3084 19472 946 -1057 7977 END
START -6544 -2172 16040 -2934 2555 4523 END