START 1960 1552 9372 1344 5450 1444 END
START 1524 1580 10736 495 7304 3157 END
START 976 1260 8872 -1315 9541 4733 END
START -1124 192 7980 -2152 8654 5704 END
START -776 404 6912 -467 7572 8178 END
START -1496 2028 7376 -867 8107 8634 END
START -888 2584 7564 -784 8554 7852 END
START -136 2280 9068 -2229 8847 6522 END
START -36 768 10340 -4045 9604 4975 END
START 756 -684 10712 -4556 11581 4900 END
START 228 -2200 10584 -4478 14110 5360 END
START -176 -3100 7716 -2519 16001 6164 END
START -428 -3548 7864 -1227 17608 6525 END
START -444 -2960 10340 2762 18185 10093 END
START -1032 1492 6112 4266 18909 13103 END
START 2832 1092 12840 2411 20706 13882 END
START -284 1508 18012 481 21339 14544 END
START -2080 -252 15976 -3745 22212 10388 END
START -3212 -2340 15760 -6233 21006 4880 END
START -3200 -4500 15632 -5441 20237 2939 END
START -2824 -5256 16984 -2262 19611 3671 END
START -2844 -5056 21484 -624 19469 4796 END
START -3892 -4612 21592 702 19642 6788 END
START -5384 -2520 27472 -2006 18545 6487 END
START -7464 -2628 25820 -4383 19414 4026 END
START -8888 -4116 25656 -3417 18227 3749 END
START -12016 -3456 26696 -4094 16547 3160 END
START -9936 -4316 24776 -1440 14440 2980 END
START -11460 -3488 27132 -2049 10879 1657 END
START -10932 -3532 28260 -3423 8469 1010 END
START -11808 -3520 29100 -3229 6718 616 END
START -12452 -3456 29256 -2825 5233 183 END
START -12616 -3804 28560 -2335 3919 -184 END
START -12308 -3984 28220 -1331 1842 316 END
START -12104 -4080 27708 -632 -23 864 END
START -12024 -4016 27416 -11 -2033 1260 END
START -11616 -4148 27548 259 -4255 757 END
START -11476 -4456 27200 -151 -6251 -375 END
START -11408 -4888 25920 -15 -7976 -1459 END
START -10600 -5232 24540 1005 -9686 -1997 END
START -9872 -5216 22684 2136 -10834 -2141 END
START -9064 -4896 20296 2923 -11961 -2283 END
START -8176 -4728 18660 3514 -12797 -2566 END
START -7908 -4800 18124 3536 -13409 -3411 END
START -7648 -4924 17028 3192 -13963 -4733 END
START -7172 -5412 16040 3186 -14420 -6453 END
START -5968 -6300 14732 4212 -14316 -7208 END
START -5412 -6688 13704 5707 -13360 -7142 END
START -4348 -5708 12240 7116 -12660 -6780 END
START -3768 -5268 11144 8169 -11587 -7034 END
START -3108 -4424 9840 8651 -10475 -6957 END
START -3140 -4072 9532 8133 -9675 -7441 END
START -3368 -2432 9204 6678 -9303 -8786 END
START -3036 -1860 7368 5956 -8342 -10048 END
START -2380 -1796 7136 5823 -7315 -10442 END
START -1912 -1304 6972 4757 -6066 -10817 END
START -1420 -872 6544 4873 -4849 -10534 END
START -652 -664 6936 5532 -2935 -9186 END
START 68 -16 7176 5899 -688 -8283 END
START 92 504 7352 5626 1373 -8180 END
START 64 1420 7572 5757 3107 -8114 END
START -276 2172 7828 5202 4938 -7806 END
START -640 3080 7820 4450 6167 -6677 END
START -432 4148 7556 3867 7785 -5210 END
START -564 5504 8616 3030 8945 -3727 END
START -84 6988 9052 2536 9346 -2110 END
START -204 8352 10412 1573 9823 -899 END
START -476 9116 12016 416 10469 -622 END
START -736 9720 13524 -1358 11597 -718 END
START -1420 9864 14968 -2680 12625 399 END
START -1744 10232 16384 -2537 13153 3306 END
START -1736 11312 18768 -1423 12774 7428 END
START -1524 12732 21504 -539 11734 11109 END
START -2632 13832 25572 -532 10615 12985 END
START -5280 10568 26752 -2242 11822 15752 END
START -3168 8912 32767 -3308 10856 11277 END
START -9816 5452 29756 -1455 7403 13193 END
START -9440 3452 30792 -4579 3830 11080 END
START -11128 152 30096 -4543 1886 11558 END
START -10284 -2352 30476 -212 -33 14845 END
START -10700 -3184 29364 -555 -2616 13125 END
START -12108 -4792 28652 -2410 -5433 9189 END
START -11368 -7372 24880 -2320 -7180 8464 END
START -9532 -6808 22588 2095 -9823 10157 END
START -9272 -3420 21020 4769 -9529 9019 END
START -7576 -1752 21708 -571 -6390 2021 END
START -4476 -3656 17540 -857 -2782 794 END