START 5868 -204 10648 85 2713 181 END
START 4892 416 11748 1129 4176 1730 END
START 5176 612 11292 517 6783 2041 END
START 4132 524 10232 -636 9355 2473 END
START 3740 196 9656 -1093 11850 3888 END
START 2292 116 7696 -1031 12425 4810 END
START 1424 716 7860 -139 11871 5073 END
START -3500 -40 10588 318 18512 6279 END
START -2268 1316 8068 -1560 13893 2379 END
START 252 892 7656 -1911 12817 1507 END
START 752 964 8036 -2884 14293 1279 END
START 932 972 8368 -2990 15101 1617 END
START 1792 824 9744 -3466 15396 2571 END
START 1224 968 9692 -4544 16387 3994 END
START 3040 -288 13408 -4071 19773 4491 END
START -108 -668 14592 -3653 20250 5214 END
START -400 -716 13360 -5337 20978 3797 END
START -3012 -1748 13396 -3639 20643 3179 END
START -4456 -2324 13508 -3670 21669 2775 END
START -4376 -2108 14580 -3181 19972 2931 END
START -4224 -1416 17288 -2886 18115 3478 END
START -4624 -1352 19872 -4151 16651 2702 END
START -4196 -2540 20168 -7739 17015 2585 END
START -5640 -2836 21960 -3798 16540 3841 END
START -5512 -3952 20972 -5321 16984 1522 END
START -8760 -4416 21384 -3626 15935 3104 END
START -7888 -3724 21384 -794 15538 4606 END
START -8080 -2760 22252 1123 14366 5698 END
START -9520 -1064 23904 517 12805 6083 END
START -9200 -344 24592 -627 11820 5489 END
START -10600 0 24084 -2876 8809 1923 END
START -9732 -1148 23996 -4074 9177 2016 END
START -9092 -2008 24448 -4389 9321 1905 END
START -8540 -3708 23736 -2949 8462 2833 END
START -9496 -3552 23112 -1361 7457 4045 END
START -10228 -2548 22424 -22 5918 4537 END
START -10788 -2224 22784 -1282 3703 2797 END
START -10340 -2472 22408 -4026 1469 74 END
START -10212 -3404 22072 -5002 -326 -907 END
START -9732 -4364 22104 -4876 -1797 -601 END
START -9904 -4856 22508 -3911 -3505 -346 END
START -9988 -4968 22320 -3375 -4700 -1099 END
START -10164 -4888 21904 -2521 -5728 -2272 END
START -9944 -5408 20788 -1694 -6731 -3557 END
START -9488 -6096 20104 -345 -7802 -4184 END
START -9092 -6808 19464 1282 -8719 -3947 END
START -9076 -7420 19332 2058 -9528 -4027 END
START -9276 -7348 18324 2907 -10219 -4406 END
START -9292 -7292 16864 3475 -11115 -5700 END
START -8600 -7340 15772 4424 -11903 -7159 END
START -7744 -7448 14860 5956 -11918 -8101 END
START -6972 -6992 14168 6591 -11963 -9114 END
START -6956 -6952 13148 7488 -11998 -10214 END
START -6280 -6768 12092 8971 -11812 -11017 END
START -5184 -5968 10952 9770 -11186 -12140 END
START -3752 -4624 9840 10726 -10852 -12553 END
START -3224 -3524 9836 7998 -9056 -14150 END
START -2632 -3140 9116 10468 -7874 -12899 END
START -2124 -944 8804 9837 -5928 -13081 END
START -1860 848 8556 8422 -4895 -14341 END
START -988 1884 8460 7414 -4232 -15471 END
START 280 2168 8920 5425 -2755 -15619 END
START 660 1908 8652 5102 -467 -14168 END
START 716 1420 9604 4772 3494 -10181 END
START -408 2988 7728 6560 6176 -6006 END
START -996 4220 9540 6948 7220 -2885 END
START -532 6020 9056 4165 9593 -1280 END
START -1904 6644 9524 6004 9472 -1196 END
START -1048 7388 10616 2235 10202 -845 END
START -2064 7276 10272 1726 10814 363 END
START -2800 8284 12364 972 10868 2761 END
START -2524 9120 13304 605 11754 5445 END
START -2616 9608 14464 17 11998 7127 END
START -1916 9704 15836 -1462 11438 7132 END
START -5424 8560 20380 -4048 9622 4034 END
START -2844 7152 20876 -4606 11793 7828 END
START -5956 4516 19772 -3549 11639 9807 END
START -7628 5068 24448 -1075 9625 13005 END
START -9684 6652 23732 -2069 8523 13975 END
START -11624 6600 26048 -2144 5165 13566 END
START -10936 5832 27220 -6403 2319 9696 END
START -10320 628 29668 -7681 1422 7308 END
START -8940 -3140 26264 -5651 314 8570 END
START -10216 -5832 27688 -7515 -1576 8241 END
START -10176 -7304 26032 -6233 -4268 6911 END
START -10404 -6980 23976 -2086 -6552 7514 END
START -10376 -6180 22828 2143 -7906 9931 END
START -9320 -3872 22392 1878 -7613 9912 END
START -7648 -5100 20408 1526 -5643 7044 END
START -6272 -4268 17564 310 -4451 2902 END
START -5036 -3716 16784 86 1094 4156 END
START -7104 -4408 13448 -1104 -605 -1220 END
START -5928 -6216 11088 -1807 -17 -2473 END