START -1168 924 8008 -2137 11515 472 END
START -816 1444 7752 -2134 12817 365 END
START -156 1360 7996 -3471 13793 -13 END
START -608 164 9196 -4649 14954 316 END
START -1616 -476 10372 -5935 16204 1436 END
START -5160 -188 7976 -4377 17107 2348 END
START -4016 -1744 10000 -5722 17935 3318 END
START -2896 -2004 12088 -5379 18398 4340 END
START -3564 -1224 12476 -4243 17841 3363 END
START -3876 932 11732 -2689 17321 4250 END
START -4496 -4 19004 -2014 17214 4658 END
START -5700 -784 19028 -3049 17846 2473 END
START -7168 -1160 20528 -4597 17535 1482 END
START -7116 -1072 21252 -3983 16339 2254 END
START -6736 -2748 21212 -1429 16411 3074 END
START -7216 -1120 22316 -800 14768 3163 END
START -7196 -868 24456 -609 13136 3060 END
START -7480 -612 26964 -1860 11700 2940 END
START -8272 -984 27232 -3398 10172 2258 END
START -8844 -1156 27016 -4756 9553 1305 END
START -9316 -1500 26420 -4816 7965 1496 END
START -9352 -1536 26596 -4260 5833 2102 END
START -9392 -1316 27956 -4352 3938 1977 END
START -9008 -1916 28464 -4353 2554 1445 END
START -9676 -2712 29412 -4735 1201 1149 END
START -10816 -4116 28820 -5127 -899 637 END
START -11668 -5076 27528 -5247 -3309 66 END
START -11716 -5508 26640 -5086 -6230 -560 END
START -11384 -6068 25800 -4832 -8909 -1704 END
START -10392 -6424 24832 -4210 -11338 -2748 END
START -9380 -7108 24280 -3248 -12839 -3856 END
START -8560 -7892 23428 -1985 -14280 -5153 END
START -9016 -8896 22772 -814 -14736 -6166 END
START -8544 -9960 20828 950 -15231 -6792 END
START -8144 -10160 18692 3213 -16355 -7465 END
START -7284 -9868 15784 5088 -16971 -9092 END
START -6360 -9408 15196 5741 -16817 -10510 END
START -5452 -9288 12972 6220 -16885 -10935 END
START -5276 -8708 12780 7811 -17109 -11026 END
START -6076 -6096 10436 7006 -17632 -13270 END
START -4984 -5400 9556 7014 -17114 -14963 END
START -4980 -3928 8468 5741 -16353 -19048 END
START -3568 -3236 6668 6850 -16069 -21957 END
START -2584 -1336 4868 5839 -15015 -25479 END
START -120 8 4272 5507 -13248 -29362 END
START 5380 -3904 5856 6171 -5956 -22066 END
START 2256 -2256 3836 12077 -1384 -17937 END
START 7016 -804 3844 12407 2980 -11147 END
START 4100 -1516 5240 12409 9831 -8871 END
START -1536 4128 -564 12913 8248 -6488 END
START 416 3740 3844 10917 8040 -5777 END
START -400 6312 2204 6548 9688 -5708 END
START -1164 7372 2828 4176 10031 -7347 END
START -544 8452 4760 1581 10931 -7899 END
START 572 7860 6096 443 14207 -4875 END
START 780 7428 6088 1359 15827 -1226 END
START 784 7568 7428 3394 15977 473 END
START -1708 9216 10512 2602 15109 -1193 END
START 1844 9888 11088 1985 18347 2567 END
START 1264 11664 13016 2291 17101 5377 END
START -320 13460 15520 3293 20239 9172 END
START -3020 15392 18304 1460 18857 9063 END
START -3864 16520 21204 -458 17415 8700 END
START -2184 14140 24996 -2200 20196 14185 END
START -5328 12236 28076 -1493 14347 11388 END
START -6020 11908 31592 -4334 15332 13035 END
START -7368 11496 32767 -6365 10935 10767 END
START -10112 6860 32767 -10166 7820 8665 END
START -13772 2324 32767 -7005 5006 10177 END
START -14588 252 32767 -4798 2020 11361 END
START -13528 -1200 29276 -1371 -400 15221 END
START -13256 -1168 28680 -2194 -2190 15669 END
START -11192 -3032 25608 -2038 -3492 13589 END
START -8776 -3988 23380 -2773 -3062 9885 END
START -9864 -3088 20092 -4550 -2874 8360 END
START -11192 -5564 15584 -5579 3181 10049 END
START -9956 -6228 10948 -5097 1227 6603 END
START -8760 -8872 8752 -7250 -1027 2366 END
START -7624 -9372 7552 -6200 -483 539 END