START 5788 1564 11608 -517 3713 688 END
START 4544 1520 13872 -292 4391 1807 END
START 4160 1452 13908 -2463 6254 1003 END
START 3328 808 13156 -2477 6606 1534 END
START 2576 944 13160 -2277 6766 2441 END
START 1596 768 12564 -2303 6329 2208 END
START 1784 1100 12792 -2096 5993 2202 END
START 1428 1752 12092 -2536 7132 1502 END
START 1504 1936 11980 -2641 7931 1070 END
START 1952 1468 12676 -2601 8567 1212 END
START 2204 1084 13320 -2918 9082 1366 END
START 1392 752 13280 -3052 10000 1354 END
START 1180 148 12440 -2573 10907 1932 END
START 300 -172 11752 -2687 11971 2354 END
START 472 -20 11056 -1883 12646 3250 END
START 192 1600 10936 -2402 13098 2190 END
START 540 2192 11628 -351 13336 3198 END
START 472 2740 14452 -932 14427 3251 END
START 2328 1208 17916 -2837 16206 3704 END
START -1328 1020 17436 -3880 16526 1996 END
START -1520 -36 16352 -3148 17614 3475 END
START -3136 -820 14528 -4270 19388 3215 END
START -3180 -1000 13532 -3252 18622 2497 END
START -3660 140 13996 -2040 17535 2621 END
START -3032 1428 14688 -1369 17866 2919 END
START -3604 1892 17648 -1565 17490 3217 END
START -4560 1492 20740 -4412 17099 2380 END
START -6444 372 21764 -7415 17243 1091 END
START -3412 -1100 20604 -8754 17754 970 END
START -8156 -2528 20152 -7166 15918 97 END
START -7864 -904 19868 -5301 14230 1172 END
START -5588 -2684 20104 888 13584 4590 END
START -7572 512 23588 -249 13720 3942 END
START -6452 1232 24196 -780 12110 3852 END
START -7512 780 25924 -1508 12929 4608 END
START -10172 996 25292 -3972 13340 3198 END
START -10544 64 24480 -3377 10568 3087 END
START -10928 -432 25048 -3767 8571 2379 END
START -11448 -832 25552 -4201 5960 1460 END
START -11372 -920 26840 -4767 3217 1446 END
START -11588 -1260 27736 -4542 1267 1837 END
START -12160 -2120 27980 -5039 -706 921 END
START -12688 -2908 27788 -4465 -2917 -292 END
START -12288 -4328 26684 -3649 -4854 -1562 END
START -11692 -5352 25312 -2215 -7051 -2144 END
START -10860 -5460 24332 -604 -9257 -2830 END
START -10164 -5280 23424 385 -10324 -3180 END
START -9816 -5420 22236 903 -11572 -3927 END
START -9712 -5580 21216 1144 -12766 -4849 END
START -9528 -6244 19772 1407 -13869 -5734 END
START -8824 -6188 18384 1835 -14617 -7583 END
START -7692 -6824 16644 3445 -15546 -8846 END
START -6468 -7136 15188 5497 -15291 -9030 END
START -5744 -6964 13648 8048 -14362 -7849 END
START -4784 -5520 12568 8240 -13311 -8104 END
START -4692 -4884 11236 8675 -12547 -8813 END
START -4568 -3332 11252 8838 -12471 -9782 END
START -4000 -3392 8816 8408 -11093 -10977 END
START -3208 -3032 8448 9246 -9867 -10739 END
START -3332 -1948 7824 8971 -8125 -10930 END
START -3788 -1428 6588 9559 -6707 -10326 END
START -3104 -304 5852 9885 -5769 -9929 END
START -1956 260 6288 9450 -4256 -9322 END
START -1696 892 6248 9388 -2117 -8236 END
START -1476 2100 6032 8669 -494 -7662 END
START -1008 2628 5880 7864 1416 -6897 END
START -672 3916 5992 6586 3182 -6463 END
START -200 4732 5692 6297 4955 -5989 END
START -588 6124 5760 5399 6605 -5740 END
START -156 7080 6144 4145 8190 -5026 END
START 172 8696 7236 3200 9347 -4256 END
START 968 9320 8092 1527 10019 -3561 END
START 600 9460 9572 351 11760 -3009 END
START 52 10104 10820 -2378 12682 -2623 END
START -168 10620 12836 -3653 14030 -1267 END
START -784 11328 15020 -3720 14942 1610 END
START -1328 12352 16168 -3475 15215 4043 END
START -1960 13588 18028 -2658 14656 5564 END
START -3420 14624 19768 -3370 14512 5854 END
START -5140 14540 21344 -6644 13774 5172 END
START -3524 11660 24160 -9553 16278 6801 END
START -5180 5320 26392 -6046 7570 7925 END
START -7404 6492 25568 -7547 12017 14300 END
START -10260 6792 29424 -4463 8362 17886 END
START -9940 7244 31720 -8439 6814 13565 END
START -12424 4096 31604 -9122 4523 11538 END
START -16136 1324 32760 -8315 1154 9895 END
START -13356 -3100 31028 -7680 -1848 10423 END
START -12352 -6592 28668 -5458 -2572 10595 END
START -12304 -7980 26152 1355 -4598 14033 END
START -11416 -7216 24020 3282 -5266 13623 END
START -10200 -6612 21188 4445 -6725 9848 END
START -10140 -4192 19360 2693 -7851 4310 END
START -8800 -2704 16540 -5 -7301 2082 END
START -9608 -1804 11936 6 -5491 2338 END
START -11336 -1316 9836 -2984 -2970 -456 END
START -8484 -2960 8088 -5362 -8700 -7670 END