START 3276 -624 10964 -1769 3348 -337 END
START 2172 -416 10808 -456 3808 1470 END
START 2044 -468 10252 -1083 4853 1325 END
START 888 -756 11100 -949 10006 2949 END
START 100 -280 10216 -2027 7168 1908 END
START 672 -712 8736 -1626 6155 2602 END
START 676 112 10148 -2185 6898 2195 END
START 992 -88 9796 -2643 7799 1512 END
START 1452 -108 10276 -2749 8478 986 END
START 1828 -460 10436 -3154 9801 659 END
START 2292 -104 10104 -2457 10970 1146 END
START 2176 464 9968 -2599 12743 1483 END
START 1252 368 10852 -1370 13739 3221 END
START 708 1336 11576 -2062 14974 3948 END
START -252 1436 11620 -3228 15529 3781 END
START -1308 1140 12204 -4725 16062 3182 END
START -2432 1020 11268 -4896 16265 2917 END
START 228 -780 12812 -3810 15680 2958 END
START -2276 -240 16684 -3488 16975 3066 END
START -2824 -52 16036 -2794 17186 2754 END
START -2964 -168 16620 -2471 17510 2869 END
START -3632 -196 16832 -3710 19007 2883 END
START -4412 -620 17888 -3421 18019 3354 END
START -4624 -540 19492 -3937 16904 3288 END
START -5936 -964 20408 -4418 16779 2909 END
START -6008 -1504 20460 -3434 15669 3011 END
START -6468 -836 22824 -2799 15042 3174 END
START -7196 -748 22164 -3937 14324 1535 END
START -6828 -1332 23420 -3364 12436 1701 END
START -7320 -1628 23744 -3478 12374 2057 END
START -7692 -1720 24560 -3039 10664 2319 END
START -8512 -1288 25524 -3012 9490 2276 END
START -8656 -1488 25264 -2588 8225 2015 END
START -9012 -1436 26824 -4392 3375 -2006 END
START -9720 -1864 26812 -3230 4062 365 END
START -9512 -2968 25248 -3182 2228 -223 END
START -10256 -3652 24984 -2477 358 54 END
START -10368 -4236 23968 -1470 -1390 -141 END
START -9868 -4572 22896 -275 -3494 -651 END
START -9140 -4724 22248 323 -5259 -1578 END
START -8600 -4920 21908 562 -6805 -2750 END
START -8004 -5480 21048 997 -7667 -3687 END
START -7264 -6052 19872 2271 -8519 -3960 END
START -6692 -6536 18648 3351 -8839 -4633 END
START -5940 -6496 17568 5147 -9281 -5050 END
START -5616 -5824 16492 6378 -9414 -5507 END
START -5064 -5488 15948 7319 -9236 -5998 END
START -4300 -5032 15348 7701 -9084 -6742 END
START -3588 -4760 14664 9045 -8576 -7005 END
START -3532 -4060 14312 9233 -7367 -7870 END
START -3476 -3384 12704 9692 -6981 -8992 END
START -3052 -2528 12272 9497 -6324 -10896 END
START -2480 -1608 11184 8794 -5410 -12221 END
START -2204 -436 11140 9259 -4220 -11772 END
START -1860 876 10280 8014 -2547 -12153 END
START -2112 2408 10128 6869 -1173 -11820 END
START -2152 2652 10552 5280 144 -11118 END
START -1572 2972 9972 3787 1227 -10351 END
START -4580 3276 10188 2619 483 -10548 END
START -1104 4168 9324 835 4688 -8646 END
START -2252 4488 10260 559 6770 -7162 END
START -3260 5328 10196 703 7126 -4595 END
START -3000 6080 11152 -667 8757 -2139 END
START -4136 7308 11068 -2756 9214 1 END
START -4592 7988 11656 -3963 9362 2330 END
START -4692 8816 12984 -4445 9602 4892 END
START -5388 9088 13624 -5898 10509 5728 END
START -6076 8488 14976 -7650 10937 5857 END
START -5944 8176 16160 -7559 10506 6385 END
START -5972 7964 17804 -6584 9085 7477 END
START -5724 7796 21612 -6026 6062 7371 END
START -3004 4940 25236 -4049 10026 11240 END
START -5436 1644 23464 -3174 9183 14733 END
START -8568 1764 23832 -1004 10035 17442 END
START -13852 2564 23860 -3820 6520 15537 END
START -14204 1436 24920 -4708 2113 12843 END
START -12828 -1008 24632 -2180 -1707 11645 END
START -11948 -3320 24700 -2725 -4500 9663 END
START -10976 -6400 23996 -2746 -6283 8444 END
START -9424 -8760 23652 -437 -7594 8525 END
START -8872 -9056 22676 2298 -8540 8459 END
START -8480 -7988 20308 3698 -9157 7200 END
START -8872 -5000 20300 3411 -6641 4207 END
START -6824 -3020 17320 1535 -4948 134 END
START -6592 -1644 16732 -1692 -2968 -4416 END
START -4552 -3668 14352 -2970 -2239 -7649 END