START 4828 -1372 9212 169 8084 307 END
START 3316 388 10264 2064 9043 2085 END
START 4460 1180 10464 1056 10739 2125 END
START 4212 1004 11220 -101 11879 1761 END
START 3992 788 10884 -1356 13112 1616 END
START 2964 300 10572 -2321 13798 1816 END
START 2224 468 10576 -2475 14370 2273 END
START 1940 1072 10692 -1453 15258 3101 END
START 2208 1700 11600 -465 15989 3909 END
START 1300 2968 14600 -1662 16002 3447 END
START 2996 4628 13896 -2651 16453 6263 END
START 3336 1212 18288 -3906 18204 4039 END
START -236 -224 15748 -1714 19504 5481 END
START -1568 -164 13440 -2693 21286 5500 END
START -2636 240 12912 -1782 21056 4813 END
START -2572 244 13768 -110 20367 5381 END
START -1712 704 16216 -797 19748 5877 END
START -2880 500 18948 -2428 19919 4962 END
START -3700 -684 19732 -4277 20286 3336 END
START -4760 -1628 19720 -4497 20236 2955 END
START -5504 -2292 19400 -5679 20534 2552 END
START -6224 -3996 18788 -1157 19941 5722 END
START -7512 -2016 18232 -958 20147 7554 END
START -9040 -972 20780 1707 16144 8277 END
START -10680 556 23840 -2708 14140 5426 END
START -11896 -1496 24952 -6170 13518 917 END
START -12088 -3708 25424 -5749 11523 -584 END
START -11624 -4828 24380 -5067 10369 -1637 END
START -11216 -5316 23548 -3240 9771 -378 END
START -10592 -4704 23612 20 7293 3115 END
START -10536 -3164 25008 393 6944 3974 END
START -11020 -2360 25200 -194 5996 3471 END
START -11284 -2124 25544 -952 4033 2086 END
START -11852 -2592 25868 -1891 2049 391 END
START -11568 -3584 25700 -2533 198 -1095 END
START -11444 -4812 25508 -2682 -1505 -1814 END
START -11232 -5768 24980 -1823 -3536 -1732 END
START -11012 -5720 24300 -369 -5553 -1602 END
START -10532 -5292 23732 567 -7069 -2225 END
START -9912 -5080 23252 1279 -8409 -2988 END
START -9340 -4856 22844 1844 -9451 -3645 END
START -9088 -4544 22136 2654 -10426 -4058 END
START -9232 -4368 21196 2790 -11182 -4696 END
START -9420 -5096 20376 3572 -12307 -4938 END
START -9544 -4904 19216 3902 -13093 -5306 END
START -9448 -4332 17176 3879 -14484 -6594 END
START -7936 -4436 16616 4242 -15420 -7683 END
START -6928 -4804 16084 5854 -16162 -6983 END
START -6244 -4676 15740 5747 -16017 -7306 END
START -5436 -5000 14648 6082 -15786 -7852 END
START -4348 -5212 13404 7006 -15307 -7778 END
START -3832 -3832 11908 7767 -14795 -7956 END
START -3540 -3112 11388 6308 -13591 -9849 END
START -2984 -2828 9740 7304 -12450 -9698 END
START -2728 -1700 9336 6788 -11179 -10168 END
START -1816 -1092 7996 6019 -9984 -10684 END
START -1340 -952 7852 6330 -8680 -9702 END
START -572 -404 7808 6088 -6611 -8551 END
START -216 300 7368 5691 -4267 -8087 END
START -64 916 7092 5325 -2450 -7476 END
START 168 1628 6884 4942 -1425 -7121 END
START 88 2292 7324 4155 -92 -6917 END
START 140 2768 6860 3196 1053 -7225 END
START 708 2784 7032 1864 2733 -7431 END
START 976 2832 7004 1667 4271 -6729 END
START 908 3504 7248 1219 5711 -5638 END
START 1088 4832 6828 964 7033 -4788 END
START 1280 5516 8456 1170 8467 -3656 END
START 1712 6948 8672 132 10366 -2643 END
START 1692 7984 9560 -655 11843 -2021 END
START 1980 8428 10244 -954 13519 -898 END
START 1876 8864 11028 -1369 14963 602 END
START 1604 9148 11792 -1746 16131 2600 END
START 984 9984 13076 -1735 17143 5751 END
START -108 10868 14948 -2321 17685 7898 END
START -1112 11952 17436 -3197 17695 9197 END
START -1956 12624 19840 -3976 17146 9709 END
START -2448 12488 22120 -4399 15818 9373 END
START 2112 10444 25176 -5520 14372 11000 END
START -4576 6320 28468 -1195 9494 8754 END
START -6912 4092 25168 -7320 13020 12091 END
START -11544 2664 31160 -5863 9577 16067 END
START -10448 76 31124 -3448 6833 18727 END
START -13280 484 31320 -3154 4025 18425 END
START -13136 -688 31212 -2989 194 15272 END
START -12584 -1780 30320 -5331 -3138 9716 END
START -11148 -5584 29324 -5145 -5874 7228 END
START -10088 -8456 27576 -3025 -7234 8094 END
START -11196 -8648 25372 -834 -7624 8184 END
START -11800 -8312 21200 677 -8347 6188 END
START -12612 -6228 18428 1872 -9538 3525 END
START -11068 -3432 15388 3670 -10661 808 END
START -10436 -2228 12680 2474 -8185 -1140 END
START -8944 -840 11004 -661 -5671 -2991 END
START -6796 -3476 8072 -2733 -5850 -5311 END