START 6008 -2480 7852 259 2842 1227 END
START 6384 -1480 9824 1038 3574 2654 END
START 6772 -876 9880 -377 5999 1931 END
START 6284 -1096 8560 -389 7859 1852 END
START 5296 84 7784 366 9420 2241 END
START 4760 1176 7664 1345 10882 2652 END
START 4404 2288 7440 1409 12200 2680 END
START 3800 2760 7028 198 13217 2345 END
START 3316 2836 6652 -1460 13799 1861 END
START 2996 2484 5928 -2970 15699 2268 END
START 2384 1484 5636 -3775 17390 3567 END
START 2172 504 6556 -4415 18016 4108 END
START 1848 -980 8704 -4648 18649 4754 END
START -1048 -1488 10556 -4294 21244 5442 END
START 1208 -1536 10304 -3080 22008 6125 END
START -640 -588 11348 -4044 23410 4615 END
START 3624 -300 10644 -1715 23629 7915 END
START 272 -1700 12772 -1568 25587 5576 END
START -2032 -2620 12052 3172 27178 9337 END
START -3244 -1596 12836 3236 26662 10128 END
START -5732 -636 17588 847 24525 7944 END
START -5156 -2268 21424 -2601 23662 5087 END
START -5480 -3628 21872 -2551 23663 5884 END
START -6120 -5280 21684 -41 20845 5153 END
START -9168 -3628 21300 -2157 22196 4149 END
START -9220 -3800 20304 -1252 19962 3684 END
START -9084 -4176 24096 -117 17549 4811 END
START -11404 -3628 29124 -2866 16157 3423 END
START -13820 -4840 30868 -4165 14769 656 END
START -13168 -6496 30612 -604 12586 1604 END
START -14972 -5628 29488 403 11143 1601 END
START -15352 -3936 28620 2429 8717 2598 END
START -14896 -2148 27656 2360 6383 2573 END
START -14476 -1392 27820 1491 3838 2285 END
START -10684 -2500 27916 -977 841 982 END
START -14052 -2600 29488 -1942 -790 37 END
START -14748 -3528 29020 -1693 -3186 -650 END
START -14520 -4368 27720 -1202 -5800 -1778 END
START -13756 -4900 26032 -570 -8165 -3031 END
START -12516 -5196 24344 0 -9901 -3572 END
START -11848 -5380 22680 853 -11202 -3678 END
START -10692 -5276 20664 1867 -12332 -3233 END
START -10272 -5584 18720 2704 -13420 -2890 END
START -8972 -5496 17208 3593 -14377 -2956 END
START -7984 -5288 15280 3042 -14923 -4828 END
START -7020 -5328 14560 3166 -15340 -6669 END
START -5324 -5984 13420 4171 -14940 -7146 END
START -4704 -6860 12676 5257 -14381 -7741 END
START -4220 -7408 11252 5556 -13253 -8618 END
START -3824 -7240 9736 7129 -12009 -9014 END
START -2260 -6336 8324 8941 -10888 -9150 END
START -2980 -5268 8100 7770 -9576 -11223 END
START -2264 -3864 7184 9387 -7760 -10529 END
START -2208 -1972 6572 9223 -6006 -10630 END
START -1368 -392 6204 7816 -4281 -11708 END
START -1068 676 5580 6772 -2457 -12573 END
START -196 832 5908 6798 -600 -11403 END
START -208 1664 5728 5448 1171 -9848 END
START 16 2004 5684 4099 2854 -8276 END
START -68 2916 6008 5155 4074 -5260 END
START -968 4808 6296 4515 6043 -3611 END
START -1452 6268 6724 4697 7334 -2704 END
START -1412 7932 7816 4091 8714 -2303 END
START -1052 9264 8712 4022 9565 -1473 END
START -404 9556 10068 3399 10483 -747 END
START 116 10404 11840 3123 11368 819 END
START 304 11320 12760 2551 12842 2939 END
START -348 12520 13608 1983 14486 5467 END
START -852 13728 15432 1157 14735 8073 END
START -1376 15084 17896 470 13682 10921 END
START -2008 15880 21344 -388 11924 12448 END
START -3812 14024 28052 -2140 10743 12266 END
START -4080 10012 27088 48 10473 15530 END
START -6508 9216 32767 -5633 10330 15621 END
START -10600 2724 32767 -5113 10835 15127 END
START -14064 -588 32767 -3025 5508 15625 END
START -13900 -2280 31616 -686 1826 14329 END
START -14844 -1064 30172 -519 -1605 13064 END
START -13424 -1796 28292 -216 -5510 13037 END
START -11920 -3764 26040 -1582 -6313 11962 END
START -11728 -4836 20928 1489 -8659 10901 END
START -10768 -4900 19588 -4825 -5056 4468 END
START -11484 -4668 14936 -2011 -5701 1993 END
START -10316 -4180 13504 -2448 -7326 -886 END