START 2928 -956 8196 -2548 6267 539 END
START 2232 -156 8592 -931 5725 1292 END
START 2440 -80 9160 -2237 7648 728 END
START 2232 -128 8828 -3344 9535 -112 END
START 1832 -748 8928 -3149 10805 328 END
START 700 -448 8748 -3857 12152 471 END
START -84 -476 7600 -3217 13227 845 END
START -404 -484 6980 -3114 15020 1266 END
START -1036 244 6328 -2513 16235 1015 END
START -124 152 5632 -120 16756 3241 END
START 464 1168 8704 -531 17545 5426 END
START 336 2008 10836 -1505 18571 6381 END
START 700 1868 13104 -3622 20924 6008 END
START -2872 1376 13176 -4642 21203 4474 END
START -2780 -784 13020 -5240 21057 4290 END
START -4160 -1912 13520 -6528 21095 1430 END
START -4556 -2996 15468 -5226 19098 1056 END
START -4496 -3472 18532 -3317 18325 2789 END
START -3496 -3492 20952 -3769 17768 2463 END
START -6184 -2648 22452 -3074 18040 2915 END
START -6060 -2464 23252 -2642 17183 2326 END
START -7544 -2548 22144 -3924 18404 1425 END
START -6132 -1848 22808 -641 16438 2917 END
START -7548 -3204 24412 -2180 16027 2073 END
START -7672 -3436 24636 -961 14658 3329 END
START -9012 -2752 24844 -795 13594 4420 END
START -5040 -2448 25368 -1086 12410 3812 END
START -9100 -676 25784 -920 11323 3656 END
START -9436 -8 25480 -1586 10488 2584 END
START -9308 -344 24376 -1888 9663 1962 END
START -9068 -1084 24216 -1432 8398 2729 END
START -8916 -1476 23176 -2448 6935 3253 END
START -10748 -616 22372 -1477 6649 5135 END
START -11796 188 21428 -1880 4639 5187 END
START -11444 -176 21024 -3996 2640 2536 END
START -10712 -1752 21356 -5766 130 60 END
START -10464 -3080 21988 -6309 -1772 -686 END
START -10032 -4788 22096 -5650 -3264 -732 END
START -10080 -6256 21836 -5026 -4357 -1569 END
START -10008 -6404 21256 -3739 -5364 -2173 END
START -9756 -6064 20688 -2090 -6926 -2755 END
START -9184 -6248 20548 -1488 -7782 -3827 END
START -8760 -7008 19996 -548 -8344 -4561 END
START -8924 -7784 19772 530 -9126 -4561 END
START -9060 -8396 19356 1382 -10021 -5193 END
START -9260 -8340 18460 2509 -10894 -6106 END
START -9044 -8364 17456 4655 -11692 -6576 END
START -8712 -7904 16316 5992 -12001 -7120 END
START -7976 -6712 14732 7851 -12528 -7551 END
START -6948 -6104 14324 8548 -12849 -8429 END
START -6100 -5172 13724 8447 -12467 -9045 END
START -4928 -4984 12564 8340 -12234 -10059 END
START -3820 -4788 11492 8013 -11135 -11136 END
START -2908 -3712 10148 9700 -9965 -10815 END
START -3356 -2616 9376 7871 -8008 -12433 END
START -2884 -2104 9240 9755 -6974 -12959 END
START -1828 -1672 9344 9668 -4672 -14225 END
START -1148 -1392 8588 8701 -1890 -15212 END
START -468 -1456 7160 8660 472 -15575 END
START 260 -1764 6516 7996 2119 -15354 END
START 828 -1056 5580 8380 4186 -14471 END
START 808 320 5884 9790 6246 -12063 END
START -2932 2660 6460 9265 7383 -10635 END
START 192 3824 6356 7924 9867 -9355 END
START -1348 5540 6016 4430 10876 -8948 END
START -1536 7664 7024 3446 11630 -6560 END
START -2796 10024 9048 1812 12350 -2913 END
START -3688 12448 9936 502 13326 1037 END
START -4240 13796 10144 -523 13394 3175 END
START -5128 14184 12556 -2176 16193 6594 END
START -5424 14400 13248 -2557 15253 9300 END
START -5248 14728 16096 -4397 13853 12706 END
START -5864 14424 20692 -2842 14318 14892 END
START -10224 16320 23236 -5407 11826 12566 END
START -12052 9456 28484 -9017 12154 11030 END
START -8424 6464 24424 -8245 6970 10412 END
START -8896 -556 32767 -10126 7388 14106 END
START -10752 -3212 32767 -6620 4953 16554 END
START -12600 -2468 30292 -6477 2166 14300 END
START -17288 -2296 29556 -5809 -3643 11449 END
START -14624 -4584 28340 -9698 -7460 5068 END
START -14316 -9560 27804 -9477 -10246 947 END
START -11628 -12944 24968 -6533 -13140 279 END
START -10424 -13464 22984 -3175 -13974 -181 END
START -7036 -11508 21248 1652 -12515 2219 END
START -2460 -8740 18452 7258 -7803 8069 END
START -7544 -5940 14636 7883 641 7849 END
START -7576 -5244 11876 5525 -2694 1850 END
START -5468 -5708 9984 4578 -2858 -537 END