START 196 4636 21612 3818 1293 -1150 END
START 1764 5984 22676 3289 353 -1052 END
START 1792 7380 24020 3508 -601 -390 END
START 1032 8700 25224 3751 -1223 -266 END
START -672 10536 25624 3721 -1509 418 END
START -500 11440 24532 3514 -2862 2617 END
START -4856 13004 25708 1344 -4943 3915 END
START -1624 13292 25080 -1453 -6170 3958 END
START -1204 13284 24772 -2685 -8420 4693 END
START -720 11868 23032 -2664 -9214 5668 END
START -124 10700 21372 -2795 -8351 6761 END
START -376 10072 20128 -2666 -7110 8017 END
START -108 9472 16848 -2002 -6043 10220 END
START -460 9272 15076 -1980 -5157 11609 END
START -664 8412 12896 -3587 -4815 11791 END
START -112 7072 10684 -5254 -5261 11745 END
START 32 6196 9728 -6852 -5276 12393 END
START 52 5852 8824 -7999 -4212 13126 END
START -584 5208 8168 -8640 -2764 13161 END
START -1436 4056 7640 -9218 -947 13154 END
START -1748 2852 6764 -9426 584 12905 END
START -1712 1400 5520 -9341 1413 12670 END
START -1084 -552 4808 -8810 2301 13169 END
START -488 -1864 4676 -8447 3366 13337 END
START 108 -2700 4744 -8478 4761 13534 END
START 316 -3392 4892 -8870 5762 13004 END
START 232 -4592 5048 -9605 6592 11976 END
START -208 -5768 6144 -10823 7456 9939 END
START -40 -9696 8080 -10259 10173 10120 END
START -824 -9460 6864 -9607 11153 8608 END
START -1044 -10592 6996 -5545 13273 9543 END
START -240 -10316 6596 -3731 16297 8683 END
START -940 -9660 8792 -1866 17810 8260 END
START -1968 -9540 10756 -1571 18919 7007 END
START -4376 -10072 12724 -4373 19966 3139 END
START -6728 -13064 14120 -6795 19550 -1345 END
START -8360 -15936 14448 -6280 17631 -5185 END
START -8000 -18700 15144 -3813 15680 -7016 END
START -7228 -19488 16660 262 15195 -5719 END
START -7608 -17328 18668 3284 15716 -5742 END
START -8428 -14508 19560 4758 15139 -8836 END
START -8856 -13148 21144 4365 13584 -13840 END
START -8980 -11704 22280 4538 12072 -17909 END
START -6516 -13204 22088 8112 12329 -18916 END
START -8672 -9152 23332 10883 8890 -21705 END
START -4968 -7700 26968 13728 7712 -20707 END
START -4300 -4208 28536 18643 5413 -17070 END
START -9656 3020 28644 14876 7697 -17981 END
START -11668 5860 26088 14848 7239 -17941 END
START -13576 8548 24036 16223 2694 -16521 END
START -7400 12864 22392 13743 186 -18711 END
START -6752 12112 25044 12349 -1724 -20191 END
START -7360 10476 19776 15840 4193 -10054 END