START -7440 6828 20004 10164 -12899 577 END
START -7904 8824 19656 5072 -11897 -1393 END
START -7300 8412 18560 3821 -11963 -2193 END
START -7248 7544 18064 4300 -9648 738 END
START -6944 7860 18548 3651 -11930 980 END
START -7660 8936 19068 5573 -9504 3639 END
START -7760 10336 18360 5917 -10894 4295 END
START -7188 11756 18080 6064 -11400 4434 END
START -6312 11548 19064 4909 -11449 3800 END
START -6768 10552 17904 2064 -12404 2964 END
START -6748 8956 16140 2122 -13014 4600 END
START -5888 8708 15888 2822 -14286 8841 END
START -6108 9696 14576 2370 -14449 13298 END
START -4252 9772 15852 2192 -13875 13265 END
START -3204 9900 14224 2532 -14076 13704 END
START -876 8740 15100 1579 -10124 13912 END
START -908 6740 12540 3373 -8728 16227 END
START 300 6348 12512 3327 -8364 19979 END
START -312 7332 12208 1530 -6019 23098 END
START 2284 7576 12328 1847 951 28023 END
START -364 8184 10688 -4475 -2508 27829 END
START -780 7600 10020 -8595 -2483 26447 END
START -804 6520 8360 -12162 -2546 22279 END
START -284 4896 7524 -12780 -2222 19540 END
START 484 3520 7536 -13033 -1215 16673 END
START 1716 748 6700 -13681 80 16057 END
START 2504 -1008 7428 -13080 1228 17088 END
START 2532 -2084 8588 -14673 3741 17477 END
START 2776 -3036 9616 -16703 6119 17312 END
START 1820 -3188 9820 -20062 8141 15911 END
START 5200 -7852 12152 -22281 12496 16294 END
START 2580 -5640 10760 -23349 13778 13656 END
START 2136 -6812 13000 -23596 16596 11540 END
START 2640 -9384 10544 -25282 21601 8500 END
START 1460 -11764 9096 -20418 24553 5618 END
START 376 -12276 10976 -12740 31837 2127 END
START -320 -15868 9268 -4211 29009 -2884 END
START 932 -18100 11272 3886 29382 -5642 END
START -2916 -16808 14108 6800 29110 -7535 END
START -3508 -16188 17544 2650 32767 -8278 END
START -6720 -10784 17748 6337 32767 -15040 END
START -6460 -11572 19420 6115 32767 -20855 END