START 1136 5856 22468 1357 1098 -3121 END
START 1080 7408 24024 4275 -1059 107 END
START 1832 9548 25276 3079 -2388 987 END
START 592 11180 25792 3140 -2901 1281 END
START -612 12384 25036 2431 -3504 1463 END
START -692 14168 23372 157 -5520 1742 END
START -2036 13820 25256 -438 -5211 3495 END
START -1820 13596 21912 -25 -5949 5297 END
START -2112 12800 19680 -966 -6798 6977 END
START -608 11840 18612 -2085 -6862 8635 END
START -156 10848 17544 -2697 -6826 9492 END
START -64 9644 16596 -3450 -5851 10209 END
START -72 8452 14380 -3881 -5036 11698 END
START -536 7156 13060 -5031 -4113 12546 END
START -584 5612 10824 -5999 -3323 13216 END
START -1252 4324 9212 -6933 -2939 14162 END
START -932 3592 8256 -6940 -2660 14825 END
START -232 2644 7732 -7639 -1698 14765 END
START 76 1616 6284 -9029 -132 13527 END
START 104 64 5340 -9933 1105 12679 END
START 904 -1492 5212 -9737 1946 12619 END
START 692 -2780 5388 -9834 3349 12604 END
START 336 -4460 5704 -10181 4751 12641 END
START 232 -5652 5668 -9552 5758 12496 END
START 92 -5896 5348 -8921 6719 11625 END
START 776 -7444 5084 -7922 9034 10529 END
START -116 -6492 3264 -5513 11044 11989 END
START 1804 -8932 5796 -2468 13128 11309 END
START 340 -8492 8600 -2380 14607 10890 END
START -1144 -8528 9276 -2489 15125 9419 END
START -2504 -9168 11036 -4282 15586 6621 END
START -3784 -9804 12064 -4512 16143 4425 END
START -4652 -11052 12136 -3934 16645 1832 END
START -4848 -12508 13492 -1759 16410 566 END
START -4836 -12844 14904 1460 15896 587 END
START -5420 -12368 17856 1166 15423 -1642 END
START -5668 -12624 19164 1184 14966 -4957 END
START -5536 -13324 20784 2275 14653 -7215 END
START -5680 -13320 21924 2938 14140 -10242 END
START -6204 -12856 22136 3661 14224 -13918 END
START -6012 -12252 22640 6184 13177 -15124 END
START -5764 -10468 24048 7660 12442 -16156 END
START -6320 -8084 25240 8879 10701 -17071 END
START -7052 -5536 26556 12634 10350 -14479 END
START -9712 -1468 29648 13370 9318 -13494 END
START -10996 2504 28204 14099 8338 -13981 END
START -13380 5656 27840 14179 6648 -15596 END
START -12624 7580 25436 12147 3967 -18657 END
START -10828 8216 22928 10640 1101 -19981 END
START -8252 10156 20984 9664 -2078 -18526 END
START -4200 9436 18892 8745 -3180 -13474 END
START -5872 10352 21656 11960 342 -5654 END
START -9224 11540 20132 7609 372 -6073 END