START -7940 6348 28108 602 -6152 -5802 END
START -9256 6468 28736 1066 -7136 -4476 END
START -8588 6744 26912 3036 -8572 -2081 END
START -14788 10104 29428 5585 -10635 1799 END
START -11332 11280 24972 5988 -10723 3349 END
START -9768 13928 23588 6637 -13135 4569 END
START -8900 14796 22364 4469 -14164 4162 END
START -7468 13592 21092 2073 -15658 5126 END
START -6208 12668 19552 1234 -16262 7023 END
START -5508 11984 17904 1554 -15925 9660 END
START -5052 11692 16064 2251 -15576 12060 END
START -4240 11400 14188 1120 -14577 13226 END
START -3620 10240 11652 -518 -12838 14262 END
START -2368 9704 10288 -1294 -12238 14772 END
START -1456 8564 8784 -3709 -11107 15898 END
START -1408 7224 6216 -5234 -9434 16162 END
START -272 5980 4496 -5163 -7189 16871 END
START -612 5168 3344 -4992 -3965 17078 END
START -504 5532 860 -4625 -3558 15743 END
START 432 3620 1288 -4989 -2113 14467 END
START 916 2372 2604 -6622 -509 13794 END
START 1340 844 1860 -8200 1079 14137 END
START 1000 -244 1776 -9557 3387 14338 END
START 1036 -1276 1480 -10571 5402 14473 END
START 1400 -2268 1124 -11163 7211 14586 END
START 1356 -2904 1164 -11495 9610 14111 END
START 828 -3684 1248 -11655 12073 12742 END
START 840 -5016 2584 -11382 13541 10965 END
START 3444 -10076 7044 -11859 17162 9926 END
START -472 -9548 9016 -11018 17181 8467 END
START -504 -11044 9288 -8414 19703 8302 END
START -2096 -11556 8172 -9535 22614 5240 END
START -4044 -12488 11488 -6929 21979 2360 END
START -5120 -14400 13684 -5234 21259 -320 END
START -6476 -16632 15920 -4245 20607 -3219 END
START -7920 -19460 18968 -3431 18612 -7015 END
START -10096 -20668 18784 569 18255 -8736 END
START -8708 -18408 23556 7398 15772 -8675 END
START -9536 -14376 26316 10346 13906 -11765 END
START -7856 -10132 25304 9764 12380 -16029 END
START -10456 -8076 27492 10942 10428 -17362 END
START -9504 -4644 26996 11995 9362 -16847 END
START -10132 -264 27772 13953 5899 -15897 END
START -8324 2692 29800 13709 158 -15343 END
START -9036 5236 29208 17930 5204 -8749 END
START -10816 10612 28072 12206 4876 -11230 END
START -14568 15436 27876 15712 5133 -8171 END
START -13008 15196 24252 13867 1276 -6667 END
START -11596 13732 19756 5017 3360 -11414 END