START -4556 4424 15920 624 3104 335 END
START -5056 5392 17316 1362 1807 982 END
START -5364 6556 19056 214 1192 570 END
START -5736 7272 20052 -1077 643 420 END
START -5824 7660 21236 -1907 -58 736 END
START -6008 7860 22480 -1794 -813 1376 END
START -6280 8436 23660 -1151 -1649 1989 END
START -5992 8156 23740 -401 -2105 2012 END
START -7200 9080 24048 439 -2856 2526 END
START -6992 9500 24148 1010 -3301 3181 END
START -6432 9520 23468 952 -3684 4173 END
START -5784 9452 23412 1051 -4606 5442 END
START -4756 9148 23188 822 -5756 6765 END
START -4444 8580 23700 884 -6704 8429 END
START -4760 8520 23264 349 -7159 8857 END
START -5044 8032 22020 644 -8230 8784 END
START -5048 7220 20820 1207 -9056 8644 END
START -4776 7228 19368 1373 -9595 8801 END
START -3996 6452 17744 873 -9905 8980 END
START -3080 5792 16852 813 -10110 9883 END
START -2192 5400 16264 921 -9927 11121 END
START -2096 4916 15068 614 -9252 11854 END
START -2228 4720 13644 191 -8859 12356 END
START -2144 3832 12348 -570 -8306 12744 END
START -2080 3516 11044 -1266 -7824 12674 END
START -2308 3360 9572 -1963 -7515 12549 END
START -2224 2736 8960 -3068 -6651 12458 END
START -936 1624 8116 -4763 -6048 12420 END
START 440 88 6896 -4201 -2658 15618 END
START 1180 984 7988 -6826 -5809 13096 END
START 1720 1108 7660 -6254 -4979 13412 END
START 2072 392 7336 -7282 -3161 12982 END
START 2212 40 7976 -7726 -1392 12167 END
START 2048 -768 7648 -7593 428 11224 END
START 1760 -1660 7672 -7174 1850 10379 END
START 1484 -2328 7112 -7015 3294 9670 END
START 664 -3260 5700 -6162 4636 9861 END
START 1336 -3548 6444 -6037 5807 9816 END
START 1192 -3000 6532 -4879 7712 10772 END
START 1164 -2092 6256 -4269 9538 11233 END
START 596 -2032 7332 -4695 12301 11334 END
START -700 -1616 7592 -5940 13718 10055 END
START -44 -3156 9812 -4995 15564 10445 END
START -276 -3536 10252 -7782 18546 8144 END
START -1820 -5188 11336 -8587 19266 5813 END
START -2560 -7528 11204 -9500 19890 3727 END
START -5768 -8936 12904 -9723 21240 1358 END
START -5388 -11376 12892 -9583 18845 -1390 END
START -4292 -12996 14668 -7850 18215 -3645 END
START -4684 -13772 17316 -6065 17983 -6063 END
START -5068 -14924 20128 -4777 17660 -8356 END
START -6868 -15120 22292 -1077 17405 -9581 END
START -6332 -15104 24012 -82 15528 -13481 END
START -9012 -10992 25616 -455 10359 -22605 END
START -6348 -12472 26444 3971 7734 -25587 END
START -7300 -8800 28332 11255 4452 -26308 END
START -5136 -6436 28232 19275 -454 -22338 END
START -3540 -1120 31832 15036 3129 -21435 END
START -7908 2320 29392 8243 6449 -22478 END
START -4780 4804 25952 5664 4699 -18529 END
START -5488 5884 25388 10063 5431 -12270 END
START -10076 8668 24948 11787 9941 -12459 END
START -13184 11948 20068 10764 12652 -15768 END
START -14072 12024 18360 8923 9056 -16387 END
START -13236 10984 16948 5071 6293 -14665 END