START -4892 13092 20580 -948 -14323 9578 END
START -4848 11956 19968 -2978 -13498 10936 END
START -4080 10888 18084 -2803 -14271 11803 END
START -3748 9352 17252 -3174 -13552 13317 END
START -4328 8228 14988 -3405 -12247 15529 END
START -4348 6584 11040 -3346 -9849 19589 END
START -5232 5916 9252 -1687 -9643 19429 END
START -4616 5664 8720 -566 -8868 19627 END
START -3496 5340 7160 -875 -8732 19462 END
START -1636 4652 6692 -1106 -8337 19858 END
START -576 4284 6720 -2433 -6572 19612 END
START 684 3156 5744 -3674 -4282 19267 END
START 1776 1944 4644 -5124 -2568 18879 END
START 1476 892 4232 -6497 -439 18179 END
START 1652 -744 3900 -7737 1467 18287 END
START 1680 -1848 3240 -8195 2877 17361 END
START 1612 -3276 3156 -8099 4290 15377 END
START 1156 -4236 3468 -8384 5804 13297 END
START 1332 -5772 3188 -8404 7500 12308 END
START 1184 -6356 3184 -7872 9415 11616 END
START 1016 -6404 3536 -7558 11135 10682 END
START 184 -7852 3188 -5586 13773 10356 END
START 2484 -11180 6168 -4786 16191 13058 END
START 1504 -11220 10256 -6434 20517 10293 END
START 80 -11832 11256 -4949 21136 6427 END
START -364 -13636 13604 -4054 21292 1822 END
START -2904 -14680 19316 -4511 29328 -2512 END
START -1900 -17908 18124 -3616 21174 -8572 END
START -3960 -19360 20044 -2140 20775 -13249 END
START -3016 -20512 21120 2639 20279 -15645 END
START -4644 -19704 24488 9908 17770 -15312 END
START -7216 -15660 27704 12274 13559 -19797 END
START -8048 -11044 28800 16304 11901 -19272 END
START -8720 -2696 31220 15712 8535 -18603 END
START -10608 4232 32767 15444 6505 -20467 END
START -11124 5984 32767 15883 9567 -18888 END
START -11720 5132 30800 14101 8881 -17539 END