START -9184 2808 20052 5768 -7567 2310 END
START -9376 4800 19280 7140 -8188 5406 END
START -9120 7180 19960 7644 -7878 7218 END
START -8592 8688 20252 6625 -11975 4497 END
START -6552 7980 19612 5473 -12774 2709 END
START -5280 7012 19148 4761 -11105 3290 END
START -4604 6084 18280 5057 -12195 4584 END
START -3184 6340 17620 5763 -7099 9607 END
START -5476 7088 15984 6489 -7899 12706 END
START -4704 9696 15692 7004 -10527 14279 END
START -4676 10420 15492 3930 -14047 11068 END
START -2464 8284 14372 2607 -14244 9792 END
START -12 6940 13896 2255 -12669 10958 END
START 416 7044 13872 5521 -11841 14158 END
START -48 8856 14576 3705 -7408 16039 END
START -268 8844 11872 4516 -6056 18634 END
START 176 8952 11328 3295 -651 23635 END
START -1016 8384 10688 -2358 -3036 21310 END
START -684 8008 9840 -4435 -4179 23689 END
START -696 7772 9236 -7771 -2849 24039 END
START -796 6880 7204 -10382 67 22587 END
START -504 5748 7064 -10570 875 21766 END
START -184 5308 7252 -10244 1627 19184 END
START -272 4080 7052 -8967 432 17506 END
START 384 2772 8536 -9317 1408 16159 END
START 992 1512 9140 -10856 3558 15856 END
START 988 256 9044 -12693 6519 15293 END
START 984 -1528 8908 -15216 8965 14828 END
START -500 -3012 8144 -17973 9686 13930 END
START -664 -3932 7156 -17639 10671 15061 END
START 408 -8852 7552 -13048 13237 13141 END
START -796 -10272 9584 -11549 14796 7909 END
START -536 -11812 10168 -6487 14720 3688 END
START 1728 -12604 13860 -4969 15947 1324 END
START 2564 -12548 17264 -6739 19511 -1888 END
START 2884 -13776 16364 -4443 23406 -4480 END
START 704 -15708 14660 5613 24706 -6270 END
START -3560 -14268 18904 13967 17377 -13713 END
START 40 -14228 23260 9276 27235 -18382 END
START -3060 -10368 26240 8895 26711 -28899 END
START -2988 -8188 24200 12984 32591 -31634 END
START -7540 -6000 22724 8802 31293 -32768 END
START -8740 -3244 24244 10151 27608 -29210 END
START -11864 -992 21712 10915 15916 -19933 END