START -8908 11720 22796 6520 -7295 301 END
START -10540 12596 23548 4842 -7878 629 END
START -10700 11736 20772 3654 -10742 3019 END
START -9968 12088 21448 3352 -10113 5444 END
START -10788 12024 18780 3179 -13088 8075 END
START -7116 12340 19520 3364 -10297 10696 END
START -7660 12172 15884 922 -15254 9123 END
START -5016 11632 16500 107 -15041 8436 END
START -3464 10384 15144 -45 -15041 8342 END
START -2348 8504 12304 -2072 -13418 9086 END
START -2320 8000 10848 -1942 -11931 12537 END
START -972 7424 9308 -3265 -9971 16746 END
START 368 7428 7876 -4620 -7727 19982 END
START 112 6212 7552 -5799 -4154 23090 END
START -616 5776 5108 -7078 -2568 24961 END
START -120 4936 4648 -8804 -611 26595 END
START -240 4008 2448 -9911 4328 28925 END
START -1932 4552 3340 -11239 3304 26127 END
START -1104 3264 3764 -10778 4074 23406 END
START -1684 2032 3764 -12105 4168 19385 END
START -1224 -112 3344 -13030 4388 15939 END
START -380 -2080 3876 -14346 5888 13931 END
START -72 -3988 4036 -16321 8689 12046 END
START 76 -5904 4208 -17915 10698 10889 END
START 2680 -7064 4204 -18458 12839 11065 END
START 348 -13580 5756 -17135 15959 8144 END
START -2248 -15132 8488 -11659 17620 6026 END
START -2604 -16632 6824 -9227 18342 1043 END
START -2292 -16924 11416 -6161 17470 -3229 END
START -3056 -17468 14368 -3335 18694 -6773 END
START -4044 -20044 15196 749 20779 -10458 END
START -6260 -19308 18060 6445 19443 -15784 END
START -2924 -20544 22256 13044 19135 -20464 END
START -6200 -16064 24484 16686 19161 -21863 END
START -6560 -9764 25860 18756 18058 -22222 END
START -1844 -3040 23744 21986 9117 -23491 END
START -2980 1040 25468 20517 12908 -18759 END
START -7824 3180 27012 13032 15559 -15510 END
START -10656 2464 24772 14142 11262 -13940 END