START -4284 5372 21784 1925 388 -2959 END
START -5864 6176 23212 1532 1386 -1863 END
START -6552 7352 23468 1472 -3005 -1661 END
START -6948 8208 24400 -241 -4644 -2226 END
START -6992 8456 25084 -2075 -5799 -2912 END
START -5824 7924 24880 -1336 -7252 -2435 END
START -5052 7960 24328 -836 -7369 -1786 END
START -4180 8284 23520 -128 -7734 -894 END
START -3940 8416 23104 792 -8228 -82 END
START -3724 8884 21912 1867 -9116 1028 END
START -3520 9732 21556 1655 -10277 2153 END
START -3440 10468 20960 738 -10832 3574 END
START -2840 10504 19988 -648 -11264 4229 END
START -2556 10280 18656 -1591 -12260 4645 END
START -868 9560 18088 -1870 -12378 5965 END
START -368 9508 17040 -1248 -11900 7061 END
START -148 9648 15592 -1024 -11139 8030 END
START 944 7904 15736 -1682 -8610 8740 END
START -788 8776 11472 -1076 -8205 10412 END
START -832 7880 10484 -2699 -7436 10481 END
START -264 6820 9044 -3326 -6042 11473 END
START 40 5756 7788 -3483 -5761 11775 END
START 876 5072 7464 -3894 -4827 11836 END
START 1556 4196 6600 -5073 -2304 12068 END
START 952 3476 5488 -4826 -320 13025 END
START 880 2556 5088 -5034 825 13190 END
START 208 1984 5748 -5704 1846 13112 END
START -328 1416 5220 -6486 2734 12871 END
START -448 440 5296 -7692 3564 11414 END
START -144 -932 5524 -8501 4657 10383 END
START -112 -2352 5320 -8735 5636 9428 END
START -344 -3740 5260 -8808 6588 8926 END
START 60 -4744 5832 -8137 7997 8940 END
START -900 -4648 7068 -8644 9078 7515 END
START -756 -9036 9620 -7060 11871 8456 END
START -3884 -7072 7872 -5789 11365 6915 END
START -2392 -9336 8304 -4019 13603 8302 END
START -3520 -9060 9384 -4922 16053 7062 END
START -4268 -8532 11212 -3285 15596 5494 END
START -4260 -8736 12280 -2423 15409 3498 END
START -5148 -9008 14304 -2493 15431 1442 END
START -6080 -9852 15728 -2797 15127 -624 END
START -7464 -10664 16964 -3057 14540 -3397 END
START -8120 -12092 17844 -2724 13630 -5826 END
START -8260 -13412 19064 -1682 12772 -7830 END
START -8436 -13504 20064 338 11657 -9507 END
START -8036 -13368 21396 2154 10243 -11432 END
START -7580 -12524 22096 4449 8900 -13358 END
START -7152 -11524 23320 6682 8286 -14751 END
START -6876 -10048 24080 8927 8614 -15060 END
START -10760 -6692 26032 9040 6230 -15985 END
START -7036 -3656 26620 10921 5010 -16318 END
START -7120 572 29324 10570 2497 -17173 END
START -8728 5348 29352 10228 -1949 -18587 END
START -12628 7544 31892 8046 -4 -18801 END
START -10252 8156 30268 15689 -1742 -12566 END
START -12640 11528 28576 12956 -2514 -12894 END
START -12332 12760 23248 14068 -4878 -9554 END
START -10960 15028 20924 12933 -7466 -6430 END
START -8232 18028 16420 10349 -9260 -7241 END
START -4524 15944 20392 1480 -6381 -6535 END
START -2500 12532 16572 2998 -5845 -6915 END
START -1064 10904 13792 91 -5048 -7693 END