START -9520 2672 20700 29 -3949 -7049 END
START -8916 2724 21620 881 -4922 -7248 END
START -8180 5248 21720 4883 -6399 -2471 END
START -7972 6668 23140 6041 -5371 -700 END
START -8732 8296 23616 5167 -6498 -387 END
START -9260 8892 23800 4685 -7860 -649 END
START -9488 8112 23332 3276 -8773 -599 END
START -9160 7792 21948 3859 -9367 901 END
START -8716 7632 21380 5785 -10123 2578 END
START -7736 8092 20400 6948 -10594 4266 END
START -7420 8484 20872 8334 -8182 7201 END
START -6472 10684 20160 7106 -11210 6079 END
START -5500 9940 17144 6485 -11911 6237 END
START -4980 8748 16108 6713 -11385 7552 END
START -4804 8292 14260 5942 -10465 9066 END
START -3800 8516 13104 6341 -9313 12538 END
START -3592 8300 11796 5817 -8665 14655 END
START -3676 10420 11220 2809 -9122 15544 END
START -2920 10040 9668 1676 -7242 15975 END
START -2952 10056 9208 434 -7486 14220 END
START -2548 9220 8072 -402 -6408 14270 END
START -1920 8248 7520 -1556 -4809 15187 END
START -1392 6676 6528 -3130 -3639 16828 END
START -1528 6012 6628 -4018 -2765 18441 END
START -1700 5284 6604 -5973 -1381 19002 END
START -1352 4456 7232 -8073 -740 18668 END
START -752 3024 7040 -10695 235 17702 END
START -456 1744 6692 -13018 1498 16609 END
START -864 260 6224 -14494 3274 15269 END
START -1244 -1140 6012 -14581 4835 13205 END
START 136 -3388 7060 -12391 5447 12755 END
START 144 -2464 7528 -11807 7480 12924 END
START 2400 -6952 8908 -9003 9814 13244 END
START 1772 -6840 13072 -11630 13501 11306 END
START 64 -8372 11016 -10646 15352 8926 END
START -884 -9696 12492 -10557 17070 6085 END
START -2352 -11176 13252 -9092 18540 2444 END
START -2260 -12596 14208 -4902 18532 -906 END
START -3012 -13192 16740 968 17268 -3832 END
START -2948 -10920 18460 3405 16301 -9769 END
START -4848 -11256 20960 5581 11330 -16555 END
START -2052 -11060 23140 4511 15243 -18371 END
START -1280 -9008 22556 5137 15197 -21193 END
START 324 -10084 24168 7459 20385 -20675 END
START -1340 -1008 20948 12524 21816 -16899 END
START -9096 1688 28300 17605 12788 -10522 END
START -12672 -1736 25036 491 6628 -18436 END
START -10660 -464 23144 -1287 5132 -15915 END
START -10860 1280 22320 6107 420 -11484 END