START -11476 3512 17704 3573 -7608 -9019 END
START -8284 1816 16964 6077 -6816 -5534 END
START -9164 4224 21936 7065 -9185 -4576 END
START -9304 4788 22756 4096 -9962 -8163 END
START -9116 3896 20884 2956 -10471 -8432 END
START -9088 3852 22048 4350 -11286 -7548 END
START -8692 2772 21400 3378 -10456 -6495 END
START -8372 2608 20448 6562 -11559 -2388 END
START -7872 3616 20440 8573 -12477 1448 END
START -7588 5628 20200 9890 -12465 4351 END
START -6084 7948 19472 10730 -13564 6184 END
START -8352 8684 19204 10800 -13010 6356 END
START -9064 8388 18028 8306 -12959 5279 END
START -9456 7196 16092 7665 -13435 6707 END
START -8364 5616 14520 6970 -17374 9473 END
START -5940 4408 13556 8207 -18891 14802 END
START -5108 6084 13476 11019 -18547 20675 END
START -4312 8596 13772 12031 -16424 25195 END
START -4616 10064 13180 9308 -15826 22528 END
START -2580 9928 11844 7063 -14426 19441 END
START -208 7972 11168 3333 -13285 16037 END
START 1512 5688 9084 1341 -11774 15126 END
START 2824 4288 8920 -342 -10279 16602 END
START 2836 3280 8888 -2563 -7223 18158 END
START 2884 4232 9216 -3936 -6181 19672 END
START 3404 3188 9112 -5892 -3715 18588 END
START 3468 2776 8564 -8040 -1912 18220 END
START 3508 2884 8676 -10789 713 17218 END
START 3172 2172 8712 -13185 3835 15608 END
START 3008 1388 9068 -15030 6821 14123 END
START 3628 32 10460 -15265 13168 14465 END
START 2388 -920 10144 -18704 11685 11489 END
START 2600 -2160 10148 -21056 14700 10813 END
START 2016 -3492 10576 -23766 17807 8743 END
START 2996 -6880 11336 -22607 20654 9188 END
START 1904 -6172 10484 -23987 25093 8171 END
START 844 -9308 9652 -18622 26646 8127 END
START -76 -11520 11196 -15969 30411 5611 END
START -3504 -12292 11868 -10084 32767 -528 END