START -7792 8276 18904 6129 -6017 -1734 END
START -6796 10800 20524 5871 -7715 -1705 END
START -5984 11768 21720 3633 -7797 -2519 END
START -6156 10832 21756 2107 -9116 -2454 END
START -6228 8728 20628 1522 -8704 -1315 END
START -9952 9016 20768 3174 -5850 4309 END
START -9108 9820 16392 3362 -9389 8245 END
START -9436 10980 16520 2256 -10307 12470 END
START -10152 15428 19792 1393 -14269 12387 END
START -7056 13496 19528 -4616 -10394 5579 END
START -4764 10328 13436 -762 -10242 5859 END
START -3200 9072 12624 3811 -13188 10615 END
START -1360 8900 12616 3555 -10442 12516 END
START -620 8024 12352 2610 -7128 14060 END
START -548 7372 10680 1576 -3454 18356 END
START -612 7908 7912 -341 -3610 20229 END
START 656 6748 8480 -3307 -676 22159 END
START 0 7100 6904 -5799 1153 22442 END
START -244 6672 5328 -8608 2327 21517 END
START -148 5360 4064 -9528 3911 19556 END
START 316 4680 3696 -9560 4310 16264 END
START 372 3560 3764 -9066 3574 13098 END
START 1444 1624 5220 -9617 4167 11158 END
START 1644 200 5636 -11001 7286 10906 END
START 1384 -796 5808 -12748 11337 9599 END
START 1264 -2688 4956 -14577 13735 8420 END
START 1972 -4340 3856 -15305 15454 7732 END
START 6004 -6684 5172 -15935 18111 7111 END
START 3536 -9688 6964 -12699 20054 6234 END
START 2256 -11868 10676 -11319 20637 5422 END
START -272 -14204 11244 -13343 21240 203 END
START -3764 -15884 15776 -10957 19672 -6482 END
START -2844 -18584 18672 -9346 18741 -14065 END
START -1364 -21776 18728 -5928 16430 -16768 END
START -2656 -20708 22896 2861 15613 -11363 END
START -2104 -17196 27112 7928 13818 -10192 END
START -7980 -9044 29800 5669 8463 -14425 END
START -10028 -7292 30208 7828 6551 -16308 END
START -12980 -4384 29392 11461 3660 -13403 END
START -9700 212 28380 13153 975 -14892 END
START -11108 4192 30008 12892 -2835 -13249 END
START -5488 8988 27692 14936 -3057 -9800 END
START -9156 10884 25532 11578 3444 -12211 END
START -5672 10968 23832 8917 4504 -13646 END
START -7264 9728 18700 9133 6870 -11116 END