START -3660 10192 26072 3024 -2749 -244 END
START -7496 11868 24716 4582 -4967 1347 END
START -6860 10820 18784 5425 -7528 2978 END
START -9492 13356 19772 4550 -7008 4614 END
START -7744 13648 19884 5527 -8295 7448 END
START -7456 13848 18288 3461 -8872 9113 END
START -6312 13156 16268 1503 -9173 10923 END
START -4916 11636 14404 -919 -8590 12244 END
START -3452 10204 12324 -2204 -7432 13368 END
START -2524 8692 10872 -3552 -5960 15557 END
START -2984 7564 9440 -5329 -4718 17054 END
START -2392 5808 7960 -7588 -3131 17384 END
START -2936 4472 6612 -10014 -2260 17226 END
START -2632 2328 6064 -12781 -1115 16866 END
START -2420 920 5056 -14427 -1003 16172 END
START -452 -996 4992 -17043 759 14930 END
START -2244 -2388 3824 -17558 2628 14133 END
START -1808 -4536 3040 -16254 4438 13477 END
START -1520 -6756 3076 -14193 6249 12273 END
START -720 -8840 4168 -12176 7742 11619 END
START -1432 -10392 5024 -10334 9766 11479 END
START -484 -12636 6940 -7553 12510 11587 END
START -248 -13588 7072 -7734 16038 9154 END
START -1388 -14800 8988 -6399 16752 6057 END
START -2296 -16036 10936 -4894 16883 1810 END
START -3484 -16256 13224 -4136 16901 -4234 END
START -4148 -18348 14752 -545 15999 -10619 END
START -4532 -19072 17272 5307 15172 -14935 END
START -5112 -18668 19424 10240 14716 -19756 END
START -4092 -17220 22384 13896 10260 -24039 END
START -4356 -12416 24536 16038 6211 -25083 END
START -5644 -7424 26652 18768 4731 -21288 END
START -9244 -2520 29128 15396 7410 -20398 END
START -8732 3648 27080 19825 7371 -16654 END
START -8668 8352 26708 17827 -178 -17127 END
START -7040 13584 28916 15795 -675 -17828 END
START -10112 9216 26312 10268 5520 -21535 END
START -10840 10076 19180 11235 11483 -16743 END
START -11316 11324 18040 13760 7663 -10796 END