START -10660 4768 21156 9722 -12265 -4627 END
START -11192 5472 21724 7664 -12769 -4239 END
START -10732 4096 21344 5761 -13661 -4636 END
START -10856 4888 19948 8031 -13377 -1550 END
START -10500 7232 19908 11223 -14854 2501 END
START -9360 9440 20892 10479 -15549 3757 END
START -6388 10412 20096 9235 -15265 4534 END
START -6484 10292 19512 8140 -16348 4210 END
START -6100 10052 19224 7031 -14139 6569 END
START -6328 9232 16236 6605 -14623 9104 END
START -4224 9180 15740 7893 -15808 11630 END
START -3564 9640 14996 7367 -15025 14643 END
START -2676 9184 13644 7030 -14061 17028 END
START -2384 9368 13724 6085 -13222 18185 END
START -3552 8620 11044 6743 -12276 19515 END
START -1992 9112 11520 4816 -12236 19035 END
START -936 9156 11840 2373 -11213 19252 END
START -272 8076 10288 698 -8829 18179 END
START 756 6628 9316 -616 -6577 18845 END
START 1260 5796 8504 -2950 -5491 19070 END
START 1992 4240 7148 -4902 -3655 20460 END
START 1992 3544 6680 -7974 -1766 21254 END
START 1632 2672 6128 -10261 19 22398 END
START 2632 2932 6092 -11739 3043 23013 END
START 1028 1264 6628 -13878 4930 21160 END
START 548 156 6992 -14635 8787 20180 END
START -376 -1076 7392 -16952 9021 16620 END
START -396 -3412 7808 -17909 9479 13445 END
START -652 -5256 9116 -19926 11439 9350 END
START -216 -6884 9580 -21664 13124 5402 END
START 168 -9788 7296 -19193 14763 4146 END
START 2360 -12768 10820 -15205 16996 3874 END
START 1500 -14380 13760 -14110 21679 182 END
START -68 -16908 10156 -8741 27317 -3521 END
START -1368 -17864 11000 1607 27415 -7035 END
START -2104 -16748 17416 3483 30088 -9625 END
START -3892 -16016 19596 -1271 31091 -17009 END