START 404 2660 14624 188 -214 -3613 END
START 1024 1724 16240 -2080 846 -5981 END
START 1100 544 17008 -2776 1922 -6734 END
START 636 -420 17312 -2335 3513 -6317 END
START -616 -256 18072 -1119 4853 -5275 END
START -1972 960 18528 160 5509 -4612 END
START -2880 1852 18888 719 5016 -4765 END
START -4628 2744 19788 229 3716 -5097 END
START -5260 3280 20176 88 1988 -4943 END
START -5604 4144 21900 -329 -371 -4652 END
START -5724 5120 23632 -849 -2445 -4778 END
START -5452 6036 25688 -416 -4443 -4986 END
START -4772 6844 26956 488 -6194 -4892 END
START -4732 7908 27476 1216 -7101 -4770 END
START -5808 8496 27328 2315 -7852 -4532 END
START -6236 8968 26212 4612 -8640 -2771 END
START -6140 9948 25928 5815 -9211 549 END
START -5732 11252 25388 5861 -9847 3308 END
START -5616 12424 23356 5468 -11535 5836 END
START -5132 13700 22504 5406 -13293 6699 END
START -5540 13676 21444 4801 -15079 5368 END
START -4232 12816 20060 2586 -14857 4762 END
START -3448 12132 17772 3020 -15518 5949 END
START -2836 11620 15852 2735 -15294 8102 END
START -1996 10580 14668 1546 -15585 10714 END
START -1168 9580 13068 651 -12646 16216 END
START 432 9008 14748 -1090 -10961 18017 END
START 164 6688 13316 1881 -9612 20106 END
START -2440 7132 11648 -37 -7803 17990 END
START -1568 5436 9592 1243 -6358 18261 END
START -680 4288 8280 2054 -4806 18952 END
START -1096 4040 7592 639 -3504 18410 END
START -1096 3188 5968 -1039 -2322 17809 END
START -2092 3488 6340 -4977 -55 14850 END
START -52 816 3108 -5605 -938 15495 END
START 792 276 3404 -5585 -1944 16373 END
START 1680 -468 3644 -6676 -618 16164 END
START 2136 -1392 3796 -6864 1078 16060 END
START 2352 -2272 4216 -7514 3753 15133 END
START 2364 -3100 4236 -8146 6322 13990 END
START 1828 -4172 4464 -8769 8552 12956 END
START 1176 -5364 4828 -8979 10435 12110 END
START 1032 -6788 4788 -9477 12394 11428 END
START -364 -6820 4464 -10034 13838 9624 END
START -1156 -8472 820 -6498 15321 9151 END
START 1992 -10752 5196 -4290 16416 11555 END
START 1440 -9164 8900 -7330 19335 8630 END
START 352 -9604 10148 -7276 19524 5908 END
START -632 -11212 11912 -8104 21183 2966 END
START -2072 -12540 12960 -8414 23128 -538 END
START -2896 -14484 12956 -6800 23259 -3108 END
START -3692 -15832 15080 -4169 21774 -4727 END
START -6024 -15896 17976 -2329 20957 -6357 END
START -5140 -15952 20140 -418 19245 -7348 END
START -6004 -15892 22424 1257 18226 -9679 END
START -5928 -13812 24204 3216 15513 -13386 END
START -5836 -10880 26880 4345 12726 -17955 END
START -4012 -9488 27948 5570 12342 -19895 END
START -5848 -5504 26744 9404 10973 -19838 END
START -6580 -5992 29792 11499 16408 -14144 END
START -14100 -556 28856 13228 15182 -10587 END
START -16512 4168 24364 14280 8750 -12786 END
START -12768 7284 27220 10456 3280 -16880 END
START -9132 7732 28236 12087 -2304 -16867 END
START -7280 9096 32748 8589 -6846 -22606 END
START -6276 7992 28568 6050 -1927 -23104 END
START -8404 6188 29860 9151 174 -19281 END
START -7772 7272 20652 14619 8636 -8311 END
START -7144 7616 16636 15086 7292 -4988 END
START -10152 6740 15672 13860 3194 -33 END