START -9484 7784 24220 -151 -6596 1505 END
START -9292 8764 24064 1114 -8478 4374 END
START -8780 9896 23452 2276 -9937 6191 END
START -8292 10888 22796 2806 -10798 6858 END
START -7680 11364 22172 2299 -11445 6860 END
START -6804 10720 20436 1760 -11360 7431 END
START -5068 9640 18448 1526 -10180 9787 END
START -4096 8992 17772 1467 -12116 10913 END
START -2904 8744 15888 971 -11639 12443 END
START -1616 8192 14820 1421 -11933 13769 END
START -636 7724 14380 22 -10852 14224 END
START -404 7412 13008 -228 -10311 14715 END
START -592 6816 12756 -615 -8493 15111 END
START -1692 5924 10600 -1224 -7688 15807 END
START -144 5028 9760 -1183 -6815 16137 END
START -908 4496 9432 -1797 -5531 15678 END
START -20 3436 8400 -2297 -4694 15062 END
START -104 3200 8012 -3244 -4082 14296 END
START 1008 2152 7348 -4976 -3509 13073 END
START 1484 1064 7304 -6022 -2732 12921 END
START 1960 -44 6932 -6898 -1225 13115 END
START 1616 -544 6256 -6516 489 14138 END
START 1092 -976 6288 -6855 2207 14277 END
START 172 -1928 6012 -7309 5449 14928 END
START 180 -1136 5840 -8991 6353 13174 END
START -200 -3388 4816 -8774 6480 11745 END
START -692 -4220 4448 -9162 7948 10375 END
START -916 -4604 4028 -9403 9345 8773 END
START -1508 -6084 4928 -8035 11805 9292 END
START -1964 -6512 5136 -7967 13242 8362 END
START -132 -8684 7108 -6119 15344 9686 END
START -1568 -8988 8208 -8119 18032 8033 END
START -2468 -10112 9740 -7519 18617 5521 END
START -2820 -11740 11264 -5980 19556 2861 END
START -3188 -13268 12332 -4855 21284 -1129 END
START -3324 -14612 14280 -747 21457 -4175 END
START -4216 -15184 17264 1433 21872 -7812 END
START -4048 -16184 19324 3733 23183 -9990 END
START -4684 -17612 23244 7520 20169 -12332 END
START -3496 -15644 23852 10112 24768 -10405 END
START -8100 -10776 23808 10214 22268 -15782 END
START -7224 -4980 28044 11719 20522 -16870 END
START -7484 -276 29800 14299 20335 -15663 END
START -9060 2516 30108 10910 19726 -17176 END