START -11548 2800 19892 2621 -6448 -11874 END
START -12304 2848 19596 2874 -9920 -11851 END
START -11200 3364 18928 1934 -12458 -11860 END
START -10208 2584 18740 1368 -14111 -11585 END
START -9020 2516 18888 3395 -14753 -9852 END
START -7612 3328 20548 4594 -14823 -7971 END
START -8188 2812 21056 4101 -13499 -6582 END
START -8172 2300 19640 5372 -13156 -4974 END
START -8380 2392 19308 7460 -12916 -3622 END
START -8028 3580 18328 9016 -13704 -1232 END
START -7796 5824 18452 9379 -14520 886 END
START -6660 6724 18688 8246 -15249 2289 END
START -4668 7184 18336 6681 -15620 3396 END
START -6228 7380 18112 6859 -14994 4768 END
START -6512 7128 17556 5664 -14034 5463 END
START -7256 6816 15956 5658 -13513 6680 END
START -5740 6472 15276 7027 -10988 10124 END
START -6952 7112 14644 6313 -12438 10705 END
START -4292 6892 12992 6478 -14198 13904 END
START -3544 7876 13392 4252 -13368 15785 END
START -3784 8804 13136 3793 -14017 18203 END
START -3892 8740 15412 2058 -8959 22752 END
START -2540 9656 12676 -2950 -10737 22528 END
START -1828 8036 11256 -5009 -10083 20912 END
START -1660 7532 9528 -5348 -6658 18182 END
START -780 6116 8612 -3692 -5924 16243 END
START 1028 4880 8648 -3417 -5417 16111 END
START 2392 3776 9448 -3770 -3444 16659 END
START 2048 2976 8944 -5965 -794 17304 END
START 2136 2300 8680 -7687 1734 17756 END
START 1748 1832 8952 -10449 3700 18242 END
START 1264 1236 8904 -13311 5311 17930 END
START 972 720 8904 -16720 6883 16973 END
START 784 -700 8956 -19645 8019 15586 END
START 72 -2092 8776 -21947 8740 13230 END
START 596 -4276 8392 -21920 9233 11581 END
START 1348 -5616 9548 -21358 10470 9853 END
START 1324 -6920 8788 -21333 13470 9096 END
START 2872 -9404 9964 -18052 14944 10358 END
START 2188 -9552 11952 -17019 19180 9240 END
START 496 -10372 10956 -15032 22664 6067 END
START 1616 -12784 12384 -9053 23988 3672 END
START 2232 -14840 11656 64 26037 2709 END
START -1188 -12856 15396 5959 24165 -1369 END
START -2464 -10740 17020 7639 24517 -7813 END
START -1708 -11284 20608 5042 25362 -11925 END
START -7524 -10500 22884 3501 32767 -16694 END
START -11224 -7696 22348 3302 32767 -21952 END
START -14768 -11496 18992 5077 32205 -25869 END
START -15932 -11420 18908 8896 24138 -24274 END