START -5664 12280 21020 2453 -18221 2394 END
START -6020 11692 21416 -736 -17031 1481 END
START -4996 9404 18192 1388 -17777 4626 END
START -8196 8156 19408 1626 -11143 9451 END
START -9460 8064 12100 3085 -14235 10649 END
START -6972 9016 14760 2861 -14841 13256 END
START -6620 9356 11936 1845 -13507 13731 END
START -3428 8640 13024 -611 -16725 12197 END
START -2740 7460 11380 -1491 -17021 11091 END
START 1016 4808 12636 -2395 -13714 12669 END
START 1084 3512 9848 -2053 -9874 15127 END
START 1588 3452 9696 -472 -7802 20011 END
START -632 4392 7464 -1576 -4184 21264 END
START -1548 3768 6152 -1784 -2682 21529 END
START -1612 3472 5056 -2489 -2058 20705 END
START -544 3504 4260 -2626 -4842 19078 END
START 148 2148 5708 -5191 -6784 15680 END
START 1948 660 6468 -7684 -6099 14297 END
START 2968 -880 6412 -8500 -3481 14167 END
START 3472 -1980 6896 -8438 -888 14818 END
START 4076 -2368 6700 -8542 1411 16135 END
START 2892 -2496 6012 -9632 3781 16890 END
START 560 -2480 5052 -9800 6949 15802 END
START -340 -3176 4572 -8773 8807 13349 END
START -268 -4432 4936 -7555 7742 12010 END
START 148 -4352 6780 -8357 7414 11019 END
START 4944 -10476 11132 -9476 12003 11775 END
START 2644 -6780 9800 -9525 12653 10673 END
START 1376 -7484 12432 -9384 14668 11347 END
START 980 -9284 10092 -10640 16708 9523 END
START 352 -11176 11336 -9960 17829 7311 END
START -164 -12976 12404 -6862 19661 4886 END
START -544 -15060 12732 -3399 21006 2418 END
START -816 -16084 12832 -295 21564 229 END
START -1352 -16124 13740 3570 21033 -575 END
START -1844 -14284 15768 5551 22079 -1762 END
START -2352 -12988 18308 9818 23018 -1743 END
START -3056 -12580 20876 9514 20569 -5910 END