START -7184 8112 22488 4953 -2808 -4159 END
START -7900 9000 23664 3660 -4019 -3657 END
START -7376 9240 24072 997 -4852 -2209 END
START -5492 8804 23220 666 -5632 16 END
START -6700 10308 24384 1144 -4906 3167 END
START -8128 9428 23252 1176 -6610 5564 END
START -9040 8896 21564 167 -7359 6584 END
START -10688 9012 18752 131 -8450 7691 END
START -10448 8848 17528 201 -10297 8168 END
START -8328 9060 17576 509 -11959 7991 END
START -5552 9200 17176 905 -13077 7997 END
START -3832 9672 17608 191 -12709 8538 END
START -3432 9172 16248 -238 -10468 9395 END
START -4248 8240 14580 -1065 -8816 11347 END
START -5092 7124 11836 -3304 -7814 14267 END
START -5688 6216 8936 -3985 -5585 18353 END
START -5176 5796 6916 -4618 -7519 18973 END
START -4556 5688 7272 -4452 -8160 18602 END
START -3596 5244 6556 -4252 -8480 17056 END
START -1336 4036 6724 -5795 -8190 15181 END
START 260 2876 7380 -7468 -6669 13698 END
START 1580 1240 7008 -8488 -4428 13527 END
START 2212 -364 7128 -9150 -1375 14131 END
START 2144 -1424 6456 -10146 777 14836 END
START 2592 -2712 5696 -11309 2468 15843 END
START 1812 -3552 5672 -13289 4863 16558 END
START 1000 -4204 4540 -15773 7681 16140 END
START -20 -5448 3900 -16820 9525 14863 END
START -944 -6424 3792 -17883 11146 12503 END
START -476 -11248 4988 -15530 13522 12001 END
START -276 -13616 7652 -15298 16676 8640 END
START -1196 -15616 9168 -13536 18065 4558 END
START -4076 -17044 11400 -10778 22792 1198 END
START -3376 -16592 12624 -6679 23803 -2678 END
START -3640 -18628 13292 1859 21446 -5880 END
START -5708 -18548 17808 2223 17453 -12592 END
START -5104 -21920 19652 1974 21510 -15453 END
START -7368 -20384 20828 1987 22778 -21076 END
START -5448 -14928 20940 6762 16313 -24993 END
START -6240 -12772 23268 17630 11389 -18459 END
START -10388 -4240 29964 20696 7079 -15440 END
START -10772 1564 29804 19706 7576 -18539 END
START -13468 4976 27504 14763 -555 -23914 END
START -9356 5972 24376 13648 4395 -24166 END
START -11344 6772 21912 8992 7592 -25094 END
START -9124 7624 19136 14378 9132 -14391 END
START -9452 10104 20112 15508 6681 -9289 END