START -1460 8116 17456 2725 260 -5578 END
START -1896 9492 18680 3359 563 -5205 END
START -2192 10200 19540 2540 818 -4289 END
START -3200 10752 20364 2067 -37 -1775 END
START -4824 11984 20824 1745 -1265 476 END
START -6620 14252 22584 266 -2140 1403 END
START -7340 15844 22340 991 -5743 2180 END
START -7304 16380 21828 250 -6539 1592 END
START -7716 16164 20836 280 -7991 1311 END
START -7512 15392 20284 -585 -8766 1647 END
START -6472 13448 19304 -809 -8665 4194 END
START -6240 12140 17720 504 -8374 8841 END
START -6456 11972 16620 2252 -8616 13353 END
START -6308 11928 15192 1243 -8491 15463 END
START -4932 10716 13268 -259 -8362 17236 END
START -4896 9980 11076 -1759 -9223 17103 END
START -1872 8272 9976 -5328 -6590 17573 END
START -1960 5640 8588 -7510 -7563 16505 END
START -940 3780 7628 -7442 -6792 17595 END
START 100 3168 6488 -9511 -5143 17942 END
START -884 2140 5948 -9200 -1668 19452 END
START -20 2404 4876 -8916 -2078 19461 END
START 980 1832 4096 -9485 -2129 18084 END
START 1628 660 5280 -9708 -636 16348 END
START 1924 -496 5536 -10371 1357 14954 END
START 2680 -1952 5500 -9985 3430 15090 END
START 2812 -2728 5676 -10107 5830 15455 END
START 2532 -3320 5376 -10196 8013 15742 END
START 2288 -3524 5292 -10065 9649 15449 END
START 2120 -4440 6168 -10210 10842 14562 END
START 2192 -5328 7856 -10467 11918 12749 END
START 1172 -5780 9000 -10466 12603 9826 END
START 512 -6844 7380 -7962 14239 8619 END
START 3232 -10304 11036 -6910 16316 7873 END
START 1996 -11428 13500 -5858 18622 6230 END
START 324 -11444 13356 -4720 19379 3337 END
START -340 -12152 13852 -4900 20169 768 END
START -552 -12816 15416 -4237 20754 -766 END
START -1704 -14216 16576 -2599 20892 -2431 END
START -3600 -15244 19048 -474 19469 -6629 END
START -3788 -16004 21016 3004 19351 -11549 END
START -7492 -15396 23780 7212 16560 -15987 END
START -5188 -15544 24716 10372 12372 -18044 END
START -6036 -10980 26396 13671 11535 -17597 END
START -6588 -5680 27472 13994 8477 -17721 END
START -5092 -204 28124 12970 5193 -17793 END
START -6784 4644 30200 7941 1032 -20621 END
START -6080 6160 30232 10227 9504 -20150 END
START -9868 5760 28448 10515 11020 -21636 END
START -11412 8088 24800 17333 17913 -14072 END
START -15528 9220 20788 16477 13979 -7485 END