START 2496 2632 16212 267 2984 -5712 END
START -1880 3116 18636 1436 5201 -4654 END
START -2712 3472 19108 1989 7005 -3579 END
START -3608 4692 20412 2399 5066 -2602 END
START -3180 6444 22104 3066 2922 -1420 END
START -2604 8612 24012 2730 1525 -1230 END
START -6168 10488 26056 2529 -168 -2024 END
START -5868 11804 26116 114 -2666 -3823 END
START -7896 10836 28364 535 -3091 -2202 END
START -7036 11612 26236 2929 -4441 797 END
START -7224 11808 25340 2740 -5357 2897 END
START -6640 12648 24532 2328 -7121 4513 END
START -6400 12616 23776 1683 -9043 5570 END
START -6428 12584 22748 1050 -10656 6075 END
START -6188 12056 21612 367 -11570 6075 END
START -5736 11608 19676 -64 -12037 6902 END
START -4752 10424 17248 186 -12160 8657 END
START -4020 9288 15212 106 -12350 10559 END
START -2624 8620 13696 -987 -12036 12303 END
START -1816 7844 12868 -1416 -11384 13526 END
START -1300 8000 11160 -1279 -11036 15220 END
START -392 6684 10356 -2308 -8767 15911 END
START -456 5508 8404 -3054 -6810 16266 END
START -500 5012 6228 -3756 -5168 17339 END
START -556 3532 5108 -5238 -3720 17752 END
START -1120 2416 4248 -7553 -2494 17697 END
START -1004 1036 3292 -8984 -1696 18323 END
START -1096 132 2380 -11452 -511 18121 END
START -1080 -744 1468 -13498 727 17389 END
START -32 -1688 884 -14384 2667 16864 END
START 804 -2596 16 -14507 5459 16146 END
START 1044 -3548 -920 -14086 8755 15155 END
START 816 -4552 -120 -12809 11635 13404 END
START 1732 -6176 2156 -11084 13307 11673 END
START 5668 -10040 7264 -13076 17140 10125 END
START 1808 -10176 8008 -12884 18330 7347 END
START 424 -12684 9548 -13315 21462 5737 END
START -1860 -15188 8576 -14298 22893 629 END
START -3012 -17960 11100 -11269 21179 -3993 END
START -3480 -21152 14804 -5814 19971 -6098 END
START -3376 -22204 17892 244 19013 -6382 END
START -3928 -19780 24704 1661 19541 -8548 END
START -4840 -18744 25764 6888 15989 -8995 END
START -8748 -12784 30232 6914 12361 -13462 END
START -7624 -11392 30100 11139 12493 -16244 END
START -9864 -9112 30860 15000 10386 -16595 END
START -8748 -5500 29456 17813 3896 -18668 END
START -5988 340 29436 20126 8734 -14217 END
START -6748 5468 27840 21906 9697 -11156 END
START -9032 8072 29004 17691 8430 -14682 END
START -8376 9408 24956 12556 12796 -16750 END