START -2116 7312 21732 3585 -6339 2091 END
START -2244 8672 23488 3413 -6701 2569 END
START -2460 9760 23700 3155 -5625 2342 END
START -3724 10168 22980 3518 -6553 3047 END
START -3840 9876 21336 2692 -7359 4450 END
START -4336 10360 20804 2705 -8102 6819 END
START -3752 10748 20508 1836 -9222 7872 END
START -3700 10488 18708 669 -9454 8455 END
START -2880 10480 17408 1156 -9519 8953 END
START -2888 9312 16116 1104 -8691 9951 END
START -2028 8652 14408 836 -7448 11537 END
START -1860 8392 12824 821 -5861 13431 END
START -2064 7820 10864 -126 -2968 15883 END
START -2168 7624 10476 -2304 -4379 15416 END
START -1724 6692 9292 -4333 -4017 16174 END
START -2116 5748 8736 -7134 -3192 16267 END
START -24 4444 7324 -9464 -507 17888 END
START -1744 3688 6468 -12374 -32 16678 END
START -1080 2076 5680 -12453 940 15884 END
START -524 308 5592 -11033 2087 15289 END
START 116 -744 5612 -9467 2829 14913 END
START 536 -1992 5932 -9809 3793 14203 END
START 796 -2744 5780 -10866 5066 13006 END
START 916 -3820 5416 -12347 7236 11282 END
START 756 -4848 4424 -13117 9481 10060 END
START 608 -6304 4300 -13632 11142 9256 END
START 124 -9968 5512 -14006 14815 9084 END
START -1328 -10392 5152 -12790 16634 6694 END
START -1104 -12976 8416 -8201 17569 6680 END
START -1276 -14356 10132 -7954 20284 3722 END
START -2612 -14636 11972 -5131 19769 1044 END
START -4260 -14916 15044 -3241 20294 -3138 END
START -3952 -14992 16880 -2093 19747 -7472 END
START -4240 -15920 19160 2124 17617 -9722 END
START -4768 -15416 23168 7174 15919 -11058 END
START -6504 -12452 26292 9410 13536 -15397 END
START -4128 -8556 27856 11488 9946 -17044 END
START -3648 -5000 30104 13424 9039 -16976 END
START -6100 836 32632 15170 7256 -13589 END
START -8268 4584 32188 15737 4028 -14557 END
START -8112 7136 31396 13571 10407 -13159 END
START -11916 8360 28616 7905 11149 -15883 END
START -12168 7412 23864 6930 11699 -14812 END