START -9036 960 19784 -107 862 -6249 END
START -9132 1056 20320 988 -71 -7483 END
START -9112 1544 20168 983 -2209 -8836 END
START -8188 600 19072 2594 -2290 -7612 END
START -9232 2424 20424 2987 -3875 -6204 END
START -9660 4228 19752 349 -5865 -9109 END
START -10068 4428 20432 -728 -8179 -10820 END
START -9316 3884 20236 -849 -9253 -13288 END
START -8456 2372 19804 108 -9774 -15748 END
START -8208 2164 19908 1922 -10178 -16719 END
START -6920 2300 19484 4525 -11001 -15423 END
START -6692 3096 20316 4199 -12019 -14283 END
START -6844 3800 19272 4015 -12716 -13629 END
START -7336 5100 18548 4794 -17081 -13069 END
START -7960 5104 19148 5676 -14111 -11864 END
START -7744 5520 18664 6783 -14030 -10734 END
START -6252 5336 19292 7591 -14025 -9093 END
START -4324 5296 19412 8308 -13142 -5975 END
START -3600 6416 18904 9826 -11867 -1330 END
START -3948 9272 18352 10641 -10961 2629 END
START -4912 10492 18400 8621 -11172 4012 END
START -6996 10792 16756 4553 -10824 4212 END
START -8232 10052 13780 2989 -12565 3681 END
START -7284 10072 13772 3712 -14214 4951 END
START -6604 9720 13084 3411 -14085 5938 END
START -5016 8400 12484 3655 -13161 9044 END
START -3836 7396 11872 3585 -12289 12686 END
START -256 5580 11508 1967 -9131 18927 END
START -4592 6896 7320 772 -9580 22343 END
START 1576 5328 11320 1433 -8784 29021 END
START -644 7844 12076 -2844 -2331 28799 END
START -1060 6920 8036 -1671 -228 31323 END
START -2140 6140 6876 -5273 4690 30958 END
START -612 5572 6024 -8174 5088 28648 END
START -68 4196 6568 -8887 5208 26766 END
START -680 3056 5208 -8068 4532 24533 END
START -232 1780 6600 -10154 4848 21453 END
START 92 292 7460 -12426 6522 19898 END
START -284 -640 8356 -14895 7728 18972 END
START -256 -1924 9424 -18425 9365 17132 END
START 220 -3572 9980 -21780 11420 15012 END
START -1888 -4072 9964 -24010 13036 12369 END
START -1900 -6188 8004 -22292 15938 12837 END
START 124 -11092 5764 -17429 19288 11429 END
START -1552 -12676 9640 -14682 19830 10043 END
START -3844 -15248 7832 -8761 19917 6652 END
START -3612 -14384 10128 -261 17294 4994 END
START -2396 -12792 15596 4111 16422 2857 END
START -4872 -10684 17564 4075 19291 235 END
START -2504 -9796 17848 5296 23363 -6888 END
START -9188 -6428 20568 4267 18148 -15373 END
START -5916 -9196 21180 3220 17296 -23797 END
START -2024 -7560 24476 5253 20888 -28593 END
START -4168 -8132 23540 2439 32767 -32768 END
START -7420 -7996 18828 3966 32767 -32768 END
START -8524 -7092 20752 7053 32767 -32768 END