START -4056 7468 22696 -814 -1900 2404 END
START -6804 8968 23728 2676 -7395 4957 END
START -5540 12088 25284 2300 -9575 5442 END
START -2388 14420 26508 3026 -12365 5177 END
START -1452 15448 27816 2496 -10783 4341 END
START -768 14972 24776 2854 -11817 5759 END
START -868 13820 23288 1721 -11084 7362 END
START -1644 12740 21044 -15 -10321 9230 END
START -2928 10844 17976 -514 -11205 11053 END
START -2132 9896 16172 -1078 -12677 11367 END
START -504 8452 14952 -1409 -12439 11595 END
START 856 8444 13252 -447 -12323 12350 END
START 3288 7640 14112 -925 -10148 13230 END
START 3028 7696 12276 -1766 -7383 13328 END
START 3492 7292 9940 -1753 -5670 13898 END
START 2056 6544 9428 -3496 -3447 14145 END
START 660 4968 7196 -6217 -1571 14180 END
START -100 4088 6224 -7215 -997 15100 END
START -132 2992 5480 -8264 -812 15670 END
START 76 3096 5228 -8580 -214 15099 END
START -300 2760 4936 -7571 166 14611 END
START 328 2056 5372 -7615 677 14041 END
START 592 980 5576 -8400 1943 13488 END
START 1184 -284 5440 -8918 3419 12617 END
START 1344 -1684 4784 -9328 4666 12241 END
START 624 -2452 4916 -9809 6214 11888 END
START 1184 -3332 4116 -9859 7829 11451 END
START 1676 -4052 4056 -9862 9348 10893 END
START 1424 -4712 4356 -9616 10573 10540 END
START 1100 -5996 4656 -9656 12470 9846 END
START 884 -6332 4784 -9017 13773 9029 END
START 5444 -8436 7960 -9279 17034 8622 END
START 728 -9748 10220 -7064 17729 7447 END
START 192 -10172 9608 -3249 19757 8566 END
START -1016 -10260 10240 -5913 21954 6429 END
START -2756 -11064 13092 -5990 21676 3677 END
START -4400 -11964 13420 -4802 21818 1222 END
START -1028 -13392 14132 -3619 23188 -1160 END
START -5080 -14476 17824 -1525 18389 -4252 END
START -4920 -15080 19760 -1183 16912 -8349 END
START -4872 -14588 22388 385 14492 -11061 END
START -5200 -13864 25440 2043 13995 -14012 END
START -2256 -14096 26256 3490 11267 -16637 END
START -4748 -12860 29712 4929 12660 -17592 END
START -7240 -11900 28396 7640 12158 -19152 END
START -9040 -10120 26684 11510 8521 -22238 END
START -7332 -6324 28264 17199 5945 -19778 END
START -7420 -684 31640 18095 4832 -20828 END
START -9508 4024 30920 21023 3736 -18666 END
START -8876 8272 28336 17582 10120 -16667 END
START -8368 9380 20564 24251 14578 -10742 END
START -11876 11396 19528 14776 17048 -12241 END