START -12120 9488 27724 -473 -4805 -1787 END
START -11692 9876 28680 474 -6543 -112 END
START -10048 9900 27280 2829 -9127 2988 END
START -10148 12008 27388 3970 -11241 5100 END
START -10112 13120 26400 3778 -12679 5794 END
START -10284 13128 24528 3453 -14187 6109 END
START -9668 12252 21352 2709 -14689 7217 END
START -8644 10308 18576 2714 -14859 9830 END
START -7568 10028 16428 3471 -15669 12475 END
START -6296 9780 14980 2668 -14643 14327 END
START -4924 8512 12204 1545 -13916 15081 END
START -3032 6904 10332 219 -12942 15574 END
START -1832 4796 8404 44 -11205 17119 END
START -1956 4932 6764 -1505 -10472 18259 END
START 48 3420 5012 -1508 -9232 19646 END
START 224 3212 5748 -3732 -6044 20327 END
START 712 2396 3168 -6218 -3922 20788 END
START -68 1808 1100 -7598 -3065 20832 END
START -68 1388 156 -8428 -1881 19515 END
START 1196 740 -336 -9496 16 17590 END
START 2172 -80 -828 -9426 1448 16738 END
START 3052 -872 -448 -8973 3225 16210 END
START 3540 -1828 572 -9950 6212 15409 END
START 3916 -2864 900 -10972 9121 14730 END
START 3500 -3884 1412 -12258 11815 13705 END
START 2788 -5368 2236 -12903 17031 14189 END
START 2464 -6432 2012 -12958 17512 9691 END
START 4880 -13008 6564 -12165 23255 8805 END
START 2696 -10496 6408 -11506 22498 4317 END
START 1324 -12912 9536 -6180 24765 5791 END
START -512 -13600 10900 -10086 27598 1957 END
START -3860 -14964 15668 -11129 26323 -3988 END
START -7396 -18256 18052 -9248 24704 -9677 END
START -10492 -19560 20712 -6073 25070 -13221 END
START -10272 -21084 21252 4706 21054 -12550 END
START -11024 -16892 24280 10604 15018 -13549 END
START -10884 -11000 28184 8153 10994 -16507 END
START -8020 -4140 28224 16484 13030 -11543 END
START -9196 112 31960 13377 15579 -12752 END
START -9768 92 31264 14738 9594 -11911 END