START -2464 8 3572 391 8236 3726 END
START -756 -104 4704 -2238 6752 2024 END
START -80 -460 4240 -2121 5356 1339 END
START 1788 -1628 5820 -3878 5982 -1744 END
START 2328 -3248 6216 -4906 6802 -4068 END
START 2724 -4280 6612 -4256 7839 -4903 END
START 3700 -5200 7344 -3299 10512 -5992 END
START 3956 -4488 7956 -1489 13399 -6890 END
START 3720 -3496 7576 3128 17272 -4517 END
START 2348 -1044 6576 6010 21680 -2406 END
START 732 1436 5744 8089 24879 -595 END
START -1796 3844 5476 8576 26273 1667 END
START -4684 5768 7376 7149 26874 2714 END
START -9008 5624 8676 4620 27466 2294 END
START -6556 6652 11684 3142 25458 -514 END
START -6132 6304 14368 1285 23710 -3570 END
START -4956 5904 15992 1312 23276 -5516 END
START -5256 7192 16468 4990 24261 -3687 END
START -6972 9628 17696 8705 26497 -56 END
START -12820 11400 20496 9764 26774 1669 END
START -10736 9964 21116 5868 25768 3148 END
START -14416 9288 22688 2802 24677 1561 END
START -10020 6840 20136 2746 20471 1137 END
START -10912 7668 24416 1210 15831 519 END
START -10344 7496 29608 1121 13002 -1062 END
START -10064 6480 32460 -122 11361 -2402 END
START -10316 5748 32767 -1184 10605 -2730 END
START -12424 4036 32767 -3188 9567 -2377 END
START -14284 2732 32767 -3541 5872 -276 END
START -15700 3124 32767 -3901 1649 989 END
START -15700 3832 32767 -4648 -1890 862 END
START -15652 5160 32767 -3285 -5941 693 END
START -14652 5276 32767 -3711 -9055 -1041 END
START -13728 4260 32552 -3361 -11882 -1562 END
START -12624 4204 29888 -1778 -13840 27 END
START -11572 4792 27884 -167 -15535 2507 END
START -10520 6312 25908 897 -17377 4588 END
START -9468 8132 24116 1075 -18804 5301 END
START -9356 9192 21552 263 -19993 5120 END
START -9184 9376 18716 -399 -20775 5287 END
START -8708 8868 15444 -622 -21231 5607 END
START -8940 8036 11880 220 -23304 7102 END
START -5348 8600 10416 -372 -22551 7457 END
START -3688 8520 8812 -208 -21011 7924 END
START -2816 8200 7044 -1467 -18742 8265 END
START -224 7240 4568 -1761 -16894 8688 END
START -748 7140 3036 -2064 -14067 9023 END
START 188 6520 1016 -2227 -11386 9625 END
START 1304 5612 -204 -2427 -8036 11020 END
START 1036 5152 -1692 -3351 -3794 13460 END
START 1180 5540 -3116 -4691 339 15298 END
START 656 5456 -3552 -6526 3748 15791 END
START 620 4540 -3560 -8260 5397 15336 END
START 44 3052 -3768 -10886 8499 13756 END
START -1148 628 -3056 -12764 11408 11602 END
START -2904 -3204 -2108 -13242 13660 8748 END
START -4080 -7808 -104 -12784 16123 5141 END
START -5420 -12728 2896 -11094 17436 1614 END
START -7604 -16592 6272 -9576 17071 -3753 END
START -6560 -21468 9228 -3865 17407 -4268 END
START -7280 -22520 13860 -655 18314 -7543 END
START -7468 -21312 17048 3998 17215 -12362 END
START -6756 -18724 21952 9770 13586 -16644 END
START -7308 -16268 28616 15385 10249 -18548 END
START -8644 -13880 32588 13612 11364 -21421 END
START -12124 -8984 32767 18175 10152 -15785 END
START -14668 1000 31372 23166 3550 -10038 END
START -20100 10748 32020 29331 9731 -3745 END
START -21368 16868 26388 26339 7652 -729 END
START -19140 19716 24068 21337 4025 -707 END