START 216 -32 7424 1757 3980 -1611 END
START -3536 228 7008 1595 7697 679 END
START -5636 860 4044 2060 7123 3011 END
START -4572 2548 5108 416 9153 3194 END
START -5772 2568 4700 -528 9898 3094 END
START -4496 2864 5032 -2198 8680 1257 END
START -4228 2120 5032 -3393 8955 417 END
START -3448 1288 5736 -3905 10174 222 END
START -2752 788 6292 -4184 12551 107 END
START -2016 236 6380 -3814 14875 438 END
START -1728 -152 6820 -3170 17425 1118 END
START -1572 304 7692 -2494 19839 1808 END
START -1748 180 8076 -265 22024 3655 END
START -2256 1104 10016 780 22841 4035 END
START -3728 2372 12228 80 24045 1645 END
START -4884 2160 14064 -1509 24190 -403 END
START -4868 704 16448 -2479 22525 -1458 END
START -4600 392 20764 -3435 21949 -2901 END
START -5192 -324 23116 396 17667 283 END
START -5836 1152 29144 2075 14467 630 END
START -6860 1664 32767 -892 14164 -3360 END
START -7844 248 32767 -959 11001 -5343 END
START -8584 672 32767 -2200 8606 -7563 END
START -10260 104 32767 -268 5224 -8162 END
START -11268 1028 32767 2454 1284 -5130 END
START -11572 3576 32767 4288 -1345 -3024 END
START -12432 4848 32767 4141 -3200 -2544 END
START -12628 5748 32767 4880 -7407 -1846 END
START -11468 5916 29584 4225 -9969 -1546 END
START -10288 5548 25820 4304 -12357 97 END
START -8952 6244 23676 5015 -14686 1967 END
START -7468 7376 22580 4570 -16196 2233 END
START -6000 7596 20448 4216 -17388 2049 END
START -4728 7100 17992 4201 -17604 2341 END
START -4264 6448 16224 4525 -16694 3279 END
START -4888 6540 13340 5175 -14844 4971 END
START -4696 6220 9912 6196 -13969 7810 END
START -4144 6460 8216 5666 -12358 10089 END
START -2784 6380 5584 4355 -10544 11118 END
START -2088 6528 3956 3206 -8505 11669 END
START -1400 6264 3240 1534 -6683 11565 END
START -604 5796 2708 -355 -3775 11550 END
START 164 4968 2348 -2204 -121 11341 END
START 1088 3576 2268 -3080 3942 12085 END
START 996 2168 1852 -5090 10604 12854 END
START 2692 44 880 -3000 10118 16426 END
START 1972 -672 2248 -5037 14129 16268 END
START 1072 -2576 3088 -7036 19388 14872 END
START -752 -4284 4064 -6520 22497 13581 END
START -2696 -5244 6936 -5601 24234 9883 END
START -4312 -6228 10200 -5105 24557 4165 END
START -6592 -7472 14620 -5607 22823 -3007 END
START -8924 -10212 18636 -5990 21143 -9831 END
START -13484 -12672 20876 -4389 16950 -16200 END
START -14156 -12288 25820 3207 6650 -14860 END
START -11796 -9016 27840 -1153 5898 -18343 END
START -14856 -3496 31768 7866 -3824 -15340 END
START -8876 2192 32767 3393 -2698 -15896 END
START -9596 2052 32767 6239 2367 -12032 END
START -11304 3468 24300 12520 2726 -6212 END
START -10860 6736 22212 12752 3453 106 END
START -10692 9640 19608 12333 3131 4946 END