START 5724 1084 5992 1639 2991 3276 END
START 4952 1660 5416 217 2327 1646 END
START 5652 1424 5440 727 2959 2150 END
START 5808 1848 6460 146 4738 1706 END
START 6064 1680 6576 -643 7078 1249 END
START 5668 1276 6760 -733 9036 1528 END
START 5284 1152 7152 -401 10797 2222 END
START 4456 1044 6856 -684 12956 2280 END
START 3456 784 6452 -597 14618 2342 END
START 2492 808 6044 -601 16111 1801 END
START 1964 860 6068 -500 16960 1175 END
START 2020 932 6436 -550 18150 986 END
START 2096 932 7188 -868 19564 954 END
START 1424 1480 7816 -824 20285 880 END
START 1840 1280 8848 -1523 22554 327 END
START 532 1076 10376 -849 25023 988 END
START -736 672 10240 -695 26404 7 END
START -1956 -160 11136 -1792 27727 -1808 END
START -3932 -1380 11156 331 29987 -1533 END
START -4104 -1640 10500 2963 30182 -1350 END
START -3288 -888 12200 4591 30688 -1483 END
START -4324 264 14872 6043 30597 -815 END
START -5000 1636 18912 5412 31130 -964 END
START -9076 1884 21064 4525 31405 -986 END
START -10908 1420 21576 2777 28814 -1541 END
START -13812 2408 22644 3102 26028 -2370 END
START -14584 3024 24560 5712 21550 -2458 END
START -14092 4836 28840 5333 18327 -4652 END
START -14460 4592 31100 3538 15721 -5289 END
START -16184 4720 32767 1637 13591 -6224 END
START -16536 4076 32767 1523 9275 -5910 END
START -16468 4072 32767 1119 6249 -5632 END
START -15872 4060 32767 720 3287 -5457 END
START -15392 4200 32767 1634 -164 -3610 END
START -15364 5360 32767 1480 -2827 -2345 END
START -15092 5676 32108 2228 -6458 -705 END
START -14956 6976 30272 2869 -9382 588 END
START -13900 7540 27928 1408 -11932 312 END
START -11908 7364 25736 937 -14684 815 END
START -10384 7076 23708 511 -16122 1458 END
START -8816 6996 21804 734 -16857 2498 END
START -8248 7724 20172 1625 -17247 3497 END
START -7524 7308 18280 1342 -16783 4243 END
START -7296 7220 15700 1678 -16502 5944 END
START -6704 7176 13032 1490 -16266 7878 END
START -6080 6972 11352 1070 -15920 9253 END
START -5460 7100 9672 -22 -15704 9954 END
START -4628 7036 8128 -1348 -15557 9901 END
START -3716 6856 6956 -2599 -15342 9693 END
START -2500 6260 6204 -3775 -14358 9437 END
START -1900 5316 5316 -4530 -12364 9737 END
START -1492 4680 4328 -4491 -10050 10366 END
START -1756 4704 4224 -4656 -6332 10391 END
START -280 3784 2644 -3284 -5367 12031 END
START -216 4004 3852 -4571 -1269 11750 END
START -656 3124 2020 -5167 1597 11943 END
START -24 2348 2440 -4113 2675 12939 END
START 380 1256 2672 -5094 5222 12213 END
START 148 12 3260 -5933 7858 11273 END
START 116 -2000 3324 -7049 10042 10290 END
START -52 -4364 4020 -7712 11992 8896 END
START -668 -6944 4832 -7846 13615 6644 END
START -1164 -10012 6908 -7149 14953 3925 END
START -2396 -11928 9128 -5589 17116 471 END
START -3588 -12800 11348 -3528 19370 -3649 END
START -4768 -13120 13940 -1610 20832 -8614 END
START -4704 -13544 17080 1489 20107 -12374 END
START -5132 -13344 21764 3991 18840 -15148 END
START -6872 -12436 23312 6926 19599 -17184 END
START -11668 -10828 23504 10089 23648 -17896 END
START -16628 -8632 25256 10566 25396 -15331 END
START -21484 -4104 27008 16384 19216 -6207 END