START 1260 -876 3564 -294 19052 -554 END
START 380 -276 5892 9 20812 -1356 END
START -1556 1524 6524 437 21177 -2439 END
START 176 736 6208 1388 22907 -1801 END
START -1372 484 9616 1212 23781 -402 END
START -3636 -108 11140 -264 24886 -54 END
START -5560 -604 13192 -1419 25713 57 END
START -8280 -872 13864 817 27921 2032 END
START -9468 -780 15652 4401 27028 1885 END
START -7992 904 16348 6622 26327 937 END
START -8716 3928 20384 9025 25657 -310 END
START -10644 4764 24092 8885 25332 -1559 END
START -9768 4512 26068 7522 24613 -1932 END
START -11500 3040 26780 5271 24535 -2178 END
START -14468 2752 26356 4915 23047 -820 END
START -15992 2832 23832 6595 20222 1127 END
START -16492 4688 24112 7715 17483 1428 END
START -15776 6752 25612 7613 13465 -10 END
START -13872 6776 27456 6143 11411 -1037 END
START -12472 7112 29240 5336 8973 -1130 END
START -11936 7148 30392 2276 8244 -2174 END
START -11752 6024 29264 490 7042 -2229 END
START -11756 4448 28892 -202 5028 -1869 END
START -11992 3320 29144 -750 2903 -1196 END
START -11156 2424 30032 -375 -460 -123 END
START -11256 2936 30368 -1326 -2827 -1034 END
START -10828 3464 30296 -1668 -5108 -2727 END
START -10968 3916 30296 -1174 -7718 -3754 END
START -10312 3952 29044 -1008 -9356 -4197 END
START -10088 4452 27696 -540 -10488 -3408 END
START -9868 4876 25756 169 -11341 -1556 END
START -9872 6800 24756 518 -12730 1027 END
START -10236 8684 24328 250 -14287 2796 END
START -10220 10364 23592 -134 -15852 4153 END
START -10036 11340 21952 -793 -17207 4571 END
START -10160 11528 19540 -1240 -18173 4912 END
START -9856 10908 16920 -1058 -18774 6196 END
START -8664 10796 14228 -1162 -19516 7798 END
START -7748 10812 12796 -2442 -19749 8783 END
START -6660 9700 11152 -2324 -20296 10231 END
START -5040 8372 10476 -3357 -20335 10725 END
START -4488 7212 9880 -4780 -20010 10546 END
START -3764 5188 8572 -5861 -19007 10107 END
START -2960 3472 7032 -6039 -17788 10300 END
START -2248 2292 6092 -5083 -16323 11234 END
START -1708 1580 5104 -4420 -14098 12042 END
START -1232 832 3656 -3860 -11646 12487 END
START -724 0 2656 -3195 -9417 12780 END
START -460 -344 1576 -2659 -7352 12802 END
START -124 -784 1264 -2400 -4760 13031 END
START 308 -1164 272 -2577 -1726 12457 END
START 732 -1652 -548 -2237 1332 12417 END
START 1432 -1640 -996 -2075 4298 12257 END
START 1668 -1928 -1316 -2517 7755 11286 END
START 2092 -2260 -1812 -2857 11226 10244 END
START 2300 -2712 -1944 -3141 15219 9413 END
START 2164 -3656 -1672 -3605 18863 8572 END
START 1684 -4928 -864 -4082 22152 6888 END
START 1008 -6296 1080 -4439 24315 3939 END
START -112 -9656 4352 -6156 26604 -579 END
START -2556 -11756 8772 -4633 28976 -5029 END
START -4608 -14020 11804 -4185 30131 -12431 END
START -6536 -17424 16768 -2695 27993 -19921 END
START -8532 -20568 22112 2110 23313 -23250 END
START -11128 -21400 29308 7132 19341 -23448 END
START -15272 -17480 32767 10914 18987 -19699 END
START -22820 -10300 32767 18633 17253 -13590 END
START -17272 -6192 28984 18201 21841 -14012 END
START -23236 5236 32767 27084 17628 -9715 END
START -27128 9060 31976 21246 13724 -14435 END
START -23224 9160 30052 22529 10785 -8067 END