START -552 -80 3132 1309 16432 604 END
START -864 -128 3424 2659 17148 2772 END
START -536 1312 5524 3251 18008 3623 END
START -1960 1928 7556 2801 19644 2929 END
START -3464 1584 9140 1511 20917 1549 END
START -5208 300 10672 -31 22072 124 END
START -6904 -2184 10804 -1177 21978 -780 END
START -4916 -2784 12312 2220 23102 857 END
START -4716 -1384 14504 7063 23575 2831 END
START -4624 1116 17048 8714 25049 1799 END
START -5028 2452 20964 9636 24337 86 END
START -7692 3080 24696 6707 24921 -2610 END
START -7100 172 25192 4579 24977 -3632 END
START -10372 -936 25644 4406 23549 -3330 END
START -12100 64 26048 6544 20867 -3785 END
START -12092 2696 27988 7208 17239 -4990 END
START -10668 4396 32348 8228 14305 -5275 END
START -10552 5784 32767 7663 11565 -5583 END
START -12780 6672 32767 5036 8010 -5221 END
START -14992 7432 32767 2324 7017 -3473 END
START -15836 7980 32767 1536 3182 -1691 END
START -17508 9296 32767 1078 -1767 -2065 END
START -15804 9780 32767 1115 -6942 -2822 END
START -12984 10172 32767 1692 -11795 -3126 END
START -9552 10736 32767 937 -14206 -2964 END
START -8312 11264 31436 1205 -14654 -234 END
START -10636 11648 26704 2613 -16554 3643 END
START -9064 12500 22348 1259 -15032 7364 END
START -8076 13712 19172 1371 -16403 10226 END
START -6136 14444 16772 -964 -18064 10240 END
START -4392 14584 14100 -2977 -19406 9260 END
START -3032 13688 10948 -5749 -19099 7670 END
START -4044 12884 9016 -5843 -17618 8960 END
START -1108 10856 5420 -6270 -16093 11269 END
START -2220 9600 4420 -7919 -12595 12656 END
START -1524 7456 -236 -9482 -9980 14233 END
START -1892 6068 -2436 -9787 -5897 15497 END
START 1228 3292 -5088 -10501 -772 16910 END
START -2072 2856 -5708 -10542 2828 16651 END
START -2240 -144 -6036 -12408 7002 15762 END
START -2944 -3840 -4764 -13211 8563 14389 END
START -4468 -7636 -2752 -15541 10484 10509 END
START -5176 -11920 -1844 -17294 11359 6284 END
START -4676 -16960 -288 -14595 12037 4107 END
START -6204 -19816 3224 -14582 9949 -2587 END
START -6004 -21856 5456 -10762 9381 -7628 END
START -6124 -24412 10576 -5689 10665 -10709 END
START -7068 -25364 14776 577 11447 -14164 END
START -7036 -25484 16912 7259 11032 -17693 END
START -6064 -22956 20084 14652 9884 -18775 END
START -5384 -17416 24480 20128 9825 -16503 END
START -7044 -8872 26616 26487 7199 -10570 END
START -5340 -720 30016 22439 12627 -11515 END
START -15688 8500 29884 32767 11198 -12825 END
START -19220 13828 26840 26408 9971 -14078 END
START -18384 17220 25372 20576 7329 -12923 END
START -20680 21392 21884 18919 3578 -7942 END
START -15104 20456 22228 16686 -2491 -135 END
START -13012 20356 18904 8931 -5820 3696 END