START 3412 -1404 7044 424 1759 3186 END
START 3444 -2456 5808 732 2210 3996 END
START 2956 -2140 6172 489 3114 4268 END
START 2916 -2388 5612 64 4196 4075 END
START 2272 -2392 4748 387 4813 4447 END
START 2164 -1740 5548 1660 5364 5110 END
START 2424 -1380 6664 2051 6305 4699 END
START 2872 -1652 7496 1691 7620 3575 END
START 3664 -1916 7528 1551 9285 2598 END
START 3988 -2260 7608 1654 11036 1888 END
START 4232 -1896 7268 2159 12833 1757 END
START 3936 -980 7508 2798 14521 2299 END
START 3468 -408 7872 2563 16086 2374 END
START 2380 -184 9040 2205 17096 2169 END
START 1604 -420 10444 1616 18201 1536 END
START 1408 -512 10164 2075 19619 1156 END
START 64 -1308 11448 799 20239 -576 END
START -36 -2692 12068 3714 20922 1024 END
START -536 -2172 11480 4543 22759 1266 END
START -388 128 12180 5722 23953 604 END
START -684 1916 12112 7805 25079 1247 END
START -1608 2992 15844 6980 26497 376 END
START -3292 2768 18488 5587 27603 -104 END
START -3672 2292 20728 3037 30144 -1049 END
START -6984 56 21584 1586 25781 -3029 END
START -6348 -1892 20492 1992 23100 -3757 END
START -6100 -756 22648 6140 21135 -3618 END
START -5440 1128 23844 9180 22900 -3754 END
START -5560 2588 25416 10838 21851 -2251 END
START -8668 4980 30988 8098 20886 -2689 END
START -14188 5088 32736 5124 22422 -3918 END
START -13540 4388 31856 5228 16630 -3210 END
START -13568 3608 30820 6007 10384 -1487 END
START -12700 5908 32767 1065 10170 -5104 END
START -12936 5540 32767 4620 3992 -3043 END
START -11608 6188 32767 3132 1026 -3739 END
START -10744 6284 32767 1670 -622 -2407 END
START -10108 6724 32767 1225 -2612 -780 END
START -9900 6448 32767 42 -4697 -563 END
START -9168 6048 31832 -76 -7491 -314 END
START -8396 5796 30576 -538 -9936 -578 END
START -7676 5508 29064 -655 -11709 -111 END
START -7112 5612 27028 -208 -12754 886 END
START -6464 5732 24704 352 -13475 1944 END
START -5892 6064 22656 553 -13807 3165 END
START -5068 6392 20692 633 -14280 4304 END
START -4668 6768 19080 -193 -14689 4687 END
START -3872 7344 18116 -418 -15330 4791 END
START -3296 7652 16780 -1142 -15472 4556 END
START -3448 8248 15028 -1682 -15207 4546 END
START -2792 7564 12640 -1269 -14373 5438 END
START -4152 6960 11376 -1926 -14707 6461 END
START -3680 6480 8560 -2584 -12509 7786 END
START -3840 6532 8352 -1995 -11723 9661 END
START -3260 5912 6892 -3112 -10321 10384 END
START -2840 5448 5704 -3806 -9052 11119 END
START -2336 4604 5020 -4786 -7565 11112 END
START -1936 3300 4188 -5544 -6003 10648 END
START -1572 2104 3848 -5928 -4054 10371 END
START -1120 844 3268 -5687 -2228 10737 END
START -1160 -172 3148 -5627 150 10479 END
START -1624 -1048 3508 -5836 3484 9463 END
START -788 -2584 2072 -4639 4816 9839 END
START -972 -2960 3716 -4389 7294 9410 END
START -564 -4144 3516 -3693 9547 9739 END
START -1248 -5192 4096 -3038 11436 10191 END
START -2020 -5688 5216 -2962 12675 9198 END
START -2504 -5992 5888 -3075 14202 7345 END
START -3368 -6256 7472 -3086 15103 5037 END
START -3984 -6792 8832 -3142 15536 2172 END
START -4036 -8248 11028 -3887 16058 -988 END
START -4664 -10412 13448 -3566 16029 -2835 END
START -5204 -12668 15048 -1686 15875 -4748 END
START -5108 -13852 18516 1597 14086 -5849 END
START -5460 -13652 22000 3840 12950 -6537 END
START -5680 -12260 25028 5276 13049 -7813 END
START -6296 -9672 28204 7739 12193 -9305 END
START -7916 -6308 32176 8647 10957 -11794 END
START -10096 -4284 32767 8506 8949 -14552 END
START -11808 -2888 32767 8847 7002 -16712 END
START -14664 -2392 32767 8791 5122 -15819 END
START -15688 464 31080 11575 1546 -11609 END
START -16336 4888 30076 12835 -2873 -8811 END
START -14968 8852 28772 10803 -6213 -8429 END
START -11272 11140 27976 8759 -8727 -9193 END
START -7300 10268 22580 5740 -11219 -9698 END
START -4816 9976 22716 4137 -9425 -8902 END
START -6396 8896 19324 4027 -8709 -7019 END
START -5752 9252 17420 5485 -7495 -3836 END