START 4368 1044 4268 -2344 8562 928 END
START 3340 856 4540 -2891 10939 127 END
START 2844 464 4032 -1930 12449 77 END
START 2516 468 4100 -1543 14345 -369 END
START 2388 476 4428 -1165 16180 -310 END
START 2136 584 4824 -1424 17789 -451 END
START 2284 920 5708 -1671 19315 -537 END
START 2200 960 7284 -1988 20912 -213 END
START 880 1180 8380 -2408 21830 -269 END
START 1208 164 8844 -1771 23623 31 END
START 168 20 11048 -250 25176 937 END
START -1212 196 11376 218 26805 194 END
START -2848 688 12168 -787 28391 -2140 END
START -2680 148 11952 2148 27965 -1553 END
START -6740 1072 15732 4803 31424 62 END
START -6868 1216 14844 3429 28404 207 END
START -5284 3384 18204 3479 29067 166 END
START -5892 5040 19492 4239 29738 987 END
START -9264 6384 20832 2853 29415 -315 END
START -13016 4600 21344 3162 28204 -102 END
START -15688 3572 21452 2718 26125 -935 END
START -15200 3420 22360 2803 22002 -2893 END
START -10212 1660 22752 4926 17179 -3365 END
START -12196 3496 26692 1718 16944 -4741 END
START -12120 3616 29392 3373 13139 -2548 END
START -13348 4188 32640 2164 10896 -3814 END
START -14412 2916 32767 -38 9179 -5697 END
START -14460 1244 32432 -689 7022 -6569 END
START -14852 824 32584 1249 3309 -5922 END
START -14208 840 32672 2232 252 -4921 END
START -13452 1788 31896 2136 -1641 -3827 END
START -13424 3944 31236 4067 -5346 -1299 END
START -13408 6008 30740 3788 -7765 -1731 END
START -13224 6524 28744 2723 -9957 -2229 END
START -12524 6264 25576 2140 -12046 -2010 END
START -11300 6472 23308 2681 -14463 -1287 END
START -9284 6752 22188 3106 -16219 -189 END
START -7860 6776 21520 3769 -17129 1432 END
START -7248 7248 20616 4563 -17354 3095 END
START -6816 7348 17492 4588 -16509 4886 END
START -6860 7772 15576 4958 -15968 6827 END
START -6776 7956 12408 5228 -15527 8451 END
START -6224 8644 10172 4121 -15062 8840 END
START -3936 8052 7552 2988 -15031 9130 END
START -3400 8252 6388 526 -13493 9405 END
START -2408 7676 4768 48 -13089 10728 END
START -1944 7528 4132 -1513 -12126 11191 END
START -992 6952 3788 -4106 -9067 10748 END
START -96 6232 2504 -5521 -6156 11174 END
START -852 5528 2416 -5935 -2915 12195 END
START 968 4776 2092 -5622 -769 13199 END
START -208 4604 2004 -7088 3630 12720 END
START -404 3400 2336 -8425 6733 12825 END
START -660 2072 2100 -9831 9051 13118 END
START -1836 1060 2272 -11554 11274 12935 END
START -2820 -752 2624 -12691 12805 11508 END
START -3588 -3112 3972 -11518 13480 9737 END
START -3992 -6020 6668 -12059 13846 6364 END
START -4444 -9120 9296 -12996 14933 2462 END
START -5244 -12416 12592 -11969 14548 -849 END
START -6040 -14600 14948 -10293 15082 -5132 END
START -6856 -16728 17144 -4185 16005 -9135 END
START -7352 -17308 20268 2171 15873 -12577 END
START -8244 -16448 23200 7877 13974 -14788 END
START -8732 -13904 25640 13801 10565 -13156 END
START -9716 -8616 28244 14034 12504 -15156 END
START -14296 -2000 29448 21484 9389 -12842 END
START -14972 1532 28120 14958 2572 -17667 END
START -13068 2320 27116 16836 7140 -13221 END
START -18952 7604 24320 17349 6886 -7884 END
START -18112 12084 21376 17325 3228 -1526 END
START -16892 14748 19588 15682 -274 2807 END