START 3320 -332 13096 1570 1326 -967 END
START 2036 -1232 10920 7 3900 -1662 END
START 180 -2048 8852 -1127 4312 -1067 END
START -888 -2200 7204 104 4044 1260 END
START -2128 -1688 6904 2125 3623 3451 END
START -552 -960 7232 2559 4062 3538 END
START -132 -500 7388 2735 5008 2816 END
START 548 -588 7304 2010 6266 1588 END
START 1528 -1600 7148 780 7661 249 END
START 2232 -2052 6612 711 9039 237 END
START 2736 -1864 6540 1933 10387 1783 END
START 2932 -1560 6192 3777 12305 3533 END
START 2236 -1332 6520 2386 13810 2033 END
START 1572 -2052 6208 1579 15398 820 END
START 1156 -3092 4692 2182 17248 1133 END
START 512 -3000 4768 3427 18664 1407 END
START 220 -2788 4896 5601 19936 2558 END
START -980 -1908 5832 8059 20783 4564 END
START -2476 -500 7968 9998 20883 6424 END
START -3152 -40 9612 11041 21331 6944 END
START -4908 -776 10988 8202 22841 3890 END
START -6712 -2424 11588 8197 23945 2824 END
START -7760 -3772 12756 11059 23488 3601 END
START -8428 -2904 16372 14460 21883 3406 END
START -9760 -1760 20244 17780 20548 3691 END
START -17812 1160 24044 20645 17661 5291 END
START -10188 -296 30340 24030 18040 12710 END
START -18400 8104 29604 20136 16650 13240 END
START -21140 10608 31892 17617 12915 8073 END
START -18432 10956 29448 11191 7889 -1630 END
START -22744 11900 32767 2943 5064 -10404 END
START -18932 8148 32767 -607 786 -14514 END
START -16636 5068 32767 3902 -1017 -7340 END
START -14852 5012 32767 6863 -2664 -1339 END
START -15016 7400 32767 5200 -3911 -675 END
START -15380 8040 32767 3337 -7053 -1802 END
START -14280 7580 30608 836 -8905 -3392 END
START -13632 7660 29128 -1319 -11412 -4852 END
START -12184 7272 28424 -1433 -14064 -4030 END
START -11332 8396 27212 -1465 -16104 -2657 END
START -10296 9692 24520 -2260 -17056 -1278 END
START -8060 10668 21892 -1581 -17647 1245 END
START -5848 11384 19640 -1704 -18036 2785 END
START -4160 11584 18144 -3062 -18129 2820 END
START -3340 11084 16528 -5497 -17511 1800 END
START -2168 10312 14364 -7840 -16694 2050 END
START -2748 9256 11244 -8491 -16131 3755 END
START -2772 9052 9324 -7752 -15693 6338 END
START -2272 8876 7632 -8359 -15192 8015 END
START -484 8444 6364 -7166 -14022 9476 END
START 84 8076 5096 -7403 -11514 9852 END
START 3896 6832 3316 -8355 -8388 10472 END
START 680 7588 212 -8421 -6614 9458 END
START 1764 4964 344 -9062 -3268 9236 END
START 2228 4372 -512 -8948 -437 10283 END
START 2072 3668 -1664 -9306 3269 11447 END
START 1364 2792 -2252 -9885 7119 12516 END
START 1032 1176 -3680 -10281 9856 12851 END
START -208 -1212 -3988 -10424 12805 11466 END
START -1008 -4388 -3676 -10791 15906 9654 END
START -2764 -6904 -3080 -10196 18427 8840 END
START -5300 -9376 -1760 -8041 19350 8427 END
START -6564 -12064 1336 -6033 19311 6251 END
START -10336 -13448 3968 -6079 19542 1402 END
START -12580 -16656 6408 -4332 18746 -4615 END
START -18476 -18480 10960 -3022 16351 -13952 END
START -15152 -23628 15240 3972 12362 -19439 END
START -16564 -23872 20756 10700 5539 -23908 END
START -16684 -22460 28056 18192 -138 -26620 END
START -5276 -18276 32767 18068 -5596 -26766 END
START -10760 -11432 32767 19713 -1356 -22825 END
START -13656 -3768 32767 18784 4277 -19020 END
START -19960 4732 32767 26628 2299 -10391 END
START -16396 11504 27328 26899 -1781 -4488 END
START -14444 15936 22068 24849 -881 -254 END
START -11644 18336 20268 23785 -709 526 END
START -8940 17616 20480 15000 -3208 -4743 END
START -6728 17028 19568 6379 -2882 -10595 END