START 3188 944 8964 -1546 11305 124 END
START 2960 -100 7496 -1772 13011 -252 END
START 2264 -308 7900 -2001 14329 -438 END
START 2344 -992 8264 -2540 16123 -473 END
START 2224 -768 7828 -1061 17140 781 END
START 1580 -392 8996 -1247 18753 409 END
START 1344 -464 10128 1590 20848 1950 END
START 500 212 10328 2119 23074 2264 END
START -868 900 11484 1713 24687 1348 END
START -1768 1172 11416 2909 26138 1753 END
START -2948 892 11236 3560 27752 1816 END
START -3924 484 11448 4034 28947 1299 END
START -4324 604 11444 4307 29067 350 END
START -4892 792 13088 4373 28198 -888 END
START -3488 104 16040 3675 27225 -1563 END
START -6868 744 19092 2888 26867 -1769 END
START -8476 -288 19880 4212 25568 -60 END
START -9628 364 22808 2756 26017 -999 END
START -13032 740 22996 3098 25322 -2075 END
START -14672 2260 24680 5095 21795 -2136 END
START -14744 3960 29068 3345 20182 -5138 END
START -14568 3008 31360 2186 16618 -5568 END
START -13516 2720 31284 1379 11583 -5339 END
START -16836 3060 32767 394 11688 -4587 END
START -15540 3116 32767 2693 7776 -2343 END
START -16452 2900 32767 -377 7318 -4216 END
START -16632 1880 32767 3156 1624 -1731 END
START -16004 2984 32767 847 -1806 -2480 END
START -15628 3468 32767 1149 -4420 -2523 END
START -14636 4232 32767 2348 -9492 -1163 END
START -14084 5064 31872 418 -11694 -1990 END
START -13696 5164 28560 717 -14103 -754 END
START -12964 5728 25936 1396 -16172 378 END
START -9272 5792 21880 852 -19003 800 END
START -8400 6148 21128 1855 -19136 2845 END
START -7696 7196 20100 2297 -19689 4250 END
START -6768 7828 18304 1912 -19473 5182 END
START -6408 8424 17008 1148 -19061 5912 END
START -6660 8184 14592 -375 -18158 5993 END
START -6720 7368 11760 -649 -17762 7123 END
START -6592 7468 10220 -1295 -18378 7372 END
START -4980 6120 8000 -1058 -18468 7761 END
START -4520 5380 7956 -1323 -18048 8454 END
START -3136 4540 6772 -1409 -16633 9129 END
START -2156 3868 5332 -2106 -14282 9625 END
START -1720 3408 3760 -2140 -11805 10591 END
START -1256 3136 2240 -1035 -9824 12667 END
START -888 3148 2100 -681 -7218 14032 END
START -1032 3084 1688 -1116 -4009 14747 END
START -928 2692 1256 -1098 -1564 15432 END
START -1056 1960 1276 -2160 934 15091 END
START -1184 1012 1644 -3760 3446 14016 END
START -1024 -624 1564 -5176 6423 13013 END
START -1276 -2240 1804 -5986 8841 12715 END
START -1780 -3872 2220 -6393 11322 12006 END
START -2424 -5560 3448 -6334 13619 10990 END
START -3784 -7684 5556 -6971 15250 7631 END
START -3888 -11764 7656 -4369 15956 6390 END
START -4736 -13556 11528 -3401 16983 1935 END
START -5356 -15360 14356 -2305 17039 -4364 END
START -5564 -17216 18152 -71 15305 -10092 END
START -4536 -19148 21040 2814 14091 -14090 END
START -4496 -18648 25172 6946 12103 -15504 END
START -5084 -15808 29052 11267 10199 -15853 END
START -5856 -11716 32080 15232 8558 -14435 END
START -8804 -3620 32767 16383 9717 -17084 END
START -12728 1400 32767 19117 5191 -14617 END
START -15460 7788 32767 22306 5289 -14584 END
START -17328 12780 29868 17873 6211 -15376 END
START -16168 16164 25580 17006 5517 -11479 END
START -15852 14736 21436 16007 3004 -7612 END
START -14224 13060 17768 13259 1611 -1498 END