START 5348 -1944 3768 -2400 10265 1146 END
START 2368 -1964 3964 -2977 10748 1956 END
START 1256 -896 4412 169 12352 3692 END
START 3160 -332 4004 -631 14453 2447 END
START 1356 -368 5176 332 16144 2550 END
START 108 -416 5584 1269 17997 2822 END
START -1076 20 5960 1101 19840 2008 END
START -2008 -964 5956 513 21506 1089 END
START -2888 -1532 6396 582 22605 1128 END
START -3560 -1292 7280 1700 22816 1669 END
START -6248 -1412 10408 2645 25070 1950 END
START -4408 -1060 11892 5318 26219 3124 END
START -5704 -304 13564 6796 27303 2486 END
START -7356 -520 15000 9529 26127 1530 END
START -8496 -392 18272 8487 26289 -1050 END
START -10792 -1028 19892 7558 25809 -2997 END
START -11428 -1020 23644 10625 23002 -262 END
START -11036 -48 26608 9584 20690 712 END
START -10272 2564 28572 9715 17620 830 END
START -17460 6288 32767 10305 13284 870 END
START -11004 6584 32767 8334 12733 -891 END
START -16964 7832 32767 7323 9911 -3765 END
START -14600 8052 32767 4339 4952 -5417 END
START -17044 8428 32767 4117 1503 -4865 END
START -15176 8640 32767 3584 -2839 -3178 END
START -14524 9204 32767 1925 -6774 -2060 END
START -13996 10100 32767 985 -10116 -1246 END
START -13116 10524 32767 -264 -13073 -594 END
START -11520 10720 30608 -1355 -15886 156 END
START -5972 10172 27504 -2568 -19683 1091 END
START -6040 10248 26932 -3272 -19818 1815 END
START -5968 10500 24104 -3210 -20341 2531 END
START -6776 10216 20648 -3694 -19696 2525 END
START -5376 9420 16556 -3373 -19491 2997 END
START -4820 8704 13684 -3994 -18955 2997 END
START -3844 7824 10760 -3340 -18231 3975 END
START -2792 7316 8484 -2883 -17313 5055 END
START -1812 6824 6900 -3546 -15826 5090 END
START -312 5884 4736 -4217 -14159 5635 END
START -3008 5104 3556 -5364 -12480 6241 END
START -2344 4592 1912 -5979 -10818 8043 END
START -2824 4088 1244 -5852 -8139 10480 END
START -1472 3904 380 -5058 -5694 12619 END
START -1156 3700 -232 -5498 -2663 13303 END
START -552 2724 -632 -5842 152 13118 END
START -148 1880 -1188 -6467 3135 13139 END
START 184 920 -1380 -6903 6342 13097 END
START -88 -64 -1204 -7383 9575 13061 END
START -640 -984 -836 -7276 12352 13087 END
START -1556 -2304 32 -7799 15154 12057 END
START -2692 -4808 892 -7864 17612 10138 END
START -4372 -6940 3020 -7515 18636 6398 END
START -4316 -10556 5488 -5767 20451 4564 END
START -5720 -12980 8656 -3236 20851 2970 END
START -7640 -14124 12596 -2290 21309 -1740 END
START -9864 -16676 15800 -430 18120 -8747 END
START -12076 -18048 19444 2222 15721 -16410 END
START -12140 -19404 22960 8517 11758 -21705 END
START -12040 -17188 28108 13821 7755 -23461 END
START -9456 -12636 32767 16316 6914 -21960 END
START -11468 -6556 32767 16898 9075 -16791 END
START -17160 -1280 32767 19997 4792 -13094 END
START -21544 5608 32172 19497 3788 -7775 END
START -19468 8856 27700 17513 4998 -3238 END
START -18448 13808 24768 19964 3337 66 END
START -17736 14976 22536 15887 -908 351 END