START 2012 84 5156 2508 8059 1299 END
START 1392 -140 5368 204 10590 837 END
START 760 -180 4888 1452 12001 1576 END
START 640 560 4680 1500 13505 2062 END
START -284 1204 5572 1008 14800 1649 END
START 320 988 5728 118 15329 796 END
START -240 1116 7036 -426 17362 -298 END
START -1116 708 6832 8 17869 -1013 END
START -1164 20 7224 601 19580 -915 END
START -2312 -176 7284 2641 20441 -395 END
START -2764 -264 7984 4702 21520 552 END
START -3124 652 11036 6766 22535 1939 END
START -3252 1168 12156 8797 22892 2981 END
START -3236 2052 14384 8937 23103 3124 END
START -4140 3176 16160 8602 23818 2061 END
START -6028 4208 17136 8219 24110 1007 END
START -9704 4376 18520 8037 24125 -142 END
START -11352 2660 18704 6545 22994 -574 END
START -12572 2664 21320 6308 20820 -1257 END
START -13528 3524 23924 6789 16667 -627 END
START -12408 4484 25632 6879 14311 -261 END
START -13996 6244 28912 6754 11035 -818 END
START -14608 5640 32268 5395 9760 -2773 END
START -14840 5200 32767 4190 7457 -4501 END
START -16116 4260 32767 3163 5187 -5558 END
START -14576 3532 32767 1600 2157 -6384 END
START -17040 3592 32767 1972 -1498 -5577 END
START -15988 4680 32767 2868 -5549 -3711 END
START -15148 6540 32767 3325 -8423 -2132 END
START -14552 8116 32736 3008 -10623 -1179 END
START -13504 8824 29984 2591 -12705 -696 END
START -11508 9504 27144 2337 -14435 110 END
START -10176 10136 25320 1776 -15738 1133 END
START -8628 10620 23184 1074 -16750 2236 END
START -7688 10908 21476 41 -17696 3187 END
START -6976 11216 19280 -612 -18204 4343 END
START -6956 12276 17276 -2090 -18727 4424 END
START -5324 11584 13692 -3142 -18876 4625 END
START -4000 10788 11288 -3603 -18254 5451 END
START -3456 9728 8424 -2510 -17010 7698 END
START -1380 10040 6888 -4737 -15145 7390 END
START -1384 9700 4860 -5492 -12763 8131 END
START -1504 8848 3328 -7016 -9822 9467 END
START -420 7920 1376 -6703 -7965 12129 END
START -784 7772 900 -7819 -4971 14178 END
START -608 7344 -44 -8577 -2508 15807 END
START -872 6332 -808 -10491 306 15661 END
START -1224 4692 -1504 -13033 2794 14315 END
START -1936 2392 -2120 -15006 4939 12413 END
START -2832 -364 -1856 -15430 7035 10654 END
START -3932 -3800 -1252 -14827 8949 8415 END
START -4488 -7664 400 -13102 10320 5898 END
START -5304 -11108 3056 -11403 11193 3145 END
START -6696 -14272 5216 -10128 12725 -743 END
START -7020 -17828 6796 -4947 14109 -666 END
START -8252 -19616 9968 -566 13815 -2415 END
START -9376 -20792 12764 1477 12918 -7222 END
START -9808 -21052 15012 6298 9824 -10131 END
START -10124 -17808 20072 12121 7256 -10339 END
START -9560 -13948 25296 16311 6704 -10093 END
START -9288 -8656 29744 19804 5174 -9417 END
START -10200 -2280 32767 23796 2981 -7809 END
START -10128 2560 31468 21680 2546 -6707 END
START -12940 8536 29776 20524 3722 -4511 END
START -12880 14840 26000 22999 4070 -2004 END
START -9068 17316 23072 18227 -792 -1687 END
START -12752 18464 20956 14064 -961 -2698 END