START 6612 -524 5564 461 -1529 4153 END
START 5644 -80 5612 649 1717 3555 END
START 5200 -80 5012 629 3843 2756 END
START 4820 -340 4788 402 6162 2003 END
START 4364 -852 4488 371 7989 2307 END
START 3636 -1208 4192 147 9416 2606 END
START 3104 -1324 4500 -158 10647 2399 END
START 2780 -1256 4440 -559 11590 2240 END
START 2624 -1052 4752 -1016 12990 1798 END
START 2544 -860 4460 -1029 14881 1070 END
START 2644 -516 4796 -474 17024 247 END
START 2612 -708 5504 28 19330 -516 END
START 2888 -748 6228 336 21660 -768 END
START 1820 -356 7168 117 23606 -970 END
START 2592 -1216 7972 858 26243 -607 END
START 1376 -1440 9740 1116 28865 -8 END
START -488 -1624 8768 722 30344 -1440 END
START -1112 -2864 8400 892 32053 -1703 END
START -2424 -2680 9324 3937 31955 185 END
START -3788 -1292 12000 4787 30918 763 END
START -11120 1420 17292 4292 32767 860 END
START -8000 3140 17240 1684 31588 -2983 END
START -9768 1712 19124 183 29815 -5381 END
START -11960 1804 20028 659 29093 -6507 END
START -11484 1116 20668 375 27608 -7556 END
START -12868 684 23116 96 25651 -7331 END
START -13152 212 25244 754 22766 -4957 END
START -14464 1340 28224 1709 20222 -2358 END
START -16288 2728 31964 2265 16535 -1900 END
START -18484 3400 32767 -183 15791 -3611 END
START -16844 4004 32767 -449 11333 -4531 END
START -15596 2396 32767 -678 7605 -6315 END
START -14632 2264 32767 166 3456 -5241 END
START -13564 1360 32767 1263 1743 -3853 END
START -13696 1904 32767 2293 -1073 -1402 END
START -14676 3672 32767 2802 -4001 -436 END
START -15156 5176 32596 2686 -7878 -637 END
START -14236 5460 30512 2168 -11247 -845 END
START -12608 5352 27772 2044 -14720 -606 END
START -10552 5328 25732 1974 -17719 -375 END
START -8524 5584 24128 2361 -19032 645 END
START -7668 6180 22724 3316 -19844 2084 END
START -7156 6332 20412 3671 -19494 3700 END
START -6852 6860 18152 4893 -18988 5629 END
START -3316 6220 14844 5168 -19056 7454 END
START -5836 6620 13440 5270 -17855 8453 END
START -5464 6700 10860 5334 -17675 9553 END
START -4972 6720 9140 3859 -17188 9593 END
START -3912 6364 7688 3046 -16617 9980 END
START -3072 6076 5976 2066 -16169 10166 END
START -2300 5880 5040 819 -14780 9600 END
START -1756 5572 3676 62 -12390 9980 END
START -796 4888 2808 -1292 -8029 10298 END
START 1168 3552 412 -1418 -6025 12113 END
START -316 4584 1252 -3817 473 11640 END
START 1836 2744 -1304 -3379 867 14416 END
START -860 2616 632 -4029 2866 14895 END
START -1348 1736 1180 -5894 6271 13620 END
START -1828 -488 368 -7879 8711 12273 END
START -2756 -2272 972 -8620 10162 10305 END
START -2600 -5928 1596 -9030 12234 7814 END
START -2896 -9800 3044 -8713 14008 5396 END
START -3028 -13060 5388 -7699 15190 2465 END
START -3144 -15420 8248 -6647 16688 -1408 END
START -3292 -17224 11804 -5251 18422 -5806 END
START -4276 -17476 15712 -2215 19444 -11302 END
START -4724 -17036 20024 2809 18893 -17253 END
START -5128 -15576 23812 8290 17854 -21712 END
START -5872 -14740 25884 12607 17420 -22161 END
START -9240 -9112 27260 18921 16246 -19705 END
START -11492 -4468 26556 18357 19997 -13140 END
START -17592 7136 28704 23146 16637 -5279 END
START -19900 12244 27652 24663 16923 -6313 END
START -21772 14068 20512 19208 14018 -3777 END