START 6012 1036 1764 1890 7206 6791 END
START 5608 332 1700 531 10067 7200 END
START 4740 396 2704 10 11968 7207 END
START 3996 280 2936 -942 13982 6017 END
START 1592 -104 3556 -1844 17388 4941 END
START 1568 -600 2964 -2352 18193 3316 END
START 564 -1388 2824 -2380 19317 2372 END
START 96 -1112 2744 -1685 21213 2212 END
START -772 -860 2804 -771 23679 2204 END
START -1116 -612 4252 964 25549 2813 END
START -1660 92 6496 1431 27632 3516 END
START -3960 1520 7016 258 29502 3461 END
START -2712 916 7456 -282 31106 3487 END
START -3544 1256 9152 1586 31207 4611 END
START -3088 1248 10220 1400 32347 2378 END
START -2136 -336 13580 3409 32767 3292 END
START -5232 36 17772 3015 32767 2664 END
START -6980 -1920 19204 590 32767 -427 END
START -9956 -3336 21428 1992 32527 -1467 END
START -10052 -3508 22648 6801 31221 86 END
START -10328 -1336 24156 9916 30385 1850 END
START -13648 3212 31216 9960 29030 1214 END
START -16380 4088 32767 8587 24238 470 END
START -17244 3620 32767 4917 19133 -2640 END
START -16752 -236 32767 -403 19296 -7250 END
START -20216 -604 32767 4715 10979 -3986 END
START -19184 2124 32767 6330 5908 -3548 END
START -18292 4732 32767 4633 3068 -2987 END
START -17152 8472 32767 8317 -4736 1362 END
START -16568 9968 32767 2747 -7374 -1170 END
START -15872 9208 32767 -458 -11591 -1013 END
START -14372 8000 32767 -1653 -14695 -1062 END
START -12120 6116 29524 -1758 -17525 -528 END
START -10116 5904 26696 68 -20008 1031 END
START -9112 6800 24412 1508 -21166 1676 END
START -7484 6548 21656 2090 -20889 2216 END
START -7980 6732 18160 3062 -18843 4284 END
START -6832 6820 13800 6010 -19047 8801 END
START -6784 7860 11852 4974 -17143 10774 END
START -5416 7252 8480 4354 -16868 12286 END
START -5248 7256 6888 2571 -16317 12400 END
START -4080 7076 4712 740 -15882 11395 END
START -2576 5900 3596 -1583 -14728 10195 END
START -1688 4460 2760 -3185 -12316 9579 END
START -840 3320 1304 -5030 -8462 8945 END
START -1292 3284 2104 -4177 -3817 9764 END
START -600 2016 -1436 -3686 -860 11996 END
START 396 1344 -772 -2507 23 14369 END