START 3924 -348 3392 -2121 4373 879 END
START 3440 -212 4072 -950 6687 2021 END
START 3560 -780 3832 -349 8541 2433 END
START 3152 -948 4132 167 10263 3018 END
START 2868 -900 4804 611 11761 3365 END
START 2332 -804 4868 453 13256 3679 END
START 1624 -328 5272 256 14673 3373 END
START 1532 -104 5360 -154 16252 2386 END
START 1808 24 5264 20 16968 1924 END
START 1988 420 5912 435 17850 1842 END
START 2240 912 7272 638 19054 1876 END
START 2748 1064 8908 554 20698 1991 END
START 1188 1456 10368 -1069 22790 266 END
START 72 -256 10352 421 25167 1105 END
START -1396 -800 10244 601 27375 686 END
START -2356 -1596 11036 925 28577 -730 END
START -2044 -2316 11644 3871 29331 215 END
START -2116 -1672 13972 6892 30105 1516 END
START -2732 216 16000 6412 31661 703 END
START -4516 1400 17644 6645 31830 448 END
START -5788 1428 18564 5155 31878 -626 END
START -7972 2644 20576 4546 32480 -1952 END
START -12224 2844 20924 6007 30990 -1750 END
START -13240 3760 23464 5507 28692 -3250 END
START -14812 4164 25596 4154 24466 -4228 END
START -15300 4304 29512 5333 21743 -3127 END
START -15208 5156 30864 5594 17756 -1935 END
START -15052 6240 32767 4794 15208 -1234 END
START -15536 6712 32767 3723 12472 -2173 END
START -15592 4920 32767 1013 9953 -3748 END
START -15920 3908 32767 916 5423 -3474 END
START -14660 2848 32767 2804 1081 -2400 END
START -13676 4080 32767 1215 -329 -3378 END
START -13092 3736 32767 1373 -3237 -2996 END
START -13012 5148 32676 1603 -7324 -2276 END
START -12740 5484 30236 85 -9121 -2091 END
START -12340 6100 27572 257 -12076 -692 END
START -11324 6824 25988 -538 -14296 -436 END
START -9920 7328 23764 -921 -16340 329 END
START -8424 7648 22596 -1158 -17591 873 END
START -7244 7828 21320 -1032 -18241 1503 END
START -6528 7980 19924 -482 -18384 2695 END
START -6432 7988 18100 108 -17823 4185 END
START -6708 8368 15532 617 -17132 6136 END
START -6608 8584 12860 679 -16553 7854 END
START -6168 8588 10968 220 -16352 8885 END
START -5032 8240 9192 -396 -16334 9522 END
START -4388 7944 7920 -2579 -15848 8782 END
START -4344 6968 6976 -3654 -14893 8751 END
START -3024 5568 4500 -3611 -14529 9862 END
START -2280 4876 4464 -3872 -12502 10315 END
START -1576 4040 3056 -4687 -9306 10511 END
START -1392 3340 1972 -4472 -6446 11175 END
START -1400 3100 2020 -4898 -2252 10885 END
START -436 2008 -404 -5337 973 11103 END
START -1896 1324 552 -3065 583 13052 END
START -1752 92 1360 -3783 2477 12458 END
START -1608 -1500 1756 -6084 5928 10820 END
START -1868 -3272 2284 -5912 7045 10337 END
START -2032 -5196 3360 -6062 9450 8730 END
START -2012 -7440 4468 -6109 11281 6888 END
START -2496 -9572 6384 -5768 12783 4815 END
START -3524 -12304 8096 -5411 14617 1662 END
START -4636 -13912 10748 -3891 15453 -3417 END
START -3904 -16120 12960 -150 16035 -7737 END
START -3292 -16432 17496 2749 16694 -11738 END
START -3176 -15784 21540 6295 16224 -15357 END
START -4940 -15128 24808 9206 15971 -19355 END
START -7476 -14708 26992 13526 14676 -22032 END
START -9444 -11816 29576 19944 11221 -17849 END
START -14016 -1800 32767 20335 11132 -15646 END
START -17008 5728 32767 21561 7599 -12782 END
START -20552 9896 32767 20831 4890 -10233 END
START -19928 14412 27284 20698 4116 -11254 END
START -17472 14848 24248 17686 -2644 -10759 END
START -14620 13956 20136 13162 -3067 -8062 END