START 3736 156 4988 304 5499 1066 END
START 3628 -452 5240 -525 7692 346 END
START 2980 -808 4976 -613 9029 613 END
START 2696 -1212 5164 -925 10126 998 END
START 1924 -1084 5028 -1327 11804 1396 END
START 1176 -480 4540 -1479 13962 1727 END
START 264 200 3956 -889 15977 1969 END
START -264 1016 4092 45 17880 1762 END
START 24 1716 5728 746 19311 1386 END
START -676 2172 7508 -1122 20886 -393 END
START -692 916 7812 33 22684 865 END
START -1040 868 8120 -17 24743 1168 END
START -2128 1492 8664 229 26920 476 END
START -3156 1388 7956 1308 28248 -30 END
START -3244 916 8560 3388 29565 694 END
START -6696 1548 11980 5096 32575 2156 END
START -4992 1288 13720 5020 31392 2495 END
START -5436 1604 17680 2639 31902 583 END
START -4036 1240 18788 950 29220 -1952 END
START -6736 0 21360 1617 27494 -3464 END
START -7936 216 24236 3741 24383 -4151 END
START -10052 1280 28300 1794 25640 -7082 END
START -11420 712 29316 3432 22116 -5994 END
START -13748 2308 32767 3836 19140 -4963 END
START -17260 3352 32767 2026 15036 -4642 END
START -14320 3232 32767 2373 11285 -3619 END
START -15336 3612 32767 1219 7049 -3852 END
START -15856 3884 32767 -1984 4293 -6392 END
START -15472 3600 32767 -930 -1650 -6058 END
START -14468 2520 32767 151 -4269 -5492 END
START -14140 3124 32767 1235 -5585 -3298 END
START -14236 4896 32767 4501 -8128 390 END
START -14412 6908 31608 3877 -9880 1065 END
START -14180 8116 28540 3169 -12997 1739 END
START -13348 8464 25380 1665 -15552 1952 END
START -11736 8724 22936 1768 -18023 2625 END
START -9984 8736 20960 934 -19362 3849 END
START -9048 8788 18864 740 -19991 5211 END
START -8544 9036 16860 1055 -20089 6865 END
START -8292 8904 14384 697 -19369 7822 END
START -7652 8488 11300 610 -18837 9036 END
START -7120 7960 9332 -86 -18391 9800 END
START -5868 7068 6848 -701 -18409 10217 END
START -4108 6068 5136 -863 -18427 10832 END
START -3808 5152 4724 -1944 -16445 11598 END
START -3240 4684 3888 -4297 -13810 10020 END
START -692 2904 1360 -3763 -13367 10664 END
START -924 2564 2436 -5668 -7539 9940 END
START 276 1664 112 -3667 -6480 12548 END
START 308 1604 400 -2351 -5133 13760 END
START 312 1548 500 -3468 -421 13114 END
START 112 968 404 -4035 3258 13073 END
START 104 44 -300 -4230 6213 13261 END
START -16 -964 236 -4370 8177 13369 END
START -440 -2060 872 -5808 11307 12153 END
START -1144 -4104 1100 -6355 13429 10821 END
START -1520 -6028 2468 -6121 15302 7883 END
START -1720 -8908 4404 -4215 17081 5449 END
START -1896 -11248 7268 -3614 18388 1661 END
START -1780 -13732 10908 -3186 18407 -3140 END
START -2048 -15544 15188 -2278 18224 -7761 END
START -2244 -16492 19096 -591 18189 -12420 END
START -2588 -17104 23196 1482 17834 -17347 END
START -4156 -16440 26604 6333 17081 -20672 END
START -5752 -13596 29916 12592 16532 -21457 END
START -9788 -10584 31424 17927 15772 -18089 END
START -15624 -2752 32767 17287 18420 -13602 END
START -28596 6524 29800 23701 9197 -2835 END
START -25384 14512 32767 20593 9865 -1935 END