START 1080 1252 7052 -1660 8549 -811 END
START 772 816 5572 -572 10297 -413 END
START 940 912 5916 -629 11785 66 END
START 544 616 6524 -1982 14143 -249 END
START -1144 420 6100 -2678 16316 444 END
START -268 216 6560 -3199 16880 1485 END
START -592 764 7240 -2876 16554 2957 END
START -1204 1428 7884 -2627 16815 3448 END
START -1812 1976 9720 -3374 17428 1845 END
START -2488 1884 11756 -4144 18493 -110 END
START -3592 912 12960 -6033 19751 -2796 END
START -3700 -1620 12340 -5306 21259 -2613 END
START -2988 -2856 13116 -2819 22995 344 END
START -2656 -1432 13820 -718 24112 2627 END
START -3536 556 15328 1238 24065 2973 END
START -1664 1768 17628 1042 25143 1721 END
START -4988 1752 20588 -432 24933 -659 END
START -5828 -208 21532 -2075 24631 -3203 END
START -8472 -1040 21188 -1446 24193 -4687 END
START -8632 -1368 21592 641 22479 -4300 END
START -10024 -476 22812 1437 21283 -3556 END
START -9928 60 24544 2408 18225 -2556 END
START -12856 2440 29464 2410 16398 -2326 END
START -13436 1772 31036 193 12722 -3593 END
START -16580 1548 32767 -2410 10162 -5704 END
START -14856 -1400 31828 768 4859 -4266 END
START -16512 844 32767 -503 2208 -4852 END
START -14324 344 32767 2721 -1187 -4725 END
START -14296 1948 32767 4826 -4290 -3156 END
START -14468 2584 32544 4573 -6389 -3395 END
START -14220 3780 30628 5788 -10177 -2434 END
START -13000 4432 27628 5136 -12551 -1520 END
START -12048 4980 25388 5942 -15436 613 END
START -10612 5868 24112 5382 -17925 1085 END
START -8672 5808 21588 4357 -18735 730 END
START -7864 5580 19524 4832 -19129 1641 END
START -7116 5792 17512 5801 -18561 3023 END
START -6408 5816 14544 6186 -17161 5029 END
START -5048 6704 12328 6384 -15885 6919 END
START -6168 7556 10144 5027 -13664 8493 END
START -3132 7604 7332 6391 -14708 11714 END
START -3740 9252 6420 2862 -12293 11958 END
START -2352 8980 4948 36 -11164 11584 END
START -2412 8760 3720 -2977 -9061 11434 END
START -688 7564 3276 -4319 -7712 12413 END
START -832 7016 1856 -6897 -5447 11836 END
START 84 5928 2604 -8948 -2714 12585 END
START 328 4568 2116 -10147 -183 12933 END
START -120 3148 2716 -11752 2413 11952 END
START -416 940 2976 -13167 5315 11085 END
START -980 -1212 3076 -13934 8044 10822 END
START -1716 -3892 4040 -13723 10963 10467 END
START -2408 -6380 5416 -12755 13311 9182 END
START -3800 -8780 6968 -11039 15158 7420 END
START -5824 -10816 9116 -8278 15776 4055 END
START -6244 -12364 11720 -4828 16033 -120 END
START -6212 -14324 14860 -2719 16140 -5643 END
START -6524 -16180 17200 110 15690 -10786 END
START -7908 -15896 19132 3895 15861 -15644 END
START -9032 -14692 19696 9876 13827 -17954 END
START -10728 -11920 21896 14895 13480 -20422 END
START -13328 -7868 24456 21000 8400 -21257 END
START -10572 -3436 27992 23832 7263 -20228 END
START -10080 -68 28028 19021 8231 -18046 END