START -24 3140 7708 1264 -7185 3859 END
START 424 3328 7624 457 -5751 3636 END
START 668 2984 7040 -87 -3912 3125 END
START 792 2964 6396 -1376 -1313 2432 END
START 576 2784 5576 -1605 1065 2578 END
START 248 2704 5036 -1593 3475 3213 END
START -28 2864 5000 -1652 5958 3619 END
START -380 2820 4816 -1855 8497 3352 END
START -336 2728 4244 -2767 10881 2607 END
START -364 1664 3940 -3611 12469 2329 END
START -604 1204 4304 -4056 14123 2286 END
START -904 904 4992 -4623 16302 1881 END
START -836 316 6684 -4720 18191 1482 END
START -820 -192 9032 -4666 20283 920 END
START -952 -960 10696 -2544 22073 1873 END
START -1956 -100 12924 -1520 23673 1342 END
START -3112 660 15208 -803 24699 -860 END
START -5368 244 17876 -143 26639 -2867 END
START -4152 -872 19776 599 24423 -3694 END
START -5284 -1816 21892 720 22089 -3059 END
START -6728 -1944 24340 2831 19072 500 END
START -10220 1920 30264 1985 19938 -2408 END
START -13904 2208 30064 1732 13119 -2674 END
START -10416 3756 32388 1666 10686 -3130 END
START -12760 4372 32767 1166 7395 -6799 END
START -12512 4400 32767 -37 1791 -9977 END
START -11144 3356 32767 961 2473 -8430 END
START -12940 4056 32767 1722 -444 -6730 END
START -13628 4164 29568 3576 -3385 -3232 END
START -13688 6148 27732 5448 -7909 775 END
START -13280 7428 25148 4368 -10867 1857 END
START -11236 8544 21768 3363 -14322 2550 END
START -8448 9420 20384 2294 -16562 2163 END
START -5764 8852 19148 436 -16882 1230 END
START -4076 7800 17476 -613 -16802 1413 END
START -4116 7212 16428 1900 -14446 4863 END
START -3072 5992 13720 690 -13805 5138 END
START -3256 6184 12128 1850 -11638 8012 END
START -2976 6368 9660 1352 -10004 10867 END
START -2960 6968 8156 272 -8880 11656 END
START -2232 7252 7324 -1057 -7432 12655 END
START -1460 6700 5868 -3069 -5568 13056 END
START -952 6208 5572 -5520 -3942 11893 END
START 28 5264 4660 -7227 -305 12123 END
START -688 3368 4640 -8824 1562 10366 END
START 916 1516 4472 -9187 4922 10772 END
START 1096 52 5672 -10172 10105 11177 END
START 1604 -2540 4976 -11109 13836 12199 END
START -1560 -3724 6648 -13326 19386 11225 END
START -2928 -7024 6348 -9426 18632 9846 END
START -5808 -7960 11040 -7279 18194 4268 END
START -10048 -9308 13216 -7126 20041 -4837 END
START -7676 -11316 13200 -6056 16368 -14743 END
START -9852 -14048 17644 -1325 10257 -19875 END
START -10940 -11832 21412 1494 5512 -22741 END
START -9220 -9416 22028 -2879 -622 -28897 END
START -7608 -8720 25452 4276 728 -24117 END
START -10200 -4632 28436 5943 -34 -19310 END
START -10716 -448 27308 8664 4507 -10931 END
START -10660 -44 27216 13188 6759 -2880 END