START -1180 2796 7312 -635 8949 -979 END
START -2516 2492 5684 -1650 10779 -157 END
START -3308 2244 5344 -1306 11040 1656 END
START -3648 3072 6328 -2206 11189 2237 END
START -4436 3232 6892 -3074 12336 2698 END
START -4384 3124 7388 -4179 12533 2365 END
START -3956 2864 7556 -5707 13521 1352 END
START -3280 2256 8128 -5752 14479 189 END
START -2752 1736 8536 -4952 15845 -776 END
START -1376 628 9996 -3835 18095 -561 END
START -1668 772 12900 -2695 20777 861 END
START -2624 392 13360 -2124 22715 1196 END
START -4032 424 14276 -1758 23625 904 END
START -4644 372 15180 -629 23674 917 END
START -5584 856 17500 195 23039 534 END
START -5468 728 18980 2069 21622 1597 END
START -7380 3128 22668 3129 19700 1240 END
START -7468 3420 25696 225 16889 -2207 END
START -9704 3260 28484 -1189 16370 -2844 END
START -9988 2532 31348 -659 11824 -2474 END
START -10132 2892 32767 -2296 8953 -3661 END
START -11868 2684 32767 -819 5047 -3125 END
START -12516 2912 32767 -3041 4296 -4433 END
START -14096 3364 32767 331 -81 -2394 END
START -13836 3528 32767 853 -3118 -1882 END
START -14528 3892 32767 1796 -6566 -962 END
START -14160 4392 32767 2307 -10162 -455 END
START -13416 4560 31416 2532 -13462 -314 END
START -11728 4592 28004 3684 -16348 1011 END
START -9864 4892 25120 4835 -18166 2799 END
START -8424 5568 22196 5454 -18600 3860 END
START -7512 5944 18700 5743 -18428 5282 END
START -6284 6552 16028 6423 -18969 6793 END
START -5500 6916 13248 4615 -18396 7189 END
START -4696 6972 10480 3376 -18333 7488 END
START -5204 7248 8180 2798 -19013 8247 END
START -1976 6516 7156 1424 -18991 8504 END
START -2088 6696 7224 699 -16976 8963 END
START -600 5956 5792 -1382 -13994 8992 END
START -644 4976 4844 -2839 -10971 8509 END
START 288 4324 3008 -3360 -7658 9749 END
START -348 4456 2656 -4157 -2617 10773 END
START 264 4116 -396 -3353 -79 13400 END
START 592 4264 -92 -3092 763 14937 END
START 496 3504 -956 -5521 5227 13892 END
START 592 1656 -1592 -7826 8769 12983 END
START 80 -680 -2240 -9757 12374 12534 END
START -504 -2960 -1328 -9947 14669 11278 END
START -1248 -5764 1236 -10351 17572 7935 END
START -2852 -7788 4804 -10656 20374 3085 END
START -2784 -10712 10384 -8815 23349 -1608 END
START -5268 -12348 15792 -8698 24048 -9905 END
START -6892 -15628 16932 -6817 22828 -18966 END
START -9340 -19916 17380 -1344 21375 -23227 END
START -11648 -21692 22288 4450 20073 -18960 END
START -14448 -16148 27008 13277 13938 -9665 END
START -14236 -7092 31960 9996 6686 -7283 END