START 5632 380 6396 -675 6897 2837 END
START 5440 -904 6956 -1579 7586 2453 END
START 4772 -1208 6936 -1199 9022 2508 END
START 4552 -1624 6376 -1088 10711 2095 END
START 4016 -1988 5748 -391 12163 2087 END
START 3720 -1844 5816 719 13571 2612 END
START 3164 -1672 5912 1442 15441 2855 END
START 2748 -1340 6592 1933 16618 3082 END
START 2656 -956 8060 1940 18246 2882 END
START 2364 -480 8772 1498 19499 2132 END
START 2040 -300 8820 1099 20484 1290 END
START 1860 -24 9260 375 22363 -64 END
START -132 -188 8128 896 22405 -988 END
START 932 -1260 7984 2112 23374 -510 END
START -572 -1336 11992 3315 24032 1242 END
START -2020 -844 13076 3438 25590 1059 END
START -1860 -776 14740 3290 25444 338 END
START -2348 -724 15936 4745 24834 843 END
START -1460 -40 16188 5982 26103 651 END
START -2280 1312 16836 7518 27380 476 END
START -3436 1780 17624 9087 26547 365 END
START -5728 2292 21412 7781 25856 -1337 END
START -8652 868 24776 4601 24963 -3925 END
START -9900 -444 24048 4667 24312 -4128 END
START -11348 -360 23844 8114 21273 -2488 END
START -13608 2488 25908 10841 19223 -2062 END
START -10604 5076 25812 11915 18906 -935 END
START -11160 7484 29288 11618 16337 -679 END
START -13056 7964 32696 8030 14182 -1957 END
START -13788 6684 32724 3843 11492 -3498 END
START -13240 4824 31808 2499 8411 -4651 END
START -12928 4684 32748 3802 4478 -3901 END
START -12732 5428 32492 2255 4211 -4650 END
START -11892 5840 32424 4219 239 -2207 END
START -11340 7352 32767 3061 -1614 -1128 END
START -11316 6888 32767 201 -2807 -271 END
START -11864 6956 30848 -338 -5625 812 END
START -11644 6556 29024 -1361 -7602 286 END
START -10608 5860 26488 -1535 -10050 25 END
START -9108 6008 25320 -978 -12240 250 END
START -7648 6112 23576 -538 -12819 451 END
START -6520 7404 22196 932 -13205 1595 END
START -6084 7952 20816 1060 -12578 2378 END
START -6308 8552 18072 633 -11957 3826 END
START -6188 8724 15992 80 -12237 4772 END
START -5772 8200 14364 -1307 -12809 5304 END
START -5608 8100 13164 -3008 -13748 5511 END
START -4768 7740 11380 -3586 -14073 6086 END
START -3912 7432 10568 -4187 -13722 6084 END
START -3316 6816 9092 -4177 -12815 6302 END
START -2944 6408 8724 -4323 -11478 6848 END
START -2548 5648 7704 -4545 -9956 7646 END
START -2400 4812 6824 -4422 -8639 9071 END
START -1244 3992 6040 -4611 -7915 10220 END
START -2240 3440 5348 -5500 -5562 10605 END
START -1788 2860 4964 -5737 -4547 11288 END
START -1912 2168 4516 -6451 -2598 11447 END
START -1736 1736 4428 -6529 -856 11586 END
START -1384 1268 4224 -7112 1896 11079 END
START -2020 424 3928 -8082 5384 10438 END
START -2188 -924 4080 -6299 6096 11279 END
START -1736 -2512 3896 -6756 8655 9972 END
START -1480 -4172 4392 -5411 8902 9868 END
START -1292 -5464 5780 -5621 10736 8508 END
START -1104 -7012 6828 -6180 13610 6893 END
START -2384 -8128 7608 -5452 15602 5456 END
START -2964 -10136 9624 -4211 17626 3172 END
START -4456 -11284 12584 -2818 18432 310 END
START -5664 -13628 15548 -1467 17562 -3975 END
START -6052 -15748 18788 298 15555 -9275 END
START -5840 -16224 22328 3810 12633 -13189 END
START -5344 -14588 26364 7438 11013 -16109 END
START -6016 -12152 29192 11109 9981 -17341 END
START -8588 -8844 31156 14432 3272 -17489 END
START -10872 -5932 32767 11991 8226 -17607 END
START -15864 1692 30816 17996 4735 -14500 END
START -16824 4108 30096 22076 3407 -12584 END
START -18364 6668 25104 19207 1909 -10340 END
START -14776 8956 22836 18243 -3240 -8134 END
START -11976 10216 20124 16407 -4393 -5180 END
START -9588 11332 16472 13933 -3988 -3460 END