START 3036 1452 7336 -2371 10182 779 END
START 3016 820 7208 -2511 12135 407 END
START 3000 1020 8180 -1874 14120 159 END
START 2080 1424 8048 -2016 15530 -836 END
START 2420 760 8308 -1920 17859 -1018 END
START 1820 540 9696 -309 19486 345 END
START 968 532 9744 -1054 21547 44 END
START 196 88 9688 -1449 22892 230 END
START -1416 296 10168 -361 23750 1083 END
START -1624 580 10596 -547 23889 523 END
START -1920 336 12224 359 24317 1065 END
START -3272 732 14148 1099 25221 1342 END
START -5560 1148 15640 1312 25974 -142 END
START -7760 1356 16096 962 26010 -1931 END
START -9916 704 16088 1858 26359 -2564 END
START -8916 228 15996 2667 26280 -1861 END
START -9632 956 15792 4646 25977 207 END
START -9348 2788 17580 6827 23117 2259 END
START -11928 4964 21936 3591 22190 -753 END
START -10392 4112 22744 1307 20778 -2650 END
START -12836 3836 24904 -181 19375 -3678 END
START -13460 3248 25428 48 18123 -3599 END
START -15464 3192 24572 -35 18639 -4591 END
START -14644 2368 24028 2761 15417 -2100 END
START -15288 3600 26556 2250 12290 -1387 END
START -15288 3652 29064 416 8840 -1830 END
START -15456 2976 30320 -1408 5980 -2649 END
START -15284 1908 30408 -1846 3172 -3455 END
START -14844 1368 29496 -1704 977 -3798 END
START -13712 1100 29504 -484 -598 -3677 END
START -12932 908 27580 1677 -3591 -3129 END
START -12476 2160 28120 1979 -6035 -2723 END
START -12984 3356 27136 1374 -7598 -2326 END
START -13296 4228 25280 1641 -9572 -1477 END
START -13188 5000 22880 1667 -11282 -1013 END
START -12536 5592 20776 2166 -13070 -353 END
START -11124 6316 19488 2604 -14703 554 END
START -9244 7136 18592 2868 -15649 1583 END
START -8100 8208 18100 2774 -16139 2499 END
START -7936 8592 17204 2058 -15521 2868 END
START -7428 8164 15368 1493 -14845 3595 END
START -7088 7680 13056 947 -14335 4805 END
START -6764 6932 11832 721 -13539 6006 END
START -6796 6248 10080 346 -13150 7206 END
START -5356 5340 8568 272 -13370 8221 END
START -4716 5092 7856 -2432 -12690 7402 END
START -4432 4364 6680 -2661 -12459 8587 END
START -3984 4044 5992 -3501 -11341 9537 END
START -3528 3580 5496 -4542 -9688 9477 END
START -2968 3164 5064 -5169 -7904 9319 END
START -2664 2796 4424 -5032 -5891 9334 END
START -1900 2192 4820 -4633 -4397 9540 END
START -1468 1204 4488 -5511 -1587 9257 END
START -1220 504 4596 -5448 926 9507 END
START -960 -464 4584 -5952 3640 9542 END
START -976 -964 4620 -6302 6180 9616 END
START -836 -1644 4880 -6291 8654 9745 END
START -1620 -2660 5004 -6620 11083 9337 END
START -2176 -3552 5504 -6324 12933 8167 END
START -2636 -4952 6672 -5391 14354 6355 END
START -3704 -6440 8816 -4823 15763 4160 END
START -4528 -7748 10996 -4979 16526 719 END
START -5372 -9116 13352 -4316 17048 -3359 END
START -6116 -11248 16420 -3110 16724 -7733 END
START -6888 -12780 18956 -1281 16611 -12109 END
START -8388 -13308 21364 1869 16646 -15149 END
START -9272 -13084 23376 6436 15422 -16085 END
START -11132 -10460 25952 8223 16585 -17062 END
START -14092 -8196 26888 11619 13358 -17894 END
START -14996 -5108 25160 15017 16501 -13860 END
START -16796 -440 25508 13445 12676 -12058 END
START -20740 3124 23868 13100 12998 -11707 END