START 2964 -324 4184 -564 5248 3381 END
START 3232 -328 4708 -953 6917 3898 END
START 3048 -592 4784 -986 7972 4329 END
START 3036 -368 4924 -1276 9659 3949 END
START 2940 -524 4768 -1224 11092 3403 END
START 2832 -660 5096 -1214 12827 2499 END
START 2736 -764 5448 -798 14295 2009 END
START 2680 -848 5924 -520 15747 1623 END
START 2872 -808 6980 -195 17068 1690 END
START 2632 -488 8416 -45 18304 2007 END
START 2224 36 9348 216 19793 2228 END
START 2032 104 10232 655 21881 2318 END
START -272 348 11488 -1051 21919 81 END
START -492 -1416 11084 1254 23800 1102 END
START -1048 -1396 11944 2475 25212 1415 END
START -1304 -1048 13492 2798 25645 -899 END
START -1288 -1516 14340 6307 26165 -201 END
START -1144 -1032 16300 7894 27121 458 END
START -4008 272 18924 7027 29644 -1195 END
START -3720 660 18916 7852 28797 -1944 END
START -5452 688 20244 7929 28696 -2813 END
START -4836 1120 19780 7972 29498 -3852 END
START -8716 2648 21020 10571 28468 -2004 END
START -11636 4656 22496 10290 27052 -1521 END
START -13308 5748 25208 9303 23988 -1619 END
START -15436 6876 28276 7268 20104 -3157 END
START -17368 7592 30856 5977 15969 -3316 END
START -14952 7240 32128 5969 12045 -4217 END
START -15592 7724 32767 3707 10508 -5534 END
START -15592 7628 32767 3837 6847 -4299 END
START -15076 7288 32767 867 4156 -4767 END
START -15528 6944 32767 246 404 -3524 END
START -15504 6632 32767 -517 -2777 -2477 END
START -15492 6672 32767 -385 -5670 -1361 END
START -15224 7380 32296 573 -9067 -22 END
START -14700 7564 30060 1 -11442 -25 END
START -13712 7552 27344 -118 -13897 261 END
START -11844 7592 24788 438 -15924 1289 END
START -9704 7988 22760 851 -17082 2702 END
START -8212 8360 20764 1094 -17477 4307 END
START -7352 8836 18948 1044 -17778 5542 END
START -6444 9072 16744 -20 -17656 5899 END
START -6136 8456 14360 -837 -17483 6359 END
START -6232 8428 12452 -1714 -17779 6398 END
START -4664 7636 9620 -2548 -17638 6755 END
START -5800 8400 9332 -3122 -17238 7427 END
START -2388 7524 8108 -3770 -16786 7591 END
START -2624 8168 8304 -5490 -14384 7258 END
START -1996 7728 6828 -4975 -13285 8659 END
START -1716 7352 6748 -6197 -10097 9162 END
START -3708 6528 6064 -7201 -5730 10169 END
START -2040 5640 3556 -5027 -5805 13684 END
START -1364 4980 3156 -5381 -3984 15220 END
START -1860 4256 3256 -7572 -599 14798 END
START -1888 2816 1972 -8200 911 15586 END
START -1812 1620 2148 -8831 2635 15749 END
START -2496 236 2148 -9986 4414 14733 END
START -2580 -1640 2316 -10648 5883 12845 END
START -2520 -3820 2872 -11262 7622 10215 END
START -3180 -6492 3752 -12024 8705 6857 END
START -1980 -10468 4328 -11169 10897 5551 END
START -2916 -13072 6776 -8750 13057 3863 END
START -2952 -14940 8320 -6192 14608 903 END
START -2744 -16832 10460 -3506 16009 -1502 END
START -2544 -17844 12700 -236 17024 -3700 END
START -3380 -17548 15536 3731 17668 -5389 END
START -4852 -17036 18168 6781 16779 -8552 END
START -6764 -15680 21948 10491 14240 -12065 END
START -9032 -12968 25400 13800 12007 -14787 END
START -10520 -8508 29136 16897 9411 -15495 END
START -12056 -1884 32767 19143 8882 -17412 END
START -15760 1672 32767 18009 5766 -16013 END
START -13016 5516 31452 22730 6208 -17288 END
START -18904 8652 27304 17798 4767 -14916 END
START -16804 11188 23956 18899 2578 -11345 END
START -15748 12800 22152 18078 815 -8612 END
START -14056 12408 17696 15695 -1522 -5691 END