START -144 -308 308 -5860 6618 14311 END
START -512 -1412 580 -7650 9993 13886 END
START -848 -2712 1108 -9010 12322 13517 END
START -2224 -4116 1152 -10879 15562 11480 END
START -2560 -6956 1800 -9759 18653 9156 END
START -4076 -9884 4796 -7598 20920 5153 END
START -5072 -12844 6916 -6047 22409 -1534 END
START -5952 -15092 11072 -3730 22008 -8435 END
START -5724 -17220 15728 -604 19791 -15496 END
START -5344 -18496 21384 2723 16267 -21431 END
START -7020 -17996 24652 5782 12977 -25340 END
START -10620 -15652 30136 9387 9305 -26562 END
START -12220 -12172 32767 11519 3038 -26045 END
START -15164 -5116 32767 10163 6418 -22175 END
START -22924 2984 30544 18669 -2420 -11175 END
START -20120 11160 31972 21358 4447 -10020 END
START -17064 14088 27472 21065 3571 -10222 END
START -16008 14620 21376 18927 1009 -6765 END