START 6824 -1308 5316 689 9731 3686 END
START 5964 -1140 8436 -699 10160 2447 END
START 4876 -1872 7908 -855 11527 2460 END
START 4348 -2344 8156 -1306 12424 1658 END
START 3300 -2540 7404 -1512 14227 252 END
START 2228 -2944 5864 -933 15388 -434 END
START 1408 -3132 5256 385 16613 -455 END
START 808 -2528 5792 1898 17510 -96 END
START 656 -1336 7804 2353 18531 -211 END
START 636 -296 9232 2045 20581 -1168 END
START 4 200 9172 2460 21979 -1673 END
START -396 -168 9996 856 23881 -3097 END
START -1060 -672 10196 3302 25569 -1084 END
START -2168 -468 8524 3865 27535 -421 END
START -2868 336 10016 4573 27733 -190 END
START -3188 776 13076 5885 27693 790 END
START -2188 1768 15548 4937 30094 728 END
START -2664 2152 18232 5488 27998 433 END
START -5108 2976 20704 4132 27213 -651 END
START -5848 3312 20756 4729 26145 -1710 END
START -6260 4068 20988 4924 26893 -3801 END
START -6676 3356 21404 6527 26646 -3575 END
START -8548 3312 26872 6366 24553 -3540 END
START -11640 3560 30184 3312 23426 -3980 END
START -13056 2972 32480 3720 17936 -2895 END
START -11988 3332 32480 5603 14891 -1250 END
START -11860 7080 32767 4002 16264 -3496 END
START -12764 6268 32767 5461 9962 -1894 END
START -11908 6452 32767 1638 6079 -3142 END
START -11240 4536 32767 -1355 3154 -4556 END
START -10496 3748 32767 -519 -1333 -3500 END
START -9240 2796 32767 -793 -4223 -3151 END
START -9268 2324 32767 -72 -6113 -1957 END
START -9084 3616 32767 2194 -8675 182 END
START -9152 5172 32056 2422 -10158 904 END
START -8284 6196 29168 2698 -12480 1863 END
START -7564 7240 27364 1847 -14049 2237 END
START -6412 7748 25304 803 -15422 2615 END
START -5440 8236 23956 186 -16774 2949 END
START -4860 8248 22084 -627 -17150 3147 END
START -4860 7936 19544 -926 -17074 3875 END
START -4924 7716 16892 -324 -16773 5462 END
START -4412 8032 13960 -289 -17356 6952 END
START -5128 8684 11560 -1056 -16265 7864 END
START -4640 9096 10948 -1767 -16159 8167 END
START -3496 8024 8752 -3168 -15587 8050 END
START -3404 7172 7804 -4350 -14500 8130 END
START -3012 5948 6932 -5111 -13351 8216 END
START -2796 5028 6028 -5176 -11732 8476 END
START -2360 3776 4804 -4766 -9653 9127 END
START -1796 2744 4100 -4287 -7873 9908 END
START -1400 1696 3380 -3975 -5884 10484 END
START -964 932 2756 -4005 -3119 10631 END
START -656 460 1888 -4135 -184 10776 END
START -784 120 1736 -2743 413 12071 END
START -500 -208 1460 -3369 3362 11297 END
START -600 -740 1404 -3845 6439 11001 END
START -936 -1532 1508 -3338 8583 11230 END
START -804 -2480 1848 -2923 9587 10859 END
START -668 -3456 3108 -3133 11571 9457 END
START -348 -5264 3984 -3844 14377 8055 END
START -880 -6176 4756 -2741 16775 8092 END
START -1668 -6728 5144 -2063 18876 6991 END
START -3076 -7260 6832 -1467 20157 5757 END
START -4072 -8440 9124 -1613 21034 3651 END
START -4888 -10452 12188 -2117 21054 1166 END
START -5940 -12420 15068 -1621 20662 -1619 END
START -6476 -13496 17472 -1266 20050 -5995 END
START -7012 -14060 20496 -224 18705 -8993 END
START -8120 -14564 24500 833 16929 -10451 END
START -9396 -13660 27972 2219 15079 -10900 END
START -11180 -11496 32448 4328 12819 -12806 END
START -13524 -8412 32767 7024 10029 -15182 END
START -12968 -4024 32767 10566 7733 -15641 END
START -16628 1060 32767 11570 5522 -16862 END
START -15564 4836 32767 12716 1361 -16253 END
START -15940 7468 32767 11328 -1932 -14964 END
START -14760 9228 32767 11239 -5276 -12603 END
START -13756 11156 29432 9342 -8134 -10225 END
START -10456 11608 24596 7333 -10721 -8157 END
START -8928 10688 19372 5633 -9922 -5791 END
START -8120 10432 15076 4672 -8667 -4259 END
START -6848 10324 11448 4208 -6819 -2211 END
START -5892 8376 10056 1523 -6811 -1275 END