START 3440 1524 4516 -2990 6477 -664 END
START 3268 1544 5556 -3133 8920 -1254 END
START 3536 796 5232 -2834 11257 -1014 END
START 3668 408 5796 -2647 14019 -105 END
START 3216 296 5616 -2813 16722 971 END
START 2380 924 5276 -2689 18895 2260 END
START 936 1616 5236 -2724 20654 2657 END
START -336 1340 5536 -2508 21946 3131 END
START -1528 2072 7820 -3059 22606 2713 END
START -1948 1912 9588 -3835 23290 1635 END
START -2708 1352 11984 -2752 23788 1545 END
START -3396 1252 13312 -2968 25504 896 END
START -4692 984 13560 -3500 26457 458 END
START -6616 1316 14740 -1747 25799 1264 END
START -6884 1520 17144 -857 25569 1493 END
START -9388 2004 20036 -1037 25581 1416 END
START -10472 1672 21752 -2130 24670 -28 END
START -12192 824 23428 -2464 22055 -1664 END
START -12776 96 24504 -1344 17591 -2131 END
START -15252 1020 27760 93 15968 -3712 END
START -13456 -392 27856 -523 13281 -4432 END
START -13392 -456 30260 150 10429 -4513 END
START -12696 -532 32767 1889 7311 -4181 END
START -12448 -212 32767 2281 4172 -4023 END
START -13632 312 32767 2044 2430 -5028 END
START -13444 -20 32767 2122 419 -5447 END
START -13900 -152 32767 3255 -2699 -4117 END
START -13520 1368 31104 5076 -6222 -2406 END
START -13176 3496 29764 6131 -9057 -1765 END
START -12360 4896 27772 6706 -11654 -1460 END
START -11252 5708 26120 6702 -13801 -1020 END
START -10232 6284 23568 6293 -15239 -418 END
START -8796 6912 20932 6224 -15910 818 END
START -7428 7724 18956 6188 -16372 2111 END
START -5688 8300 17264 6103 -16593 3144 END
START -4984 8860 16156 5518 -16223 4478 END
START -5412 8744 13920 4636 -15547 6417 END
START -6232 9764 12412 3827 -15590 8045 END
START -5160 9140 9916 2022 -15119 8990 END
START -4956 9024 9072 873 -14565 10198 END
START -3900 8368 7000 -318 -13369 11635 END
START -2804 7972 5648 -1698 -12362 12812 END
START -3372 7588 3736 -4641 -9319 12607 END
START -1136 6284 2604 -4395 -8732 13657 END
START -980 5264 2308 -5988 -5224 13502 END
START 588 3732 2520 -6091 -2418 13966 END
START 540 1868 2260 -7357 1411 13960 END
START 532 -80 2796 -8178 4540 13741 END
START 200 -2332 3328 -9311 7794 12770 END
START -564 -4388 3696 -10140 10802 11039 END
START -1576 -6084 4716 -10219 12880 8633 END
START -1828 -8356 5696 -10182 14746 5265 END
START -3260 -10696 6888 -7564 16190 2713 END
START -4056 -12112 10260 -5400 17274 -1117 END
START -4860 -12144 13632 -1807 15874 -5679 END
START -4464 -12708 16356 2320 14521 -9978 END
START -6036 -12308 19784 5315 16129 -14590 END
START -10724 -10376 21996 7629 15061 -18613 END
START -9816 -9596 23404 9649 18922 -17072 END
START -13560 -6272 24228 10663 16595 -17519 END