START 2100 -2644 5788 -2994 14409 -899 END
START 2072 -2536 6504 -2698 16516 41 END
START -184 -1372 6144 -542 16808 899 END
START 1744 -560 5792 69 18699 1452 END
START -1644 1152 7992 1393 22928 2785 END
START -684 1460 6660 127 22765 1753 END
START -468 1204 9132 -565 23222 2008 END
START -2256 1036 10984 -2588 24176 1495 END
START -4544 164 12008 -4157 25875 649 END
START -4784 -1108 12332 -3672 25957 274 END
START -4836 -2076 13640 -1416 26004 918 END
START -5676 -956 15092 861 26288 619 END
START -5168 -156 16228 729 27390 -1718 END
START -8168 1128 17720 3502 26338 -1770 END
START -9608 476 20912 2948 25939 -2905 END
START -10704 -232 22440 1652 26012 -4166 END
START -12292 -680 22404 2581 24219 -3843 END
START -13828 92 23648 3594 23176 -4326 END
START -14628 908 23356 4278 19250 -4656 END
START -17816 4212 25060 7114 15551 -1539 END
START -15484 5152 27052 5643 15049 -2244 END
START -14512 5512 27896 4477 12486 -2072 END
START -15540 5232 29464 3078 9756 -2023 END
START -15772 5404 30480 1472 6729 -2249 END
START -15272 5096 30980 738 3587 -2933 END
START -14304 4880 32072 1070 -309 -3297 END
START -12804 4332 32767 795 -3213 -3520 END
START -12592 3712 32724 -731 -4157 -3753 END
START -13984 4164 31608 329 -7113 -1683 END
START -14472 4800 29552 131 -8973 -1017 END
START -14236 5428 27716 -315 -12020 -625 END
START -13068 5980 26268 -269 -14960 -260 END
START -11600 6688 25256 -160 -16956 193 END
START -10596 7108 23944 -107 -18165 684 END
START -10344 7040 22704 -353 -18683 1252 END
START -10280 6744 20352 -644 -18622 2722 END
START -9976 6552 17152 -437 -18753 4951 END
START -9688 6364 14444 -311 -19257 7075 END
START -8724 6320 12628 -580 -19480 8412 END
START -7536 6396 10768 -1080 -19916 9188 END
START -6904 6936 9744 -3564 -19753 7927 END
START -5304 5892 7828 -2914 -20484 8093 END
START -4436 5408 7336 -4331 -18825 7317 END
START -3288 3840 5736 -5384 -16752 7244 END
START -2188 3016 4544 -4497 -14711 8556 END
START -1352 2312 3372 -3796 -12217 10299 END
START -2128 2628 3564 -3178 -9415 11611 END
START -612 1792 2484 -3227 -6815 12672 END
START -848 1404 1656 -3812 -3369 12895 END
START -684 992 1056 -3446 -800 13581 END
START -212 436 888 -3796 1863 13215 END
START -320 -64 1104 -4590 4558 13024 END
START -300 -1240 1196 -5381 7160 12298 END
START -736 -2960 2200 -5984 9371 11348 END
START -1340 -4540 3140 -6597 11619 9699 END
START -1880 -5992 3904 -7492 13953 6572 END
START -1500 -8752 4652 -5639 16292 5827 END
START -1692 -9928 6436 -5073 19297 4173 END
START -3188 -11648 8744 -3753 21007 1549 END
START -4012 -13228 11872 -1248 21176 -1174 END
START -4900 -15156 16348 1236 21042 -4675 END
START -6444 -16376 21444 4150 19768 -8978 END
START -7508 -16496 25232 7703 16544 -13495 END
START -8720 -13904 30380 11328 13104 -17853 END
START -7648 -11792 32767 10583 11435 -20817 END
START -10188 -8168 32767 13584 8376 -20612 END
START -14868 -4968 32767 14258 7795 -20329 END
START -26848 4556 32767 20778 2142 -9834 END
START -25320 9844 31460 18990 -4470 -8113 END
START -19936 12736 26468 19255 -7879 -8665 END
START -17688 12800 23080 14266 -10208 -8034 END
START -14972 13208 19864 10043 -9475 -5542 END
START -9504 10512 15016 8484 -12793 -4431 END