START 5828 80 9780 -70 -345 851 END
START 5292 -92 8776 -219 753 1863 END
START 5060 364 8648 -769 1849 2237 END
START 4776 288 8064 -1562 3042 2132 END
START 4200 368 7308 -1609 3780 2547 END
START 3908 576 7136 -1554 4538 2388 END
START 3912 272 7172 -1523 5024 2186 END
START 4096 -240 7364 -1856 5666 1894 END
START 4296 -792 7608 -2150 7031 1584 END
START 4164 -1364 7228 -1939 8786 1348 END
START 3984 -1308 7020 -1197 10481 1267 END
START 3840 -1072 7060 -582 12123 1149 END
START 4044 -412 7360 31 13443 865 END
START 4500 260 7816 495 14580 796 END
START 4460 364 8252 480 15321 902 END
START 4160 568 9544 -244 16101 922 END
START 3288 440 10232 -1107 17415 791 END
START 2540 -432 10512 -1813 18639 675 END
START 1272 52 11348 -3015 18717 -748 END
START 924 -2100 10848 -888 19315 566 END
START 840 -1188 11916 322 20721 1120 END
START 788 584 12640 1851 21178 864 END
START 1300 1372 14080 3436 21854 1438 END
START 904 2568 17440 3975 22963 2000 END
START -392 2752 18588 3575 24426 1990 END
START -5220 2480 19708 3395 28074 1205 END
START -5392 1888 16256 3080 25732 -879 END
START -4900 848 15508 2857 24820 -2380 END
START -4976 500 16196 4968 22707 -2187 END
START -4624 996 18904 5243 22223 -1882 END
START -4984 1604 21560 6443 21642 8 END
START -7180 2944 24592 5394 22229 251 END
START -7200 3144 25292 4323 20943 -320 END
START -8432 2612 25856 2836 19129 -1673 END
START -10212 1524 28016 2120 17138 -2517 END
START -11364 640 29564 1299 13241 -3260 END
START -11564 420 31420 1101 9364 -3411 END
START -11508 568 32767 2417 5213 -2846 END
START -10968 1652 32767 2686 2052 -3266 END
START -10252 2032 32767 851 1409 -5331 END
START -9700 1368 32767 2666 -2080 -4192 END
START -9652 1816 32767 2484 -3752 -4026 END
START -9872 2672 32767 2782 -6125 -3662 END
START -10048 3640 32767 3426 -8966 -2791 END
START -9576 5280 31408 3915 -11455 -1345 END
START -9400 6944 29340 3929 -13295 -3 END
START -8888 7976 26668 4003 -14682 1178 END
START -8064 8672 23708 3725 -15685 2336 END
START -7148 9416 20436 3146 -16444 3595 END
START -5920 9648 17840 2264 -17061 4457 END
START -4080 9728 15752 1309 -17659 5074 END
START -2532 9984 14092 -434 -17663 4718 END
START -2160 9512 12580 -841 -17293 5101 END
START -2008 8792 10020 -1179 -15784 6065 END
START -1772 8084 8220 -1573 -14184 6866 END
START -1684 6968 6628 -1894 -12557 7759 END
START -1732 6020 4984 -2376 -11184 9358 END
START -1368 5368 3556 -2770 -9692 11013 END
START -992 4888 2536 -3575 -7558 11870 END
START -1056 3848 1580 -5121 -4296 11772 END
START -1836 2996 960 -5592 -1202 12574 END
START -792 1908 -188 -4991 769 14450 END
START -520 924 -1192 -4190 1818 14038 END
START -600 -276 -1268 -5044 5114 12334 END
START -296 -2096 -2024 -5838 8942 11157 END
START -492 -4444 -2484 -5583 12486 10296 END
START -824 -6512 -1960 -4582 16255 9326 END
START -2496 -7684 -132 -3707 18328 7262 END
START -2480 -10072 2320 -2192 21776 5400 END
START -3504 -11580 4940 -1723 24590 1689 END
START -4168 -13224 7200 -761 25253 -3049 END
START -4760 -14248 11692 1243 24315 -7217 END
START -5648 -15228 18172 3354 22419 -11056 END
START -8460 -16460 21924 5185 20143 -13351 END
START -10488 -16244 26804 9042 16508 -12071 END
START -10228 -10788 32767 9827 15901 -10576 END
START -13536 -2128 32767 17767 12374 -5500 END
START -32768 8620 32767 12393 1805 -5861 END
START -19084 8800 32767 9825 10211 -10042 END