START -5476 -5644 14340 -4619 4989 1740 END
START -6384 -6608 14436 -2992 4011 1876 END
START -6272 -7236 15236 -2093 4049 1489 END
START -6368 -7536 16084 -495 3737 1130 END
START -6692 -7784 17004 720 3275 -447 END
START -6892 -8088 17596 1479 3115 -2772 END
START -6864 -9172 17600 2444 3015 -5545 END
START -6976 -10268 17728 4086 2801 -8007 END
START -6588 -10940 18216 6422 2824 -10097 END
START -6436 -11020 18088 8874 3236 -11585 END
START -6420 -9752 17692 11850 3208 -11894 END
START -6872 -7016 17860 13925 2810 -12058 END
START -7572 -3232 17536 15440 1952 -12076 END
START -8308 808 17480 16027 1299 -12387 END
START -8912 4436 17120 15428 566 -13421 END
START -9168 6764 16388 13828 257 -14577 END
START -9156 8216 15960 12385 -605 -14800 END
START -8652 9552 15732 11372 -1230 -14295 END
START -8240 10496 16236 10723 -1596 -13498 END
START -6176 11612 16188 10377 -1397 -12078 END
START -5868 12480 16060 9644 -931 -10838 END
START -5812 13164 14964 8318 -427 -10147 END
START -5984 13508 13508 7722 98 -8954 END
START -5028 13684 12300 7575 -595 -7363 END
START -5100 13704 13192 4724 -593 -7496 END
START -5148 12648 14240 2537 -1400 -5764 END
START -5732 12128 16156 688 -1677 -4606 END
START -6180 11172 17960 -689 -2322 -4678 END
START -6608 10192 19416 -520 -3536 -4755 END
START -5492 9728 20340 -360 -3515 -5654 END
START -5992 9140 21520 1024 -5219 -4873 END
START -6520 8948 22804 1286 -5882 -3436 END
START -6500 9932 23340 2353 -6896 -1587 END
START -6540 11332 23688 2761 -7403 -389 END
START -7064 12944 23932 3152 -8076 979 END
START -7684 14012 22744 3310 -8349 2129 END
START -8352 14604 21160 4065 -8866 4049 END
START -8728 15332 19196 4080 -9869 6111 END
START -8436 15456 17512 3442 -11246 7977 END
START -7256 15496 16020 2275 -12598 9440 END
START -6188 15420 14676 566 -13500 10294 END
START -4592 14744 13628 -1197 -14057 10016 END
START -3520 13432 11800 -2524 -13366 10258 END
START -2960 11908 9840 -2850 -11602 11943 END
START -2580 11492 7880 -2899 -9343 14406 END
START -2368 10580 5964 -3857 -6983 16693 END
START -2004 9720 3380 -5009 -5488 18141 END
START -1996 9092 2960 -5617 -4395 19612 END
START -748 7816 2132 -9024 -1318 19616 END
START -480 6028 784 -10414 557 19446 END
START -236 3844 752 -11809 2833 18352 END
START -28 1600 304 -13108 5901 16958 END
START -276 -584 212 -14017 9249 15479 END
START -336 -3316 1028 -12987 11075 15273 END
START -96 -5808 1620 -12404 13144 14252 END
START -1020 -7664 3516 -12665 14513 11315 END
START -1532 -10828 5032 -12409 16388 7791 END
START -2972 -13712 7156 -12970 18628 2192 END
START -3868 -18140 8636 -11034 19543 -2411 END
START -5664 -22140 10688 -7007 18705 -6373 END
START -6160 -24076 14688 -1571 15009 -9407 END
START -6880 -23060 20280 3374 11409 -11090 END
START -7596 -18572 26460 6842 9433 -14594 END
START -7844 -14996 29120 8763 7902 -19930 END
START -7648 -11536 30204 12339 6914 -24217 END
START -9192 -7920 30232 15949 5492 -27044 END
START -6952 -3116 28288 16589 14255 -24168 END
START -14488 3468 24600 23262 15303 -14435 END
START -17456 11496 24312 26341 12024 -6766 END