START -5976 -4732 13244 -4721 11661 3817 END
START -7492 -5068 15556 -4493 11835 998 END
START -8684 -5884 16384 -4095 11352 -2061 END
START -9356 -7632 18776 -4747 9466 -6204 END
START -8524 -9668 20420 -5970 7898 -9958 END
START -8544 -11680 21100 -2311 3846 -10223 END
START -9204 -11176 22388 -743 4051 -11714 END
START -9500 -10124 22912 2515 2501 -11780 END
START -9560 -8336 22756 4401 2110 -14017 END
START -8668 -6724 21568 6564 1510 -15822 END
START -10364 -4764 21152 8665 600 -15949 END
START -10256 -1976 21376 10549 46 -15920 END
START -10848 468 21828 12076 -836 -14992 END
START -12592 3560 21500 12366 -1722 -13419 END
START -14028 7020 20480 12613 -3294 -11763 END
START -14888 10240 19644 11819 -5567 -11324 END
START -14284 12640 19676 10671 -8301 -12085 END
START -12380 13800 20828 9014 -10728 -12999 END
START -10028 14288 21676 8487 -12270 -12166 END
START -8556 14736 22500 8508 -12778 -10187 END
START -8604 15600 21284 8782 -11960 -7306 END
START -8644 16436 19200 9522 -11658 -3260 END
START -8148 18128 16900 9544 -12103 1146 END
START -7296 19676 16032 7788 -13093 4288 END
START -5892 20268 15332 4599 -14639 5825 END
START -4764 19272 15420 1026 -16529 5469 END
START -4188 17768 14868 -2131 -17272 5131 END
START -3888 15636 14072 -3177 -17106 6217 END
START -3744 14148 13500 -2493 -16034 8396 END
START -3444 13272 12328 -1483 -14696 11063 END
START -2432 12824 10812 -916 -13506 13416 END
START -1324 12568 9620 -1370 -12672 14937 END
START -988 11632 8424 -2812 -11068 15761 END
START 700 10004 7092 -3078 -9952 17870 END
START 1180 8984 6612 -5029 -7099 18048 END
START 1624 7468 5544 -4512 -6184 18635 END
START 1544 6488 5476 -5271 -4140 19038 END
START 2488 4780 4668 -5679 -2868 20260 END
START 2580 3712 4620 -7449 95 19649 END
START 2720 2264 3596 -8415 2334 19478 END
START 2648 956 2712 -9034 4750 19541 END
START 2320 -160 1252 -9252 7565 18932 END
START 2020 -1648 188 -8407 10228 17269 END
START 3308 -2640 1664 -6903 12713 15085 END
START 4456 -4744 6272 -6693 17221 11229 END
START 3464 -7168 8384 -7584 22409 5335 END
START 1412 -9632 8872 -8627 26269 -1691 END
START 1296 -14436 9256 -8620 26419 -9075 END
START -2696 -18644 8336 -3893 25534 -14594 END
START -7080 -23396 9784 451 27561 -18715 END
START -8236 -23528 14120 6498 26980 -22443 END
START -10164 -22128 16528 12703 20441 -23950 END
START -12564 -18996 21796 15916 11909 -22712 END