START -6232 -8200 17788 2685 3505 -8434 END
START -5692 -8592 18544 2688 4243 -9929 END
START -6596 -7780 19992 4816 3436 -9984 END
START -6944 -6744 19860 6195 3338 -11121 END
START -7600 -5184 19264 8025 2114 -11372 END
START -8072 -3024 19548 9133 1076 -11788 END
START -7636 -888 19420 8620 773 -13511 END
START -7592 1340 19264 8971 -326 -13896 END
START -6684 2780 18980 8614 -897 -14776 END
START -5540 4028 18964 8419 -1700 -15269 END
START -4400 5364 19068 8514 -2144 -14922 END
START -3836 6632 19280 8986 -2125 -13795 END
START -3828 8444 18840 9241 -1649 -12617 END
START -3988 9976 17860 9152 -1820 -11365 END
START -3696 11380 16924 8150 -1985 -10591 END
START -3116 12388 16260 6234 -2670 -10343 END
START -1920 12532 16720 4048 -3533 -10488 END
START -1156 12140 17692 2104 -4537 -10070 END
START -368 11704 18756 1136 -4613 -9291 END
START 288 11464 19404 1865 -4463 -7804 END
START 172 11644 19544 2381 -3957 -6204 END
START -364 12768 19528 2957 -3783 -4260 END
START -1012 13732 19680 2202 -4325 -3347 END
START -752 13948 19688 1290 -5836 -3234 END
START 172 13764 20548 679 -7199 -2496 END
START 688 13412 21700 631 -8160 -1399 END
START 1256 13268 22216 1255 -8016 244 END
START 1468 13368 21884 2474 -7382 2666 END
START 1280 13724 20800 3095 -6930 5445 END
START 868 14640 20620 2798 -7562 7280 END
START 1064 15168 19764 1604 -8255 7973 END
START 1220 14840 19000 73 -9187 8366 END
START 1108 14184 18528 -489 -9979 9418 END
START 588 13884 17388 -355 -9844 11097 END
START 32 13748 15660 -628 -9109 12661 END
START -496 12908 14028 -661 -8399 14025 END
START -600 11964 11996 -1047 -7674 15199 END
START -748 10900 10100 -2110 -6756 16113 END
START -436 9532 8184 -3402 -5603 16697 END
START -304 8092 6972 -4475 -4297 17253 END
START -620 6856 5708 -5467 -2692 17761 END
START -376 5216 4556 -6191 -914 18109 END
START -96 4060 3908 -6326 973 18523 END
START 48 3016 3304 -6757 3014 18070 END
START 240 1380 3008 -6920 5323 17908 END
START -76 -168 3380 -7563 8252 17466 END
START -1164 -1728 2888 -8606 10775 16610 END
START -2324 -3476 2900 -8159 11752 16138 END
START -3308 -5176 2368 -8496 13791 14082 END
START -3784 -6628 2024 -7476 15120 12000 END
START -3468 -8332 2808 -6378 17097 10176 END
START -4044 -9404 4276 -6314 18500 7879 END
START -5168 -11488 6080 -5113 19838 6954 END
START -6604 -13308 9392 -4039 20820 4197 END
START -8424 -14476 12276 -3896 20494 -276 END
START -9200 -17148 14792 -3045 18797 -4614 END
START -9284 -19824 18584 41 16438 -8573 END
START -9796 -21076 24144 1800 14673 -10588 END
START -12040 -18712 27684 7384 9957 -15392 END
START -9348 -17168 29060 6270 6702 -21582 END
START -7396 -14028 31224 9416 3929 -24404 END
START -5708 -9576 32767 14567 2767 -22177 END
START -4344 -5204 32368 16544 6084 -22006 END
START -8728 1608 30716 22299 6915 -18218 END
START -14144 9532 27920 23521 5595 -13675 END
START -14064 14932 25316 21252 4444 -11650 END
START -13196 19672 21936 19635 595 -8969 END
START -10700 21724 21064 15290 -5164 -8039 END
START -7140 21664 21272 6281 -7053 -9042 END
START -5352 20924 19996 3033 -8424 -8753 END