START -13656 -5636 20640 6726 1574 -5800 END
START -10264 -3844 20008 7602 -1235 -9535 END
START -8408 -3532 19236 9932 -3412 -10190 END
START -6608 -1888 20088 11946 -2605 -10093 END
START -5932 428 18752 12821 -1293 -9955 END
START -6224 3256 16972 13704 -653 -8753 END
START -6716 5664 15696 13525 -750 -8562 END
START -6928 7736 16244 12036 -2296 -9167 END
START -6972 9300 16340 9812 -3594 -9725 END
START -6400 10324 16832 8541 -5183 -9222 END
START -5344 12200 17600 7531 -6447 -8333 END
START -4568 13736 17476 6479 -6794 -7785 END
START -3952 14860 18008 6661 -6680 -6715 END
START -3380 16376 19484 6268 -6758 -5483 END
START -2096 16816 23596 5001 -8200 -3691 END
START -2084 17520 25096 3739 -8942 -1517 END
START -3208 18456 24992 3305 -9782 672 END
START -4928 18632 23280 2479 -10521 1752 END
START -5720 17704 21040 1339 -12361 2840 END
START -5208 16388 18204 1 -13809 3962 END
START -4240 15156 15516 -1003 -14718 5672 END
START -2984 14060 13936 -1770 -14551 7651 END
START -1496 13516 12516 -2634 -13868 9842 END
START -924 13184 11860 -3639 -12412 11797 END
START -1032 12632 9468 -4793 -10074 12875 END
START -1412 12076 7656 -4522 -8176 14118 END
START -1496 11100 5552 -4602 -6539 14297 END
START -1032 9860 4116 -5185 -5554 14960 END
START -916 8728 4036 -7020 -4665 15071 END
START -584 6980 3848 -9498 -3657 14371 END
START -380 4972 3688 -11534 -2688 13500 END
START -148 3016 3800 -12550 -1288 13058 END
START 468 1772 3992 -13047 586 13174 END
START 692 996 4496 -13733 4109 13568 END
START -612 -488 4004 -13660 8779 13152 END
START -1056 -1352 3476 -10385 9099 13525 END
START -1200 -3116 4392 -7265 10897 12201 END
START -2080 -4888 6816 -6255 13550 10091 END
START -3072 -6496 8312 -6282 15545 7674 END
START -4552 -8740 9288 -6496 16515 4843 END
START -5552 -10468 9836 -5956 17749 2004 END
START -7252 -11916 10244 -4870 18496 -1179 END
START -8416 -12564 11244 -1469 17248 -3928 END
START -9516 -12912 15288 1568 15869 -5800 END
START -10208 -12856 18964 2821 14378 -9155 END
START -10096 -12168 22384 4971 11440 -12698 END
START -8100 -10748 25116 7074 8637 -16743 END
START -5832 -7568 29040 8057 8170 -20277 END
START -6484 -5756 28580 9407 7496 -20663 END
START -5488 -2040 29504 13210 6379 -18656 END
START -7624 3556 30452 15755 5597 -17145 END
START -9164 8976 29964 17992 4313 -16027 END
START -12724 14384 30252 17832 2013 -15548 END
START -11920 16344 27380 16278 167 -15914 END
START -10776 16584 23176 14229 -1008 -15075 END
START -9776 16608 22068 13059 -5457 -14207 END