START -6944 -2392 14376 -1805 2484 -791 END
START -6400 -3612 16704 -3119 2181 -2742 END
START -7180 -4904 17408 -1886 764 -3445 END
START -6868 -6356 18352 -725 -376 -4983 END
START -7396 -7788 20056 -468 -536 -7605 END
START -7892 -9828 19980 1267 -1259 -9265 END
START -8424 -10512 19968 3783 -1370 -10171 END
START -7984 -9900 19400 6685 -919 -11307 END
START -7172 -8724 18924 8931 -808 -12541 END
START -6684 -6032 18284 10871 -1419 -12807 END
START -6004 -2804 17508 11480 -1693 -13521 END
START -5720 1020 16996 11852 -2067 -14218 END
START -6276 4048 16652 11684 -1696 -14687 END
START -7144 6568 14944 11350 -1592 -14340 END
START -7216 9236 13796 11121 -2094 -12983 END
START -6604 12124 12724 10209 -2251 -11456 END
START -4972 14372 12320 8946 -2869 -10312 END
START -4048 16016 13440 7155 -3093 -10007 END
START -3216 16048 14032 5265 -2654 -9669 END
START -3044 15320 14684 3561 -1856 -8910 END
START -3140 14024 14144 2585 -1234 -7814 END
START -2568 13440 14632 2101 -1340 -6387 END
START -1704 13180 15172 1175 -1115 -5239 END
START -556 12644 16484 716 -1682 -4090 END
START -428 11724 19296 53 -2494 -3600 END
START -1128 10960 21700 -646 -3288 -3158 END
START -2540 10164 23108 -427 -3945 -1940 END
START -3776 11056 23408 982 -4306 298 END
START -3868 12100 23396 1901 -4618 2017 END
START -3296 13312 24080 2474 -6201 3628 END
START -2756 13712 26344 1896 -8272 4221 END
START -3000 13308 27288 1794 -9506 4309 END
START -6024 13076 26480 2162 -10664 4831 END
START -8100 12588 23004 4002 -11931 7911 END
START -8116 12940 20012 4762 -13199 10539 END
START -6832 13948 17088 4451 -14393 13018 END
START -3780 14712 14116 2513 -15131 14364 END
START -868 14148 12216 -140 -15235 14241 END
START 912 12732 10212 -2253 -13931 14000 END
START 1624 11116 8504 -2892 -11403 15256 END
START 660 10548 6884 -2839 -8661 17656 END
START -1504 10232 5100 -3853 -5741 18984 END
START -904 8344 3336 -5917 -4649 18714 END
START -1504 6552 2756 -8017 -2768 18203 END
START -1840 4808 1340 -9446 -781 18217 END
START -1744 3424 368 -10180 840 18112 END
START -1024 912 820 -10917 3178 17113 END
START -604 -1496 1628 -11154 6326 16293 END
START -1320 -3576 2256 -11510 12124 14761 END
START -2636 -5956 2424 -9806 11805 14368 END
START -3312 -7744 3164 -9389 12205 11605 END
START -3672 -9452 4184 -9364 13428 7391 END
START -2212 -11900 4632 -7526 15590 4966 END
START -2364 -12980 5960 -5257 18731 3115 END
START -3776 -13432 8300 -3432 20306 1101 END
START -4404 -15096 11412 -1594 21130 -836 END
START -5956 -15880 14740 200 20802 -3943 END
START -6824 -16384 17524 2253 19144 -8180 END
START -6992 -16584 20312 5271 17136 -13134 END
START -7064 -14644 23072 9322 15192 -16405 END
START -7260 -12772 25988 12810 12832 -19386 END
START -8204 -10216 29080 14710 10837 -22516 END
START -9604 -5572 30660 17423 9180 -21176 END
START -9404 1016 32767 23016 5707 -17228 END
START -17524 10024 32684 23587 3052 -15068 END
START -14904 15668 29132 23913 3933 -14867 END
START -14832 19144 24368 23081 1758 -14465 END
START -12836 22364 17640 18613 -2738 -11419 END
START -8844 24252 16752 13927 -2581 -5629 END
START -7804 23988 14344 5606 -5024 -2777 END