START -8720 -7984 18684 -4467 2000 -10180 END
START -9024 -10076 19916 -2408 1848 -11671 END
START -9404 -11204 21648 585 2125 -10805 END
START -10292 -11684 21868 4797 1585 -9131 END
START -12152 -10048 21160 8348 1611 -8722 END
START -13848 -5888 19296 11533 -177 -9974 END
START -11764 -5200 19308 14462 1659 -10945 END
START -11752 -1832 18428 16835 -1783 -12476 END
START -11304 848 17700 17141 -2126 -12161 END
START -9976 3740 16676 18161 -2015 -10261 END
START -10784 6864 15484 17751 -1135 -8863 END
START -11548 9624 13132 17010 -1224 -7417 END
START -10988 11764 11180 15544 -1658 -6645 END
START -9816 13116 9320 13329 -2277 -6338 END
START -7588 14984 8492 11012 -2976 -5763 END
START -5344 16284 8876 7812 -3293 -5018 END
START -4088 16496 9400 3942 -2728 -4613 END
START -3884 16188 10200 1306 -1484 -3685 END
START -4188 15396 10932 -704 -146 -2902 END
START -4972 13888 11184 -2387 1381 -3162 END
START -5644 11984 11952 -3110 1809 -3327 END
START -6184 9868 12996 -4367 1631 -3920 END
START -6384 6836 13768 -4455 1054 -3967 END
START -6284 4624 15504 -4220 -76 -4167 END
START -5580 2260 17472 -3762 -792 -5021 END
START -4752 824 19344 -1771 -1605 -5001 END
START -4812 484 21504 430 -1500 -5091 END
START -5480 928 22664 2510 -1307 -5549 END
START -7116 1060 23240 3799 -1437 -5844 END
START -10044 2064 22844 5524 -2396 -4402 END
START -14432 6480 23620 8207 -4387 -1442 END
START -12808 10396 23448 8592 -7327 -300 END
START -13036 13272 23908 7567 -9619 -1242 END
START -13052 14536 23488 7385 -11661 -1513 END
START -12944 15016 21568 6678 -12356 -1251 END
START -12100 14880 18984 7167 -12919 1504 END
START -11084 15768 17016 7436 -13590 4766 END
START -8756 16088 15724 6498 -13530 7558 END
START -7260 16276 14028 5514 -13927 10093 END
START -6232 16180 12800 3442 -13620 11029 END
START -5800 15380 10896 854 -12727 11257 END
START -5288 14196 8696 -661 -11859 12525 END
START -4488 12720 6596 -2341 -10790 13685 END
START -3700 11544 4868 -3609 -9534 15058 END
START -2996 10376 3224 -5586 -7777 15795 END
START -1336 8716 2284 -7662 -5638 16705 END
START -1328 7372 1128 -9524 -3197 16872 END
START -848 6144 880 -11906 -108 16752 END
START -616 4476 384 -11339 1401 17785 END
START -488 3328 888 -12433 4152 17248 END
START -48 1472 508 -12469 5643 17081 END
START -764 -40 1120 -13114 8175 15973 END
START -440 -2000 1084 -13851 10989 14538 END
START -764 -3724 1536 -14041 13595 12992 END
START -552 -5644 2556 -13911 16179 11633 END
START -1312 -7880 4716 -13871 18423 8634 END
START -2308 -11116 8872 -13164 20686 4246 END
START -4300 -13604 11576 -12804 23429 -972 END
START -7228 -17376 13472 -10084 25385 -7655 END
START -10716 -21856 15388 -3926 23678 -13076 END
START -12260 -23116 20064 5330 16648 -13314 END
START -13720 -20172 24256 12576 9295 -10078 END
START -13768 -13488 28804 16399 6272 -8058 END
START -14076 -5548 29332 19967 3160 -9442 END
START -15092 -2036 31532 15197 5753 -18067 END
START -13904 3960 26836 21677 2804 -19067 END
START -14680 8164 25936 26220 5642 -12793 END