START -5064 -4508 12812 -3286 7514 2699 END
START -5828 -4680 15160 -2604 9769 290 END
START -6372 -6904 13940 -3876 9580 -2681 END
START -7124 -9028 14696 -2970 8340 -4842 END
START -7840 -11096 15168 -1925 7556 -6625 END
START -8584 -11856 15716 769 5578 -6486 END
START -9220 -10284 17876 2944 3650 -7082 END
START -9492 -8584 20312 3030 1884 -10802 END
START -9072 -7504 21788 3256 679 -14851 END
START -8504 -6188 22572 4199 552 -17423 END
START -9416 -5136 22680 5922 1286 -18679 END
START -10400 -3872 21744 8447 2199 -18247 END
START -11868 -2020 20016 10886 2724 -16193 END
START -12624 576 18200 12653 1731 -14553 END
START -12944 3984 18384 13487 -402 -13605 END
START -12404 7312 20652 12417 -2542 -14635 END
START -12528 9184 22648 10010 -3956 -16556 END
START -13964 9120 22644 7862 -4526 -17715 END
START -15552 8484 20520 9475 -6429 -15835 END
START -14276 10308 20212 10897 -7528 -13818 END
START -12824 12324 19600 12212 -9418 -11215 END
START -11232 15176 19704 11549 -10847 -9030 END
START -9684 17044 19336 9737 -11684 -7609 END
START -8868 17940 19784 7940 -13051 -6675 END
START -8756 17832 19316 6177 -13474 -5228 END
START -8724 18044 18696 5202 -13717 -2773 END
START -8280 18300 17048 4794 -14023 -328 END
START -7008 18364 16348 4949 -14741 1749 END
START -5252 18576 15728 4904 -14872 3683 END
START -4280 18768 15596 4106 -14923 5600 END
START -3760 17724 14808 2669 -15208 7240 END
START -3872 16316 13844 186 -14846 8785 END
START -3348 14584 11636 -470 -14446 10884 END
START -2556 13264 10272 -685 -13718 12927 END
START -1768 12668 9228 -1544 -12979 13967 END
START -456 12096 8696 -2678 -11613 15033 END
START 756 11100 8044 -3582 -9269 16225 END
START 832 10528 7652 -2890 -8541 16615 END
START 936 9792 8148 -3309 -7198 16446 END
START 784 8340 7404 -4793 -5102 16719 END
START 320 6364 6244 -5481 -3752 17759 END
START -196 5396 5564 -6278 -2826 18868 END
START -572 4744 5200 -6434 -1749 19659 END
START 104 4572 4680 -7205 143 19677 END
START 568 4724 3932 -7410 1695 19766 END
START 840 4764 2684 -7800 3995 18924 END
START 1496 4224 2316 -8146 6478 17686 END
START 1832 3436 2788 -8615 8938 17136 END
START 1604 2336 3348 -9695 11936 16481 END
START 668 764 3356 -10876 15355 15247 END
START -328 -1032 1764 -11527 18515 13807 END
START -1004 -2840 -332 -10688 21113 11942 END
START -1900 -6876 -156 -9496 22759 9808 END
START -3396 -10572 3316 -8647 23382 8820 END
START -4844 -13420 6868 -8681 24077 7122 END
START -8768 -15848 10588 -7614 23543 3157 END
START -10828 -18216 13640 -7955 21055 -4888 END
START -11284 -21020 16568 -6738 17023 -12120 END
START -10708 -24364 19612 -3106 13545 -15548 END
START -9760 -24548 24128 749 12780 -17899 END
START -11556 -24036 28128 6383 10868 -16984 END
START -13832 -21620 31220 9262 12657 -19441 END
START -18076 -14448 30716 14443 8682 -22125 END
START -17768 -11596 31132 20877 10040 -23255 END
START -15312 -4608 29500 26600 6953 -21260 END
START -14664 2736 28608 30154 5504 -18734 END
START -17500 9136 24912 32559 29 -18473 END
START -15460 12040 22628 19934 7353 -16943 END
START -17500 17816 17876 24572 1061 -7778 END
START -18380 25852 15628 22399 -3101 -56 END
START -13520 27952 14408 13020 -4570 -154 END
START -9156 28244 11296 6854 -7643 -2538 END
START 136 25320 8168 570 -10128 -4113 END
START -332 24588 10588 690 -9772 -4523 END
START 1392 20756 10068 -3439 -5467 -6015 END
START 1676 16996 8792 -4481 617 -2840 END
START 1600 13708 9284 -4073 4211 799 END
START -1816 12764 10020 -7755 6595 1612 END