START -8916 -6156 21004 3385 -1091 -11408 END
START -8276 -4568 21944 5907 -638 -9914 END
START -8876 -1916 22048 8176 -2178 -7961 END
START -8856 2236 23904 8643 -2984 -8175 END
START -8904 4976 23164 6932 -4509 -10619 END
START -9204 6628 23008 5576 -5804 -12497 END
START -7544 7604 22112 5642 -7530 -13323 END
START -6764 8344 22140 5921 -8087 -12420 END
START -6416 9664 22128 7060 -8890 -9731 END
START -6108 11940 22728 6543 -9572 -7798 END
START -5832 13320 21452 5357 -10313 -6798 END
START -5460 14072 20200 4359 -11896 -6064 END
START -4684 14372 18472 3317 -12880 -5023 END
START -2924 14876 17048 3252 -13454 -2992 END
START -1256 15568 16364 2485 -13683 -1064 END
START -340 16348 15928 1130 -13005 483 END
START -100 16228 15372 -240 -12337 1797 END
START -328 15356 13528 -1655 -11603 2867 END
START -184 14080 12360 -2375 -10865 4504 END
START 196 12960 11756 -2742 -9815 6423 END
START 812 12552 11284 -3058 -8993 7955 END
START 1468 12096 11152 -3135 -8390 9127 END
START 1828 11524 11508 -3971 -7240 9554 END
START 1632 10620 10892 -4219 -5927 10032 END
START 1216 9496 10224 -4343 -4361 10341 END
START 452 8584 9388 -4429 -2640 10692 END
START -344 7428 8436 -4437 -1114 11225 END
START -1060 6316 7748 -4242 140 12250 END
START -1744 5460 7288 -4176 1627 13019 END
START -2132 4124 6732 -4582 3209 13403 END
START -2384 2960 6456 -4863 4647 13648 END
START -2744 1496 6596 -5406 5493 13022 END
START -2916 96 7084 -7023 6321 11427 END
START -2844 -1736 7128 -7881 6816 9675 END
START -2868 -3752 7324 -8285 7803 7682 END
START -2808 -5108 7272 -7804 9405 5767 END
START -2672 -6236 7316 -6539 11611 4390 END
START -2652 -6776 7192 -5115 15146 3217 END
START -2704 -8440 7556 -1568 16696 4184 END
START -4168 -8996 10300 36 18100 3177 END
START -5492 -9604 12028 320 18592 490 END
START -6064 -10584 13152 665 18368 -2553 END
START -6932 -11860 14380 1782 17105 -6428 END
START -7396 -12148 17140 3734 15244 -10421 END
START -7356 -12008 20084 5074 12802 -15384 END
START -6448 -10888 22908 6654 10254 -19113 END
START -8784 -9200 24116 8771 8973 -20901 END
START -9040 -6272 24136 9253 8987 -22141 END
START -9136 -284 26352 14173 6468 -18327 END
START -9256 7016 30352 17397 5214 -15102 END
START -15168 13496 30772 15819 5785 -14415 END
START -11756 15852 28072 15328 4675 -14664 END
START -13420 17008 24128 15330 4702 -13065 END