START -4064 3100 12856 -3462 6719 -758 END
START -4132 844 12488 -1294 4878 1607 END
START -5764 1056 14804 -2542 5200 893 END
START -6680 -64 15360 -3635 4179 -371 END
START -7324 -412 15748 -3563 3492 -1696 END
START -7808 -1164 16596 -3277 2753 -4251 END
START -7588 -2968 17208 -3015 2858 -7460 END
START -7496 -5376 17096 -1656 2403 -8549 END
START -7588 -7444 16596 -130 2613 -8967 END
START -8324 -8548 15920 2168 2415 -8294 END
START -8720 -9120 15260 4987 1265 -7755 END
START -10024 -7984 15508 6117 214 -9277 END
START -10492 -7376 15880 6663 -1055 -12692 END
START -10316 -5208 16288 7088 -3121 -16711 END
START -9052 -3972 17480 7099 -5277 -20745 END
START -7384 -3244 18232 8303 -5970 -22294 END
START -7480 -592 19140 11605 -4938 -20069 END
START -8760 2496 19384 14474 -3159 -16775 END
START -10480 6040 17884 15970 -2026 -14037 END
START -10648 11368 16000 16551 -2801 -13021 END
START -11916 15468 16656 15869 -4764 -12234 END
START -9460 17376 16836 13892 -6142 -11960 END
START -8908 20084 16728 11658 -6611 -10659 END
START -8136 21204 17684 9090 -7174 -9280 END
START -7484 20948 18644 5791 -7947 -8135 END
START -6544 20788 19580 3384 -8916 -6062 END
START -6388 20760 20684 1571 -9311 -3483 END
START -6416 20332 21040 626 -10115 -1498 END
START -6872 20232 21008 343 -10546 370 END
START -7704 19732 20104 615 -10417 3178 END
START -7924 19608 18408 1284 -10915 6962 END
START -7428 19280 17292 786 -11994 9589 END
START -6496 18692 15844 -311 -12708 11507 END
START -4824 17644 14008 -1678 -13098 13112 END
START -3280 16204 12040 -3173 -13237 13963 END
START -2604 15012 10284 -4467 -11454 15194 END
START -1900 13780 7736 -3785 -9746 18057 END
START -2208 13204 5372 -4956 -6981 20208 END
START -2212 12352 3076 -6612 -4683 21437 END
START -2140 10780 804 -8968 -2038 22002 END
START -1956 8532 -456 -10924 -38 22517 END
START -1812 6104 -992 -13908 2347 22122 END
START -1444 2396 -1928 -17024 5046 21371 END
START -2220 -628 -1944 -19671 8766 19910 END
START -620 -4920 -3572 -19889 11184 18299 END
START 400 -8868 -4648 -18270 13734 16748 END
START 804 -12600 -2208 -13427 14884 15007 END
START 1256 -15092 764 -11426 17938 11405 END
START 1400 -17784 3076 -9255 21751 9056 END
START -620 -19176 8088 -7422 24065 3501 END
START -3328 -20212 12296 -8234 26665 -6071 END
START -5380 -22484 15376 -5357 25202 -15008 END
START -9632 -26296 19084 -2132 22442 -24741 END
START -11784 -32180 20952 6443 16782 -29406 END
START -16924 -25724 28276 16888 8967 -25252 END
START -18028 -16112 32767 20269 9554 -17759 END
START -21248 -4236 32767 20402 12252 -17022 END
START -20988 -12 32767 25889 8014 -15601 END