START -8800 -6756 17832 -3634 3466 -3623 END
START -11268 -6632 20820 -3098 3938 -7032 END
START -10660 -8680 18440 441 1124 -7122 END
START -11044 -7764 19780 2656 507 -7781 END
START -10976 -7676 19540 5015 841 -8632 END
START -11220 -6504 18708 7432 426 -9588 END
START -10576 -4992 18356 9273 -192 -9820 END
START -10368 -2592 18004 10969 -661 -9514 END
START -10556 -84 17900 11647 -1088 -10071 END
START -10948 2396 17416 11683 -1644 -10745 END
START -11132 4328 16528 11398 -2559 -11796 END
START -10996 5560 15564 11048 -3600 -12482 END
START -10580 7348 14952 10795 -4923 -12216 END
START -9068 8604 14596 10545 -5721 -11360 END
START -7420 10028 14116 10356 -5990 -10226 END
START -6532 11820 13896 10633 -5633 -8581 END
START -5992 13396 13116 9829 -4681 -7461 END
START -5408 14020 12780 8809 -3913 -7037 END
START -4988 13940 12032 7819 -3153 -6029 END
START -4696 13980 11188 6600 -2170 -4523 END
START -4076 13552 10704 5210 -1507 -3417 END
START -3908 12876 11856 3471 -1404 -2638 END
START -3864 12024 13980 1762 -1297 -2220 END
START -3988 10800 16128 242 -1554 -1771 END
START -4696 10168 17388 -225 -1902 -695 END
START -6312 9964 18856 -414 -2100 200 END
START -7344 10040 19688 -334 -2394 1170 END
START -8176 10504 20524 -113 -3068 2272 END
START -8584 10772 20940 -247 -4477 3043 END
START -8580 10980 22160 336 -6407 3853 END
START -8832 10996 23192 621 -8274 4256 END
START -9760 10908 22264 1335 -8919 5489 END
START -10580 11172 20340 2938 -9471 8575 END
START -10636 11400 18348 3773 -10415 10682 END
START -9804 11444 16044 2933 -11109 12162 END
START -8312 11416 13604 2146 -12032 13175 END
START -6320 10596 11480 -419 -11886 13642 END
START -4220 9920 9324 -2993 -11591 13978 END
START -2524 9132 8368 -5226 -10236 14334 END
START -1104 8472 6972 -7679 -8013 14791 END
START -100 7436 5820 -9032 -5654 15230 END
START -60 6740 4816 -10403 -3027 15479 END
START -244 5664 3580 -11064 -600 15537 END
START -340 5188 2740 -11492 1846 15992 END
START -748 4396 2480 -11611 4067 16583 END
START -1512 3832 2660 -11828 6101 16462 END
START -2036 2836 3616 -12004 8043 15483 END
START -2156 1076 4852 -12136 9825 13892 END
START -2232 -1576 6448 -12774 11290 11804 END
START -3380 -4360 8108 -12552 12163 9462 END
START -4260 -6852 11020 -11822 12375 5606 END
START -4948 -9608 14192 -11232 12577 900 END
START -5516 -12316 16484 -10114 12598 -4357 END
START -6680 -15632 17684 -8256 12373 -10827 END
START -7768 -17884 18964 -2827 11222 -16040 END
START -6736 -18692 20740 3640 10797 -18068 END
START -6812 -18012 22400 9166 10838 -17417 END
START -8048 -14996 24292 14263 10591 -14636 END
START -9964 -9280 25260 18629 8826 -11269 END
START -15440 -844 29492 15538 9290 -14197 END
START -16356 3220 22832 20843 4621 -11596 END
START -14904 9124 23428 21068 872 -11897 END
START -13368 13756 23600 18402 -1365 -12805 END
START -11408 15844 21188 15320 -3070 -12432 END
START -9816 19032 18452 14135 -3017 -10977 END
START -8408 19500 17896 11467 -2448 -10219 END
START -10548 16880 13412 6970 -5628 -8989 END