START -10472 -4908 16684 1747 4010 -3118 END
START -9656 -4368 19064 3350 1988 -3218 END
START -10744 -3508 19232 4417 117 -4811 END
START -10608 -3252 19260 5602 -1742 -6479 END
START -9768 -2132 19384 6620 -2511 -8161 END
START -8800 -1284 18672 8449 -3466 -8545 END
START -8248 232 17740 9607 -3502 -9014 END
START -7564 1560 16560 10556 -3298 -9302 END
START -7492 2596 15540 10996 -3256 -9213 END
START -7508 4192 14584 11152 -3636 -8312 END
START -7556 6512 14264 10678 -4002 -7496 END
START -7068 8476 14028 9904 -4295 -7385 END
START -5800 9976 13580 9250 -4379 -7884 END
START -5192 10956 13548 8508 -4011 -8097 END
START -4520 11600 12688 7868 -3253 -7491 END
START -4748 12084 11852 6574 -2088 -6823 END
START -4880 12932 11052 6029 -1642 -5138 END
START -4812 13792 10628 5236 -993 -4053 END
START -4464 13960 10700 4088 -635 -3508 END
START -3864 13696 10616 2844 -189 -2524 END
START -3552 13660 10948 1424 227 -971 END
START -3444 13264 11060 247 785 674 END
START -3468 13048 11724 -655 1443 1775 END
START -4132 12432 12848 -1798 2169 2163 END
START -5048 10720 13256 -2958 2636 1516 END
START -5564 8920 14360 -3567 1996 174 END
START -5924 6668 15888 -3715 1310 -966 END
START -5768 4656 16920 -3373 595 -1666 END
START -5808 2336 18480 -2381 -569 -1901 END
START -5748 1052 19848 -1557 -1063 -2087 END
START -6316 784 20716 219 -1411 -1915 END
START -7036 1220 20872 1500 -2073 -2267 END
START -7620 1680 21556 3702 -2954 -2888 END
START -7068 3516 22792 5279 -4538 -3427 END
START -7456 6072 24664 6228 -5727 -3538 END
START -8084 8036 25552 6470 -6694 -3252 END
START -9164 9716 24708 5896 -7187 -3075 END
START -10712 10812 22372 6178 -8025 -1486 END
START -11476 12116 20124 6311 -9485 987 END
START -10776 13700 17804 5514 -11432 3013 END
START -8688 15124 17564 3851 -14070 4038 END
START -6596 15512 16948 1374 -15096 3978 END
START -3780 15992 16164 614 -16162 4665 END
START -2080 16220 15508 -613 -15412 5249 END
START -2704 15376 12864 -1806 -13031 6686 END
START -2088 15056 10316 -2403 -10967 9069 END
START -4960 14956 8880 -4674 -9356 10642 END
START -2380 12924 6464 -5232 -8648 12950 END
START -2564 12820 6088 -6448 -7983 14217 END