START -7000 -5592 17076 -1125 1356 -4612 END
START -6276 -7104 18384 -1554 2315 -6447 END
START -7352 -8208 18204 462 2449 -7219 END
START -7832 -8488 18204 3155 1906 -7947 END
START -8296 -8024 17816 5388 1941 -8978 END
START -8432 -7308 17344 7564 1863 -10195 END
START -8208 -5652 17340 9363 1407 -11300 END
START -7476 -3156 17568 10851 882 -12147 END
START -6896 -628 18068 11784 443 -13225 END
START -6636 2084 18036 12141 408 -13751 END
START -7092 4468 17792 12338 502 -13827 END
START -7876 6616 16780 12193 445 -13848 END
START -8480 8424 15272 12001 223 -13239 END
START -8620 10476 14052 11256 -381 -12226 END
START -7904 12664 13320 10378 -1293 -10622 END
START -6528 14588 13424 8799 -1815 -9335 END
START -5792 15920 13580 6962 -2078 -8448 END
START -5192 16676 13828 5016 -1761 -7885 END
START -5020 16376 13588 3557 -939 -6884 END
START -4668 15088 13312 2487 -188 -5500 END
START -4424 13916 13224 1601 384 -3762 END
START -4488 12680 13520 772 708 -2319 END
START -4588 10712 14412 -383 560 -1885 END
START -4644 8872 15524 -1870 -97 -2081 END
START -4860 6792 17308 -2973 -1242 -2489 END
START -4516 4640 19720 -3021 -2807 -3224 END
START -3876 3656 21824 -1793 -3903 -3329 END
START -3952 3588 23720 139 -4112 -2964 END
START -4820 4428 24776 1954 -4000 -2431 END
START -6284 6088 24976 3502 -4014 -1585 END
START -7744 7988 25140 4719 -5013 -126 END
START -8244 9896 25668 4956 -6886 1035 END
START -8232 12100 25788 5580 -9252 2078 END
START -8384 13756 25220 5699 -10812 2984 END
START -9116 14932 22920 6186 -11986 4499 END
START -9200 15836 20480 6522 -13325 6327 END
START -8252 15720 17584 5915 -13848 8361 END
START -6940 15980 14692 5108 -14173 11124 END
START -5176 15608 12264 2769 -13903 12560 END
START -3152 15008 10444 174 -14170 13110 END
START -1652 13828 9152 -2766 -13574 12637 END
START -736 12012 7564 -4857 -11705 12613 END
START -216 10376 6188 -5349 -9430 13710 END
START 88 9244 5092 -5435 -7128 15067 END
START -160 8916 3688 -6095 -4514 16320 END
START -580 8076 2364 -7049 -2271 16979 END
START -836 7340 1580 -8061 -382 16965 END
START -664 6432 1140 -9225 1554 16711 END
START -684 5016 1116 -9842 3202 16993 END
START -676 3668 1412 -10922 5520 16478 END
START -788 1756 1508 -12095 8126 15580 END
START -744 -924 1544 -12566 10120 14889 END
START -1784 -2792 2404 -11899 11837 13825 END
START -1968 -5052 3176 -11489 13952 11301 END
START -2172 -7288 4124 -9729 15324 10018 END
START -2828 -8916 5952 -8391 17437 7918 END
START -4088 -11020 8052 -7509 19022 4117 END
START -4908 -13952 10348 -5789 19756 860 END
START -6772 -16080 13208 -4531 19842 -2999 END
START -8500 -18300 15204 -2210 18596 -7269 END
START -9808 -18528 18468 2459 16177 -9228 END
START -10324 -16596 23184 7039 13593 -10487 END
START -10608 -12712 26212 11065 11298 -11656 END
START -10220 -8548 27788 13869 9641 -12964 END
START -13172 -1936 32767 13632 9722 -14769 END
START -11636 3568 30192 18228 7939 -13646 END
START -13660 8876 29292 16902 7690 -13633 END
START -14836 12168 27784 17400 6989 -11728 END
START -14588 15148 23432 16106 2253 -8111 END