START -4284 -2768 14508 -6026 8187 -286 END
START -5836 -5760 14252 -4487 8534 -285 END
START -6376 -7524 14724 -2731 8049 -59 END
START -8968 -7556 15988 -1233 7635 -1431 END
START -9836 -7816 17328 1367 6589 -3474 END
START -10116 -7916 19960 1998 4428 -7893 END
START -9952 -9124 21268 3011 2502 -11517 END
START -10272 -9744 21668 4380 1812 -13734 END
START -10428 -9568 21452 7103 1682 -14076 END
START -10996 -7644 20768 10949 1561 -13129 END
START -11020 -3396 20460 14507 267 -12615 END
START -11232 1460 20612 16294 -1177 -12708 END
START -11460 4960 19952 16022 -1871 -14268 END
START -11672 6592 18692 15830 -2659 -15568 END
START -12296 8380 17836 15745 -4169 -15103 END
START -12224 9956 16784 14645 -5273 -14351 END
START -11336 11208 17860 14244 -8019 -12782 END
START -11548 12720 18740 13673 -8695 -10514 END
START -12260 15780 17644 15074 -8859 -6760 END
START -12528 17988 15916 15467 -9250 -4607 END
START -11652 19392 13468 14483 -10363 -3194 END
START -8860 19768 12000 12212 -11614 -1043 END
START -5632 20032 12264 8977 -13197 1397 END
START -1984 19880 14768 5040 -14866 2661 END
START 484 20320 17796 2360 -15111 3386 END
START 220 20456 18836 1242 -13141 3350 END
START -1952 19272 17616 1067 -9955 3218 END
START -4316 17868 14856 2665 -8217 5783 END
START -6156 16872 12504 2150 -7308 9162 END
START -7608 15360 10240 -381 -7153 11834 END
START -7716 13484 7564 -3008 -7538 15567 END
START -8612 12672 5704 -5272 -8143 18563 END
START -6420 11592 5452 -8033 -9003 19917 END
START -5112 9740 5008 -12965 -7636 17719 END
START -5280 7524 4236 -14598 -5420 16883 END
START -2024 4912 2332 -14375 -5124 17773 END
START -1748 4308 2868 -15395 -499 16667 END
START -952 2564 1036 -15377 3512 16692 END
START -1012 1620 332 -14499 7483 17544 END
START -828 476 460 -13765 10956 17599 END
START -768 -1292 448 -13855 13641 17378 END
START -2216 -3312 1768 -13333 15764 15852 END
START -2444 -6240 3108 -13616 17636 12703 END
START -3800 -9696 5192 -13521 18905 7558 END
START -4704 -12380 7580 -12947 18563 2202 END
START -4020 -15920 10124 -12325 17965 -3460 END
START -3692 -19492 13292 -10106 16448 -9352 END
START -3988 -21468 18404 -5456 14123 -15527 END
START -3924 -22396 22316 212 12237 -22286 END
START -3332 -21044 25924 6569 10512 -27474 END
START -2840 -18532 31452 10766 9897 -31549 END
START -6808 -13848 32576 15629 7558 -32422 END
START -12452 -7776 32767 20887 13093 -28105 END
START -24636 184 27892 22589 10939 -21854 END
START -25504 6316 25868 24164 15179 -14999 END
START -27924 15728 16308 28319 11505 -4399 END
START -26652 22156 16508 25137 -1437 2204 END