START -5868 -4092 13772 -5852 -1941 909 END
START -6496 -5484 17324 -8071 -23 -3603 END
START -6864 -8036 17164 -3205 -785 -4140 END
START -7104 -9608 18764 -1664 1033 -6978 END
START -7600 -12176 17944 489 2833 -9061 END
START -8120 -13044 15944 5123 2764 -7332 END
START -8352 -11116 15212 9639 2330 -5197 END
START -8536 -8200 14816 11413 1979 -5692 END
START -8180 -5744 14236 12405 737 -7638 END
START -7472 -3328 14652 11938 -81 -10984 END
START -6676 -964 14708 11483 -550 -13319 END
START -6512 1196 15112 12028 -439 -14767 END
START -6748 3636 14832 13099 497 -14441 END
START -7268 6996 14236 14489 1223 -12502 END
START -8580 10900 13912 14940 2252 -10359 END
START -9548 14444 12600 13979 2819 -7872 END
START -9736 17164 11528 12412 2402 -6452 END
START -8192 18804 10532 10133 1691 -6411 END
START -7664 20376 11104 7425 1142 -5547 END
START -6436 20372 11696 5603 1428 -4043 END
START -5412 19512 11808 2312 1949 -3020 END
START -4768 17364 12524 -266 2616 -1259 END
START -4656 14092 13432 -1983 3204 405 END
START -5200 11016 14660 -3548 3429 988 END
START -5800 8272 15508 -4767 2660 52 END
START -6196 5448 16236 -5379 1463 -1364 END
START -5952 1452 17960 -5301 -578 -3276 END
START -6120 -1924 19256 -4500 -2351 -5235 END
START -6172 -4232 20656 -2327 -3768 -6970 END
START -5364 -4748 22080 1194 -4748 -7793 END
START -4036 -3944 22628 4467 -4513 -8717 END
START -3928 -1960 23020 7575 -4475 -9225 END
START -5888 1440 22684 10325 -4262 -9059 END
START -9056 5272 21128 12044 -3685 -8186 END
START -12564 8864 19552 13748 -4141 -6480 END
START -14060 12496 18600 13805 -5983 -6155 END
START -14544 14840 17700 12813 -8888 -4390 END
START -13004 16588 18020 12157 -11761 -2155 END
START -11352 17700 17312 11391 -12724 452 END
START -10664 18712 15800 11804 -12418 4704 END
START -10688 20800 13160 11152 -12036 8552 END
START -8864 21944 11328 8212 -12129 10533 END
START -6164 20824 10316 3286 -12541 11217 END
START -3736 18516 8236 -591 -13204 13048 END
START -3132 18184 8212 -3493 -13324 13955 END
START -1484 16248 6888 -7690 -11633 13492 END
START -988 14136 5784 -9572 -9789 14141 END
START -600 12108 4564 -9546 -7609 15597 END
START -816 10628 3964 -9794 -4576 16458 END
START -1180 9604 3324 -9999 -1808 17339 END
START -1068 8268 2604 -10321 238 18289 END
START -1332 6848 1884 -12356 2975 18332 END
START -1264 4988 996 -14444 5742 18055 END
START -804 3540 -156 -16235 7796 17793 END
START -924 2060 236 -17758 9983 17446 END
START -1172 -572 -92 -20628 12898 16247 END
START -2752 -3776 -228 -19204 15524 14647 END
START -3028 -7204 1808 -16039 17885 11339 END
START -3260 -10396 5084 -14559 20926 5448 END
START -3364 -13092 7712 -11785 23494 1057 END
START -4036 -14780 11592 -8730 25041 -3335 END
START -5488 -17580 14728 -6082 24046 -9719 END
START -6676 -19464 18368 -2212 20684 -15692 END
START -8520 -19808 22376 2400 17783 -18457 END
START -10368 -18144 26696 5902 15024 -19458 END
START -10264 -12564 30136 8104 12251 -21860 END
START -10704 -10456 28660 12754 10401 -15919 END
START -19548 -1732 31788 12748 10757 -13330 END
START -18764 8876 30648 19303 11920 -11432 END
START -24812 9384 22944 16666 8074 -10249 END
START -23300 12648 19848 17007 2148 -7526 END