START -5072 -1040 12328 -3201 4601 3152 END
START -7072 -324 15936 -2112 5883 3089 END
START -8536 -868 14000 -2245 3792 1898 END
START -8192 -1168 15216 -2212 1873 -78 END
START -7580 -1528 16372 -3476 1993 -2764 END
START -6932 -2836 16260 -2399 973 -3640 END
START -6684 -3576 17060 -1323 714 -4075 END
START -6452 -3976 17312 110 1400 -4309 END
START -6308 -4216 17412 1929 2055 -4664 END
START -6428 -4316 17412 3645 2292 -5141 END
START -7152 -3808 17468 4930 2310 -5785 END
START -8072 -3280 17792 5298 1880 -7537 END
START -8324 -3680 17588 5049 945 -10010 END
START -8516 -4576 17600 5788 -231 -11697 END
START -8480 -4876 17128 6800 -876 -13014 END
START -7692 -4192 17240 8390 -1767 -13543 END
START -7028 -2436 18516 9680 -2533 -14176 END
START -6692 -68 18844 10772 -2876 -15121 END
START -6904 2924 19088 12251 -3287 -15509 END
START -7856 6052 18804 13024 -3297 -15867 END
START -9032 9044 17672 13611 -3418 -15132 END
START -9656 11868 15740 13938 -3667 -13368 END
START -9628 14880 13828 13290 -4059 -10906 END
START -7928 17292 12608 12578 -5083 -8236 END
START -5576 19776 12624 11125 -5470 -5814 END
START -4120 21116 12568 7720 -5185 -5521 END
START -3176 20248 12188 4727 -4654 -5399 END
START -2836 18384 12520 2834 -4075 -3963 END
START -3200 16588 13188 1110 -3251 -2299 END
START -3692 15276 12944 -833 -3227 -1141 END
START -3392 14372 13592 -1763 -3932 -113 END
START -2240 13972 15440 -2778 -4248 291 END
START -1212 13328 17716 -2949 -4721 745 END
START -1376 12988 19888 -2726 -4509 1599 END
START -2700 12268 21436 -2242 -3862 3315 END
START -4820 11708 20876 -1716 -3358 5708 END
START -6428 11584 19156 -1105 -4073 7687 END
START -7248 11884 17728 -1162 -5835 8560 END
START -6732 11680 16804 -1739 -7803 8991 END
START -4788 11720 16932 -2290 -8940 9456 END
START -4196 11480 16836 -2438 -8827 10006 END
START -4288 11256 15156 -1881 -7444 11311 END
START -4984 11112 12972 -1144 -5673 14000 END
START -5608 11104 10612 -759 -4191 16598 END
START -5980 10756 8068 -1613 -3127 17781 END
START -5596 10416 5880 -3641 -2625 18065 END
START -4864 9244 4136 -6642 -2037 17168 END
START -4156 7564 2844 -9613 -1216 16118 END
START -2688 5560 2276 -10743 -826 16110 END
START -1712 3564 3392 -12336 1118 15588 END
START -968 1420 3664 -13711 3840 14606 END
START -1208 -1088 4852 -13878 6749 13071 END
START -1100 -3512 5720 -13231 8852 11271 END
START -1172 -5892 5808 -12819 10846 8998 END
START -1156 -8272 6472 -10711 11660 7255 END
START -884 -10012 7360 -8572 14113 4969 END
START -1512 -11448 9032 -7766 16070 1169 END
START -2888 -12920 11088 -6861 16465 -3199 END
START -4164 -14624 13808 -5531 16528 -8190 END
START -5352 -16812 16272 -2852 15865 -12801 END
START -6472 -17892 19128 1232 14685 -15306 END
START -7532 -17160 22000 6035 12746 -15490 END
START -9236 -13840 24788 11629 10999 -14674 END
START -12264 -7656 27812 15831 10241 -14914 END
START -15452 -904 32712 16253 11571 -18533 END
START -15024 3156 29392 18968 6274 -17954 END
START -14200 8584 29740 19674 2828 -14975 END
START -14704 12788 28200 18233 3568 -14460 END
START -14004 16216 22164 18612 319 -10774 END
START -14988 18840 21316 19032 143 -5105 END
START -16304 21104 17004 11889 -1817 -4615 END