START -3980 -2668 14416 -1685 -566 -960 END
START -4308 -3896 16132 -891 929 -1520 END
START -5160 -4348 16396 410 2185 -2671 END
START -5564 -5760 16704 747 907 -5372 END
START -7000 -7332 17276 999 653 -7789 END
START -7516 -8532 17028 2709 -251 -9311 END
START -7720 -8236 16900 4997 -518 -10037 END
START -6948 -6764 17264 6775 -19 -10336 END
START -5956 -4188 17348 8773 -436 -10122 END
START -4664 -760 17704 9662 -195 -11045 END
START -3568 2404 16968 10007 607 -12055 END
START -3756 5276 16644 10500 1127 -12582 END
START -4540 7488 15580 10234 1630 -12817 END
START -5524 9324 14432 9617 1562 -11633 END
START -6220 11720 13920 8658 1216 -9381 END
START -5372 14620 14120 7950 338 -7131 END
START -5048 17032 14860 6520 -213 -6343 END
START -4224 17736 15172 4230 -524 -7027 END
START -4148 17120 15512 2000 -519 -7164 END
START -3840 15804 14900 1396 82 -5739 END
START -3548 14716 14768 1426 483 -3617 END
START -3620 13572 14932 497 728 -1963 END
START -3656 12784 14820 -808 454 -581 END
START -3328 10964 15660 -2510 -376 -308 END
START -2688 8516 17180 -3480 -1639 -440 END
START -2100 6976 19588 -3412 -2297 -509 END
START -1748 5720 21988 -2472 -2271 -1061 END
START -2508 5248 23340 -999 -2360 -958 END
START -3884 5416 23840 -4 -2524 -457 END
START -5512 6280 23748 971 -3103 755 END
START -6628 7592 23568 1379 -4053 1812 END
START -6520 9336 24124 1613 -6410 2159 END
START -5276 11220 25360 2220 -8955 2006 END
START -4700 12484 25180 3041 -9565 2546 END
START -5276 13664 24840 3331 -9647 4135 END
START -6548 14076 21736 3372 -10739 6143 END
START -6436 13932 17720 2758 -11667 8292 END
START -5952 14152 14068 1490 -12889 10250 END
START -5060 13892 11072 -970 -13245 10924 END
START -3024 12608 8784 -3471 -13414 10689 END
START -1208 10724 7528 -5551 -12760 11046 END
START 3284 9208 6132 -7411 -10573 12500 END
START 1276 8284 5516 -8175 -6679 13291 END
START 1240 6728 4108 -7445 -4002 14407 END
START 300 6092 3264 -7114 -470 14378 END
START -496 5408 3704 -7544 3318 13786 END
START -396 3652 2236 -7367 4066 14806 END
START -1300 2864 3168 -8129 6188 14221 END
START -1784 908 3704 -9245 7890 12994 END
START -2520 -568 4080 -9916 9533 11947 END
START -3076 -2088 4048 -9452 11100 11112 END
START -3296 -3580 4664 -7985 12409 9963 END
START -3244 -5652 6460 -7134 13188 8255 END
START -2816 -8412 8856 -6140 14698 6950 END
START -3884 -10648 11360 -5191 15962 5111 END
START -5316 -11956 13412 -3841 15980 1016 END
START -6236 -12600 14820 -1682 16018 -2922 END
START -6324 -12760 17052 1731 15949 -5420 END
START -6416 -12748 19200 5911 14977 -6816 END
START -7672 -11352 22576 8311 12999 -9594 END
START -8868 -10920 25068 9708 11021 -13797 END
START -9976 -10232 25568 10000 9626 -17467 END
START -9624 -6820 26076 14091 8024 -16570 END
START -9480 -2260 26060 18904 5443 -14724 END
START -8848 4128 27564 22140 3867 -13814 END
START -9200 8804 26592 21333 4074 -15418 END
START -8544 11548 23308 22078 6558 -12183 END
START -12704 14180 20296 18191 5561 -10814 END
START -13692 16012 15488 15577 3026 -6037 END