START -2828 10588 9944 -6172 6448 783 END
START -3636 9960 10820 -9241 6951 -714 END
START -3512 8956 10704 -12633 5947 -2907 END
START -4836 6980 11692 -15720 5829 -4681 END
START -5864 4968 11536 -16154 4955 -5284 END
START -6900 2724 12160 -16695 4946 -7500 END
START -7852 764 12952 -15328 4181 -9407 END
START -8384 -1664 13580 -13177 2561 -10490 END
START -9292 -3116 15616 -10450 1661 -10803 END
START -10416 -3888 17476 -8357 1544 -11295 END
START -11532 -4904 17980 -7726 1842 -12776 END
START -13956 -4536 17968 -7372 1415 -14428 END
START -12220 -5348 16984 -5648 588 -15616 END
START -12952 -6624 16228 -3273 -2030 -15906 END
START -10976 -5432 16632 2043 -2776 -13813 END
START -11644 -3076 19172 5352 -2913 -12723 END
START -12308 -1148 19808 7431 -2508 -12879 END
START -13548 1580 18752 8025 -2790 -13639 END
START -14588 4080 17092 7748 -4433 -15055 END
START -13092 5156 16556 6368 -6650 -18871 END
START -11812 4788 16280 5277 -9480 -23422 END
START -9592 4652 16716 5994 -11592 -24330 END
START -8124 4176 17612 7784 -11416 -21807 END
START -8844 4244 19152 8605 -9668 -18147 END
START -10844 5788 18328 11712 -7505 -12759 END
START -12256 9172 17284 13769 -7883 -9521 END
START -11988 12544 17336 14398 -9933 -8521 END
START -10300 14880 18628 13897 -12341 -9356 END
START -7512 15432 19836 11815 -13990 -9992 END
START -5968 16128 20316 12032 -14622 -7185 END
START -5636 17528 20044 12188 -13568 -3048 END
START -5552 18544 17964 12014 -12733 748 END
START -4076 19324 17112 10903 -13274 3472 END
START -2668 19288 16552 8439 -13424 5530 END
START -1632 19388 16120 5963 -13809 7229 END
START -1348 19140 15632 3410 -13888 7940 END
START -984 17908 13780 1703 -12836 8649 END
START -876 16640 11460 1097 -10955 10393 END
START -3280 15956 9212 911 -8629 13140 END
START -1464 15056 6804 2405 -9237 17319 END
START -1540 14584 5956 -1562 -6591 17430 END
START -2360 13260 3868 -3852 -5824 18381 END
START -1184 11724 2520 -6791 -3960 18795 END
START -380 9896 1388 -9631 -1526 18710 END
START -340 7764 196 -11629 1017 18944 END
START -340 5756 -496 -13594 5040 18590 END
START -1636 4024 -736 -15135 9981 18198 END
START -404 1476 -2852 -15442 13857 18965 END
START -824 -1828 -3892 -15321 18349 19002 END
START -1944 -5628 -2900 -14185 20012 18947 END
START -3684 -10980 -584 -15660 22759 15208 END
START -6652 -15712 2120 -17574 23793 8684 END
START -9664 -20940 4660 -16913 22933 -999 END
START -11248 -25880 8468 -13762 20381 -13518 END
START -11268 -30172 13552 -6595 15685 -25085 END
START -9364 -30148 20272 3258 7977 -32593 END
START -6268 -26764 26852 11068 2246 -32768 END
START -4040 -21128 32767 16327 2087 -32216 END
START -5276 -14488 32767 17788 7707 -27243 END
START -13064 -4504 32767 19939 12190 -22639 END
START -12700 4476 29128 32767 21637 -17975 END
START -26408 12528 24384 29378 21897 -10296 END
START -25804 18572 22372 31719 19891 -860 END
START -25752 25160 15604 29172 10023 5043 END