START -7568 -2200 18988 -7652 1391 -6406 END
START -9904 -5832 18032 -9609 1177 -8618 END
START -10692 -7460 18040 -3780 -1652 -6517 END
START -10516 -7360 18248 136 -2170 -5353 END
START -10988 -5896 18608 3400 -1888 -5079 END
START -9920 -4212 17824 6076 -2710 -6169 END
START -10224 -3356 17392 6443 -2746 -7710 END
START -8708 -3268 17004 7291 -2685 -9468 END
START -7620 -2108 16584 8337 -2445 -10266 END
START -6480 -364 16020 9641 -2316 -10522 END
START -5868 1344 15952 10536 -1884 -11273 END
START -5816 3428 15924 11506 -1269 -11887 END
START -5860 5048 16124 11995 -1228 -12091 END
START -6952 6452 15600 11880 -979 -11621 END
START -7492 8212 14536 12289 -758 -9246 END
START -7892 10940 13920 12544 -863 -6834 END
START -6640 13028 12960 11271 -1297 -6294 END
START -6784 14672 12644 9356 -1775 -5610 END
START -5928 15296 12868 7468 -1690 -5127 END
START -5608 15204 12152 5676 -1137 -4288 END
START -5144 14916 12048 4592 -793 -3475 END
START -4580 13856 11764 2714 -56 -2844 END
START -4416 12412 11528 1350 776 -1462 END
START -4340 11600 11480 473 1533 116 END
START -4352 11304 11200 -130 2098 1261 END
START -4364 11140 11780 -836 2297 1429 END
START -4332 10136 13056 -2106 2162 515 END
START -4668 7632 15408 -3564 1705 -614 END
START -5084 4852 17728 -3920 785 -1425 END
START -5912 2140 20440 -3902 -205 -2102 END
START -7144 940 21708 -2284 -1015 -1349 END
START -7880 1396 22804 652 -2028 343 END
START -9304 3124 23356 2122 -2521 214 END
START -10104 4408 23444 4289 -3165 274 END
START -10368 5816 22740 5228 -4970 -161 END
START -10520 6788 22252 5024 -6466 -437 END
START -9936 7660 21768 4850 -7939 400 END
START -9012 8944 20992 5467 -9403 1878 END
START -7964 10824 20696 5846 -10702 3623 END
START -7532 12760 19916 5438 -11321 4718 END
START -7528 13680 18052 4080 -11460 5101 END
START -7552 14064 15480 2779 -11765 5732 END
START -6864 14096 13296 2007 -12568 6900 END
START -5580 13364 11156 -721 -12021 7972 END
START -4748 12996 8504 -2327 -12282 9456 END
START -3184 12808 7480 -4460 -11384 10440 END
START -1444 12148 6476 -6493 -10061 11415 END
START -384 11696 5632 -8139 -7699 12201 END
START -48 10532 4760 -9066 -4754 12715 END
START -584 9564 4208 -8349 -620 14019 END
START -156 8552 2512 -9149 2090 13208 END
START -500 6944 2800 -9727 5542 12350 END
START -1004 5060 3268 -9249 7822 13145 END
START -1576 2884 3352 -10680 10548 13053 END
START -2296 636 4032 -11021 10697 12126 END
START -3516 -2188 4980 -12224 12267 10019 END
START -3772 -4716 6048 -12797 12235 7858 END
START -4740 -7124 7576 -12777 12362 5387 END
START -5892 -9184 9532 -11900 11842 2287 END
START -6792 -12108 11516 -10502 11946 -1900 END
START -7836 -14476 14464 -7369 11627 -5682 END
START -7924 -15856 16720 -3701 12563 -8853 END
START -8348 -15656 18660 829 11925 -11954 END
START -7088 -14120 20468 5993 10787 -13785 END
START -6496 -11852 22856 10442 9718 -13869 END
START -7296 -8564 24368 14383 8338 -12573 END
START -11872 -3152 24568 17648 6546 -10381 END
START -10988 1444 25592 13684 7577 -13577 END
START -15080 7608 24280 20943 4055 -10483 END
START -15712 13184 24308 18463 2768 -10835 END
START -13424 15860 21848 15983 2472 -10624 END
START -10924 19228 19348 15701 -1247 -10083 END
START -9124 17856 19716 12447 -2367 -8454 END
START -10068 16504 15856 7647 -2013 -6385 END