START -7696 -3380 15096 -4701 4440 -1529 END
START -7800 -5800 14824 -4212 3825 -3845 END
START -8552 -7012 17236 -2321 2101 -6317 END
START -8768 -9092 18264 -663 1492 -8616 END
START -8968 -10672 18804 1826 1963 -9130 END
START -9364 -10636 18748 5441 2381 -8345 END
START -9808 -9352 18836 8266 2415 -7976 END
START -9580 -6980 18664 10880 1377 -8406 END
START -9000 -3944 18864 12559 394 -9309 END
START -8684 -976 18508 13254 25 -10492 END
START -9800 1604 18500 13166 -559 -11657 END
START -8980 4412 18024 13515 -1283 -12117 END
START -9520 6952 17492 13379 -1753 -12224 END
START -9816 9408 16120 13273 -2368 -11312 END
START -9476 11376 15324 12868 -3301 -10244 END
START -8736 13832 14112 11933 -4022 -8774 END
START -8236 15708 13280 10407 -4018 -7111 END
START -7432 16388 12424 8473 -3686 -5520 END
START -6756 16532 11776 6077 -3544 -4638 END
START -5488 15752 11136 3492 -3435 -4371 END
START -4200 14656 11140 1090 -3307 -3863 END
START -2836 13672 11204 -802 -2466 -3416 END
START -2360 12108 11500 -1855 -1366 -2793 END
START -2520 10464 12240 -2433 -105 -2299 END
START -2608 8360 13644 -2685 109 -1705 END
START -3360 7180 15048 -3311 557 -1429 END
START -4148 6044 16272 -2863 675 -1057 END
START -4120 5704 17520 -2605 365 -1404 END
START -4168 5404 18836 -1833 -417 -1952 END
START -4516 5176 20004 -603 -1291 -1962 END
START -6884 5900 21336 101 -2256 -1415 END
START -8128 7316 21980 1801 -2552 378 END
START -9728 9336 22060 2264 -3295 1036 END
START -10428 10148 21572 1893 -4616 1293 END
START -9300 10584 20988 1485 -6657 1981 END
START -7472 11284 21548 1707 -8573 3094 END
START -6796 12152 21800 1682 -9673 3603 END
START -7040 12548 21000 1445 -9736 3751 END
START -7052 11900 18940 1829 -9734 5061 END
START -7364 11232 16800 1743 -10313 6941 END
START -7076 11472 14728 1556 -11101 9212 END
START -5760 11744 13652 603 -11549 10819 END
START -4136 11476 12516 -1129 -11613 10862 END
START -2540 10944 11712 -2573 -11246 10487 END
START -1608 10224 10600 -3697 -9651 10513 END
START -1172 9280 9260 -4196 -7501 10920 END
START -1424 8680 7800 -4294 -5486 12017 END
START -1828 8348 6520 -3952 -3382 13187 END
START -1968 7976 4956 -4645 -1145 13548 END
START -1908 7044 3828 -5875 858 13342 END
START -2072 5772 3344 -7356 2641 13025 END
START -2292 4276 2828 -9262 4715 12510 END
START -2372 2172 2708 -10730 6677 12144 END
START -2360 12 3116 -11796 8670 11423 END
START -2616 -1824 3028 -12998 10638 10035 END
START -4240 -3868 4464 -13181 11847 7962 END
START -3044 -7492 4596 -11841 12708 6820 END
START -3492 -9548 6824 -10348 14066 4613 END
START -2388 -12096 10396 -10193 17649 3223 END
START -3764 -16556 8032 2770 22158 8675 END
START -5404 -12956 14652 410 23951 2049 END
START -7540 -13512 14712 2556 21819 -3829 END
START -6688 -14940 17960 5745 18660 -7366 END
START -12720 -13172 21160 5867 15790 -12739 END
START -10904 -12312 21636 10133 12925 -15093 END
START -11980 -7568 26124 12555 10672 -19074 END
START -13980 -2652 25440 13500 7248 -20149 END
START -16356 3644 27580 14766 3706 -20013 END
START -18396 10068 28844 13379 1711 -22548 END
START -19444 12176 26760 12903 975 -21158 END
START -19196 14000 24512 13083 2353 -16529 END
START -14260 15140 21092 14909 -1115 -9014 END
START -15232 17428 20920 12787 -2496 -4662 END
START -13808 19548 18180 8969 -5022 -3013 END