START -7812 -4400 17768 -3929 4487 -6261 END
START -7832 -6836 17860 -3208 5433 -8098 END
START -9292 -8072 17924 -485 4402 -7943 END
START -9644 -8492 17624 2228 4270 -7589 END
START -10304 -7496 17988 5435 3209 -7219 END
START -10652 -6212 19992 7393 1766 -8124 END
START -11244 -5524 20808 7854 799 -11095 END
START -11344 -4812 20068 9913 -745 -13030 END
START -11364 -3576 19108 11625 -1425 -14467 END
START -11604 -2364 17544 13325 -2500 -14668 END
START -10784 252 16568 15416 -3769 -13109 END
START -9644 4276 15916 17176 -4437 -11051 END
START -8116 9020 16132 18087 -4732 -9507 END
START -7316 12084 15600 17498 -3796 -9208 END
START -7220 14636 14056 16504 -3119 -8218 END
START -7748 17596 12512 14641 -2429 -6537 END
START -7580 18840 11328 11444 -2050 -5683 END
START -6812 18584 9740 7705 -2180 -5334 END
START -6380 18004 8788 4133 -2351 -4574 END
START -5480 16852 8168 1057 -2671 -3189 END
START -4668 15524 8992 -1693 -2165 -2410 END
START -3552 13496 9416 -3410 -1038 -1914 END
START -3392 11300 10752 -4183 332 -1545 END
START -3284 9248 12072 -4672 986 -1656 END
START -3652 6896 13076 -5344 1672 -2240 END
START -3720 5076 14372 -4348 1590 -1790 END
START -3736 3968 16560 -3516 1219 -1964 END
START -4424 3220 18528 -1652 507 -1893 END
START -5260 3608 21448 -85 -418 -1997 END
START -6476 3604 23544 1465 -1365 -2245 END
START -7376 4060 24528 2765 -3004 -2296 END
START -8712 5512 25576 4044 -4451 -2106 END
START -9400 6180 25052 5285 -5335 -1451 END
START -9328 7728 24236 7214 -7385 366 END
START -9396 9804 23384 7928 -9093 2149 END
START -9352 11636 21956 7573 -10089 3577 END
START -9484 12940 20084 7107 -10964 5161 END
START -9236 14072 17728 5419 -11437 6157 END
START -8368 14184 15336 3622 -12231 6604 END
START -6364 14060 13660 1682 -13061 7214 END
START -3928 13720 12992 223 -13825 7824 END
START -2564 13992 13000 -1569 -13220 8353 END
START -2064 13168 11160 -3197 -11299 9217 END
START -2432 12796 9444 -3515 -9550 10436 END
START -2820 12216 7844 -3765 -7811 11671 END
START -2488 11256 5948 -4159 -6428 13096 END
START -2508 10896 4812 -4974 -4836 14122 END
START -2100 10396 4060 -6312 -3338 14715 END
START -1780 9228 3432 -8186 -1638 14354 END
START -1484 7360 3320 -9957 461 13820 END
START -904 5516 3080 -11387 2312 13541 END
START -520 3440 3112 -12642 4943 13809 END
START -956 1632 3044 -12959 7423 13839 END
START -2180 260 3844 -13549 10478 12357 END
START -1736 -1488 3484 -12153 11272 11701 END
START -2056 -2972 4404 -11669 13778 9790 END
START -2188 -4852 5972 -9920 15919 8723 END
START -3536 -6332 8416 -8704 18073 7127 END
START -5148 -8344 10500 -8773 19423 3058 END
START -7040 -10968 12672 -7515 18891 -2366 END
START -9100 -14200 15992 -4472 17237 -8132 END
START -10392 -16112 18980 -515 15090 -13945 END
START -10444 -16532 22304 5075 12099 -17972 END
START -9636 -15648 25332 9271 9095 -19906 END
START -9680 -12712 26992 13272 6743 -19161 END
START -11124 -6668 27336 19186 5090 -18887 END
START -9936 -2052 25964 17204 6619 -18562 END
START -13128 3400 28472 22398 3504 -14897 END
START -15744 9496 25752 22424 1824 -11820 END
START -15020 15040 23648 19631 1703 -8736 END
START -15592 19440 19776 18374 1015 -5435 END
START -15896 21692 17368 16209 -5562 -3662 END
START -11064 20648 15564 9346 -6230 -4113 END
START -8232 20340 12320 5900 -7273 -2954 END