START -5324 -2896 14276 -3295 5175 234 END
START -6688 -4132 17168 -3312 4592 -2354 END
START -7072 -6232 18456 -2056 3064 -4357 END
START -7296 -8488 20156 -1629 2481 -7174 END
START -7512 -10528 20592 440 1863 -9024 END
START -8088 -11012 20520 3192 1615 -9891 END
START -8660 -10456 19968 6457 1540 -10023 END
START -8860 -8712 18632 9139 1277 -10394 END
START -8576 -5768 18072 11305 236 -11144 END
START -7444 -2456 17784 12582 -497 -12076 END
START -6196 1388 17648 13620 -600 -12295 END
START -6472 5344 18108 13508 13 -12472 END
START -7560 8252 17364 12518 807 -12657 END
START -8800 10488 15244 11973 1285 -12107 END
START -9968 13212 12768 11607 1073 -9969 END
START -10072 15784 10728 9990 91 -7904 END
START -9096 17332 10256 7555 -316 -6467 END
START -7636 17700 9580 4882 -858 -5203 END
START -6612 17084 10424 1670 -634 -4823 END
START -5664 15840 10820 -1259 -204 -4943 END
START -5036 13492 11368 -3313 454 -4942 END
START -4432 11172 11552 -3431 917 -4131 END
START -4084 8912 12084 -2821 1502 -3436 END
START -3636 7284 13684 -2414 2218 -3098 END
START -3524 5776 14396 -2411 2647 -2885 END
START -3872 4228 15388 -2367 2362 -2697 END
START -3868 3424 17164 -1627 1564 -2503 END
START -3960 3444 19444 -556 608 -2771 END
START -4224 3592 22052 361 -118 -3868 END
START -6044 3824 23684 1136 -683 -4964 END
START -6952 4480 24292 3428 -747 -4414 END
START -8700 5884 24440 5237 -1098 -3188 END
START -10508 8388 25008 6762 -3269 -1473 END
START -10720 10968 26056 7258 -6216 -331 END
START -12564 12324 25484 6759 -8962 745 END
START -11228 14316 24580 6786 -9441 1962 END
START -11732 15556 22400 7263 -11208 4265 END
START -10864 15744 19272 6376 -12367 5759 END
START -9068 15880 15584 5452 -12963 8248 END
START -6156 16312 14528 4958 -14250 10199 END
START -3912 16272 13884 2403 -14461 10729 END
START -2660 15676 12216 16 -13367 10547 END
START -2020 14604 9884 -1268 -11925 11244 END
START -1592 13208 7808 -1996 -9958 12675 END
START -1508 12436 5872 -2731 -8102 14286 END
START -1548 11660 4440 -4016 -6166 15471 END
START -1548 10724 2840 -5758 -4603 16202 END
START -1804 9300 1960 -8406 -2948 16026 END
START -1504 7400 1164 -10379 -1122 16159 END
START -1468 6172 688 -11392 1006 16911 END
START -1420 5012 836 -12252 3701 17011 END
START -1732 3256 1152 -12992 6830 16048 END
START -1616 872 1812 -12985 9109 14760 END
START -1976 -1456 2252 -13555 11920 13021 END
START -2776 -3552 3648 -12164 13392 12301 END
START -3348 -6092 4612 -11350 15929 10859 END
START -4268 -8188 5696 -9312 18466 9269 END
START -5040 -10004 7344 -7915 19425 6011 END
START -5996 -12312 9592 -6247 19347 2219 END
START -7028 -14012 13032 -5114 18537 -1726 END
START -8392 -15908 16572 -3742 17995 -7083 END
START -9460 -17552 19416 -414 16403 -11695 END
START -10008 -18568 22836 3651 14179 -15648 END
START -10892 -17244 25680 8483 12023 -16974 END
START -12076 -14284 28312 13694 9961 -17356 END
START -14432 -9512 29616 18752 7530 -16785 END
START -11224 -3556 28880 18818 8618 -17907 END
START -14464 3736 30428 24365 6076 -15814 END
START -15808 10052 25972 22763 5257 -15406 END
START -18868 14588 24280 20353 5907 -15788 END
START -20352 16148 21176 19182 3926 -9248 END
START -18584 18928 16132 16239 -2658 -3367 END