START 2752 2356 3028 -13016 7824 11052 END
START 2992 248 2808 -12908 9428 11184 END
START 2872 -1360 3488 -13692 10386 11635 END
START 2092 -2976 4004 -15173 12095 12716 END
START -128 -4716 4392 -13112 13292 14429 END
START -2324 -5024 6308 -10165 13229 14040 END
START -4048 -5972 9272 -8529 14023 10690 END
START -5612 -7412 12088 -7093 15461 6062 END
START -7072 -8448 15592 -5834 15696 -325 END
START -10428 -9052 18164 -5409 17138 -7584 END
START -12028 -10940 18812 -2965 17514 -14732 END
START -11296 -12916 19072 5651 12852 -15611 END
START -13112 -10176 25152 10254 11087 -17902 END
START -8020 -8884 26016 15340 11961 -18099 END
START -8200 -5380 24976 17869 14520 -15771 END
START -9168 12 25428 19596 14210 -14097 END
START -11336 960 24488 18664 14846 -11177 END