START -7800 -9332 19816 -5712 3579 -9740 END
START -7160 -12992 17336 -2961 2875 -8632 END
START -7356 -13068 18440 1119 3779 -7581 END
START -7976 -11192 19484 4514 3875 -7588 END
START -8240 -9252 19396 6802 3831 -8778 END
START -8188 -7604 19868 8575 2780 -10453 END
START -8416 -5044 22588 7728 3870 -14490 END
START -8452 -4476 20840 9321 1766 -15186 END
START -9156 -2292 20884 10312 906 -16199 END
START -10308 664 20776 11292 -180 -15795 END
START -10880 4020 20948 12845 -1850 -14774 END
START -10872 7776 21664 13231 -2908 -14438 END
START -11432 11388 21452 13423 -3883 -13631 END
START -11000 14184 20520 12702 -5444 -12833 END
START -10608 16068 19336 11484 -6394 -11339 END
START -9880 16992 17360 10392 -7390 -9188 END
START -8736 17240 15640 8880 -8628 -7318 END
START -7292 17032 14132 7028 -9318 -5722 END
START -5488 16368 13280 5182 -9830 -4569 END
START -3552 15076 13456 3439 -10134 -3454 END
START -3112 13744 12576 1736 -8863 -1931 END
START -2832 13160 11876 1686 -7926 170 END
START -2544 12072 11056 793 -6742 763 END
START -2232 10944 10316 330 -5363 1665 END
START -2168 9908 9956 24 -3922 2569 END
START -2680 8996 10544 -672 -3317 2601 END
START -2844 8072 11368 -1336 -3368 2366 END
START -2084 7420 13112 -1889 -3394 2238 END
START -1408 6824 14616 -2060 -2983 2493 END
START -960 7116 16972 -1342 -2664 3261 END
START -1328 7184 19220 -1126 -2432 3754 END
START -2252 8144 21368 140 -2793 5216 END
START -4288 9760 21952 1676 -2946 7125 END
START -6408 12084 22064 2659 -3283 7988 END
START -8576 12608 20668 2653 -3297 8156 END
START -10312 13760 19252 1679 -5743 9255 END
START -10728 12860 16912 -436 -7517 9870 END
START -9016 11788 15124 -1129 -9597 11925 END
START -6812 11084 14560 -2456 -10381 12636 END
START -4312 9912 13032 -2895 -10134 13199 END
START -2988 9168 11488 -3302 -8441 13749 END
START -2140 8508 9364 -2802 -5824 15032 END
START -2348 7696 7424 -2652 -2968 16413 END
START -1320 6440 5092 -2576 -472 18032 END
START -904 5252 3444 -3680 3116 18806 END
START -920 4200 2644 -5170 5534 19869 END
START -84 3180 1552 -7189 7718 20250 END
START -152 1392 2348 -10370 10023 19061 END
START -976 -1460 2172 -14402 12299 16772 END
START -2104 -4552 1624 -16159 14289 13397 END
START -3156 -7500 2144 -15838 16236 8672 END
START -2808 -10912 3856 -13847 16306 3911 END
START -2304 -13008 7376 -12050 16031 48 END
START -2488 -14368 10296 -12307 16141 -3945 END
START -864 -19500 13304 -11132 22381 -2862 END
START -5304 -20732 14788 3164 21743 589 END
START -6588 -17708 17564 -930 23590 -7504 END
START -9796 -16688 19900 4259 20113 -12389 END
START -10384 -14472 21936 10936 15087 -16634 END
START -17112 -10080 26156 9455 14027 -23671 END
START -13972 -7192 23524 18732 7491 -21654 END
START -14576 1628 24648 14327 8632 -26297 END
START -18492 5404 27068 12556 5822 -26080 END
START -19272 6764 24728 14332 5731 -22177 END
START -19336 7752 22400 16563 3650 -13289 END