START -8692 -3544 20064 1139 331 -7126 END
START -8760 -4392 19440 2548 755 -9013 END
START -8672 -5472 17816 3636 1043 -10059 END
START -9184 -5320 16912 6298 -395 -9132 END
START -8196 -3592 17360 8586 -665 -8361 END
START -7688 -576 17524 10021 -1953 -7676 END
START -7240 2768 18304 9984 -2249 -9248 END
START -6264 4576 18236 9801 -2564 -11121 END
START -5940 6040 17908 9480 -2483 -12603 END
START -5936 7304 17080 8907 -2005 -13361 END
START -6184 7912 15416 8883 -1696 -12765 END
START -6188 9060 14224 8662 -1709 -11229 END
START -5440 11280 13828 8468 -2653 -9518 END
START -5496 13744 15156 6986 -2908 -8942 END
START -4132 14768 14872 5709 -2973 -8860 END
START -3652 14948 14756 5116 -2635 -8624 END
START -3836 14972 14228 4670 -1863 -7963 END
START -3440 14432 13512 4615 -995 -6824 END
START -3308 13584 12996 4331 -648 -5249 END
START -3408 13124 12688 3216 -602 -3545 END
START -3556 12916 12980 2040 -1138 -2098 END
START -3644 12692 14332 125 -1923 -1811 END
START -3188 12088 14940 -1107 -2521 -2098 END
START -2168 11100 16644 -1064 -3155 -2162 END
START -2156 10064 18572 -1214 -3136 -2377 END
START -2732 8568 20392 -807 -2838 -2136 END
START -3572 8368 22500 457 -3250 -747 END
START -4836 9348 24188 1205 -4380 680 END
START -6196 11048 24660 2158 -5975 2672 END
START -7820 13468 24696 3460 -7518 4161 END
START -9092 14804 23836 3640 -8761 4122 END
START -9244 15072 21316 3571 -11009 5013 END
START -8292 14356 19096 2288 -12121 6150 END
START -6576 12884 16596 1840 -13678 7625 END
START -4980 12116 15276 1259 -14532 9644 END
START -3132 11692 14124 753 -14120 10947 END
START -2240 11268 12748 282 -13297 12199 END
START -1404 11212 11200 -414 -11791 13472 END
START -1660 11156 9596 -1957 -9936 14670 END
START -1860 10848 7208 -3197 -8339 14659 END
START -1380 10048 5572 -4019 -6769 13803 END
START -308 9080 4072 -4932 -5184 13491 END
START 328 7740 3824 -6251 -3112 13119 END
START 1004 5976 3328 -7368 -1495 13298 END
START 1744 4368 3740 -8642 686 13050 END
START 2852 2984 4180 -9577 3613 12658 END
START 3608 1544 4476 -9976 6122 12941 END
START 3136 960 5244 -9946 9360 12455 END
START 3044 316 4904 -10243 13659 10690 END
START 612 -524 4404 -8540 16127 8173 END
START 816 -904 5716 -6408 17368 5002 END
START 616 -2620 8220 -5421 18260 2234 END
START -476 -3764 10856 -6115 20564 -1688 END
START -1576 -5380 11800 -4922 21837 -4694 END