START -9020 -8068 18464 5080 2461 -9771 END
START -9412 -7128 20152 6524 2173 -11183 END
START -9384 -5800 19900 8783 1344 -11636 END
START -8956 -3680 20140 11113 205 -10653 END
START -8896 -548 20312 12144 -29 -10009 END
START -8220 2992 19708 12801 -770 -9527 END
START -10800 6480 20864 12101 -1234 -9247 END
START -10072 8524 21872 9792 -3403 -10777 END
START -10168 9552 21892 7124 -4742 -13505 END
START -8928 9876 21704 6298 -7290 -14452 END
START -7752 9848 21908 5709 -8812 -14093 END
START -7092 10128 21048 6758 -9445 -12021 END
START -6660 11092 20040 8258 -9349 -9381 END
START -7012 13476 18344 9215 -8787 -6938 END
START -6280 15276 17424 9307 -9000 -5045 END
START -5460 16716 17924 7463 -9994 -3961 END
START -3844 17040 18536 5603 -11134 -2260 END
START -3548 17660 19040 3410 -12099 -204 END
START -4224 18256 18192 2054 -12352 1863 END
START -4492 17492 16540 447 -12110 3240 END
START -4152 16768 14768 -419 -12178 4875 END
START -3172 16156 12976 -1224 -12227 6794 END
START -1716 15884 12600 -2432 -12430 8445 END
START -972 15884 12412 -4591 -11777 9418 END
START -544 15340 11816 -6206 -10520 9936 END
START -492 14056 11108 -7218 -9242 10972 END
START -1168 12692 9780 -8543 -7224 12051 END
START -2248 11240 8356 -9111 -5579 12792 END
START -2696 9512 6928 -9456 -4295 13087 END
START -2632 7320 6012 -9788 -3439 13130 END
START -2384 5692 5472 -9912 -2277 13479 END
START -2124 3924 4980 -10115 -585 13750 END
START -1588 2256 4692 -10548 1276 13320 END
START -1276 812 4416 -10686 3481 13003 END
START -2156 -296 4544 -11004 7170 12002 END
START -1220 -2728 4584 -9466 8019 12906 END
START -2296 -4780 5236 -9778 11469 11306 END
START -3236 -6608 5560 -8282 12814 10455 END
START -3860 -8184 5908 -7583 13561 7825 END
START -4320 -9432 6740 -6891 14494 4180 END
START -4032 -10484 7468 -5010 15558 1319 END
START -4096 -11356 9328 -2995 16845 -817 END
START -5508 -12400 12068 -948 17569 -2670 END
START -7320 -13772 14596 885 17190 -4520 END
START -8168 -14608 16756 2471 16168 -6897 END
START -8676 -14896 18300 5534 14418 -10068 END
START -9032 -13100 20548 9316 12206 -13176 END
START -8800 -9848 22892 12261 10035 -16146 END
START -8296 -6232 24860 14587 8143 -18173 END
START -9504 -1660 30192 14441 8213 -21856 END
START -11480 1664 27356 17077 5990 -20868 END
START -12340 7180 28768 18173 4813 -18676 END
START -12856 11496 27888 18580 6124 -14993 END
START -13436 16788 24108 19877 4401 -9505 END
START -14808 18392 24344 16161 1765 -8067 END