START -5116 -1028 16672 102 4302 -1429 END
START -5996 -2060 15988 548 4351 -1933 END
START -6796 -2692 15956 1337 4497 -2631 END
START -7376 -3068 15892 1910 4649 -3598 END
START -8156 -3672 16220 2690 4371 -5210 END
START -8336 -4212 16048 3340 4125 -6820 END
START -8740 -4760 15816 4370 3723 -8008 END
START -8816 -5060 15964 5432 2901 -8970 END
START -8872 -5072 15752 6262 2141 -10004 END
START -8264 -4940 15848 6897 1772 -10961 END
START -7508 -4064 15904 8159 1179 -11504 END
START -6664 -2500 16772 8823 881 -12519 END
START -6504 -1084 16672 9758 857 -13622 END
START -6504 692 16948 10327 650 -14513 END
START -6824 2148 17228 10378 620 -15337 END
START -7692 3208 17136 9807 295 -15831 END
START -8528 4732 17448 9643 -655 -15681 END
START -8472 6436 17884 9206 -2173 -15600 END
START -7780 8232 18768 9251 -4024 -15531 END
START -6680 11032 20428 9518 -5228 -15019 END
START -5876 13324 22484 9078 -5564 -14554 END
START -5956 14484 22276 8055 -6065 -14440 END
START -6228 16056 22096 7070 -6186 -12822 END
START -6164 17472 21428 6740 -6934 -10545 END
START -5608 18152 20968 6387 -8088 -7771 END
START -4820 19144 20840 4987 -9410 -5381 END
START -3796 19568 21608 3326 -10425 -3385 END
START -2824 19376 21880 1755 -11308 -1934 END
START -2724 18744 21648 -127 -12479 -847 END
START -2220 17784 20448 -1131 -13019 609 END
START -1684 17220 19708 -1215 -13320 2593 END
START -1088 16288 19348 -1999 -13352 4339 END
START -440 15740 18212 -2398 -13207 6591 END
START -60 15324 17124 -2644 -12843 8089 END
START 40 14924 15808 -2673 -12525 9379 END
START -332 14164 14368 -2810 -11924 10774 END
START -408 13168 12640 -2915 -11480 12686 END
START -564 12360 11844 -2966 -11231 14586 END
START -580 11552 10392 -3657 -10562 15695 END
START -108 10696 9808 -4336 -9594 16021 END
START 60 9432 9188 -4747 -8275 15897 END
START -24 8264 8548 -5292 -6567 16089 END
START -44 7088 6180 -5044 -4637 17123 END
START -360 6308 5084 -5021 -2731 18342 END
START -852 5276 4520 -4803 -1218 19308 END
START -1672 4604 3696 -5827 318 19535 END
START -2196 3492 2780 -7203 2116 18692 END
START -2476 2192 2248 -8138 3534 17713 END
START -2300 688 1460 -8744 5354 17206 END
START -1900 -228 776 -8907 7772 16926 END
START -1732 -1160 248 -8911 11435 16334 END
START -2628 -2928 372 -7832 14442 15909 END
START -2744 -5524 1084 -6593 16189 15498 END
START -4088 -7684 2796 -6493 18525 14093 END
START -5884 -9716 3600 -6910 20380 11458 END
START -7028 -11712 4068 -6786 20919 7764 END
START -7520 -13412 5412 -6361 21106 3392 END
START -8024 -14388 7168 -5899 21344 -689 END
START -8204 -17320 11280 -5291 22088 -3916 END
START -8800 -21180 13860 425 24117 -3613 END
START -11752 -20668 19656 -1467 22273 -10999 END
START -12784 -21260 22020 -1860 17283 -18216 END
START -13020 -20832 25984 3961 11984 -21457 END
START -11812 -17736 31900 7422 8855 -23253 END
START -11272 -14032 32767 11726 6569 -24315 END
START -16688 -5784 32767 14437 6591 -28907 END
START -14684 -1632 32767 17520 4935 -28444 END
START -16588 3896 32767 21813 2032 -27070 END
START -18092 6536 32767 21868 3118 -24594 END
START -20716 10300 24452 23501 1707 -15806 END
START -14628 17544 19664 26026 -3896 -5796 END
START -12972 22520 19880 22042 -8217 -1417 END
START -9316 22204 16544 11002 -9357 -4158 END