START -7472 2312 13280 -7233 7451 3501 END
START -6648 -760 11756 -7751 5720 799 END
START -7260 -2884 13868 -8591 4506 -1798 END
START -6408 -5684 14024 -8095 3317 -2459 END
START -8084 -6968 16260 -6773 3294 -3105 END
START -8076 -9624 17480 -5040 3320 -3587 END
START -9604 -11352 18752 -2035 4014 -4272 END
START -10020 -12036 19404 1616 4401 -5970 END
START -10136 -11792 19264 4839 4878 -7622 END
START -10056 -11392 18420 7673 4732 -8607 END
START -9848 -9616 18016 10371 3786 -8698 END
START -9236 -6392 18096 12055 2596 -9292 END
START -8644 -2808 18596 12521 2797 -11689 END
START -9024 -468 17348 13182 1975 -12815 END
START -9260 2204 17072 13582 1179 -13579 END
START -10556 4292 16288 12564 1485 -14564 END
START -11396 6764 15272 13043 153 -13065 END
START -10232 10340 15736 13938 -1141 -10872 END
START -8940 14176 16568 13722 -1850 -9105 END
START -9380 16012 18124 11958 -3183 -9383 END
START -8580 16416 17720 8527 -3407 -11116 END
START -8496 15708 16672 7795 -3852 -9833 END
START -8360 15820 16000 7349 -4453 -7142 END
START -7976 15980 16164 6032 -5737 -4907 END
START -6844 15712 17512 3948 -7462 -4162 END
START -5540 14700 19592 1857 -8835 -4287 END
START -4668 12884 21028 222 -10019 -3990 END
START -4804 11732 21324 10 -10084 -2947 END
START -5220 10912 20148 1130 -9524 -783 END
START -5436 11068 18720 2797 -8843 1675 END
START -6008 11212 17128 2746 -8499 2971 END
START -5336 11672 15180 2577 -9099 4160 END
START -3988 12496 15320 2332 -10190 5327 END
START -2636 13404 15908 1413 -10418 5778 END
START -2636 14024 15320 904 -9854 6423 END
START -3464 14180 13876 744 -8781 7575 END
START -4308 14408 12276 353 -7705 8996 END
START -4892 13696 10364 -472 -6748 10757 END
START -5140 12180 9872 -2302 -7110 12112 END
START -5092 10708 9008 -4963 -7755 12593 END
START -4392 9280 9012 -7090 -8469 13210 END
START -3728 8224 9244 -8144 -8623 13096 END
START -2524 7580 9292 -8843 -8053 13090 END
START -1772 6648 9460 -9470 -6644 13119 END
START -1232 5736 8792 -9244 -4389 13804 END
START -1200 4792 7732 -8510 -1467 14384 END
START -1232 3816 6036 -8145 1638 14194 END
START -1788 3240 4976 -7874 4629 13893 END
START -1836 2592 3512 -7261 6866 14063 END
START -2204 1776 3072 -7661 9785 12853 END
START -1740 336 2532 -8365 11871 11058 END
START -2208 -1136 3964 -8966 13756 9209 END
START -2268 -3912 5116 -10416 16063 6591 END
START -2604 -6440 5680 -10787 18371 4180 END
START -3376 -10816 9012 -11188 22896 4026 END
START -6500 -15116 7064 -1079 25576 7055 END
START -6284 -14884 12088 -2761 26584 473 END
START -9540 -14976 13564 -1571 22978 -7015 END
START -11468 -13756 16712 2599 18955 -12303 END
START -12148 -13340 19612 3094 12928 -20663 END
START -12448 -13668 22600 2616 8246 -27907 END
START -11836 -14360 24696 7224 7541 -28151 END
START -13912 -10528 29736 8978 11789 -27897 END
START -13496 -9260 28424 16324 8940 -23429 END
START -15880 -4016 24540 19927 1902 -18190 END
START -14892 4752 30844 22292 7898 -11261 END
START -18752 9864 24808 25634 8449 -10302 END
START -20816 14652 20848 23285 5618 -7661 END
START -17700 17224 16312 21645 2580 -4721 END