START -2848 -896 8804 -10002 5161 4973 END
START -2984 -3724 10264 -10459 7018 3565 END
START -3880 -6972 10184 -10486 8452 1935 END
START -4500 -10872 11196 -8196 8189 953 END
START -5596 -14132 13416 -4559 7383 288 END
START -6636 -16540 15952 -1215 7211 -1493 END
START -7628 -18832 17812 1127 6983 -5243 END
START -8372 -19608 17816 3751 6158 -9233 END
START -7956 -19660 17840 6490 5706 -13965 END
START -7456 -17976 17984 9578 4835 -17534 END
START -6980 -14676 18332 13608 4427 -18266 END
START -7868 -9640 18728 16922 5264 -17132 END
START -10012 -4036 18764 19806 6452 -14790 END
START -15736 2996 20120 17426 8478 -15457 END
START -18224 7656 14084 17988 7232 -13294 END
START -17096 13152 14324 18578 3187 -13568 END
START -13908 16400 14556 15149 1464 -15548 END
START -11016 18564 14484 13357 -559 -13703 END
START -8316 19852 15220 11503 -715 -11449 END
START -6828 19540 15320 8292 368 -10100 END
START -5656 17900 15468 5360 428 -8861 END
START -5776 16452 15848 2843 195 -7430 END
START -6368 16316 17168 1095 -920 -6420 END
START -6636 15604 19824 -333 -3379 -6793 END
START -6552 14584 23736 -2533 -6090 -8074 END
START -6956 13296 26236 -3077 -7617 -7691 END
START -8712 11748 26948 -2663 -9399 -6814 END
START -10628 11412 26520 113 -8500 -1696 END
START -10740 12696 25180 2479 -9361 2434 END
START -10032 13536 23648 3240 -11195 4541 END
START -8612 14236 22564 3261 -12919 6371 END
START -7380 15004 21536 2602 -14038 8123 END
START -6684 14904 19320 1608 -14287 8703 END
START -6352 13280 16160 873 -14110 9810 END
START -7136 12420 13212 446 -13357 11785 END
START -6840 11720 10152 529 -13041 14151 END
START -5608 11368 8992 -388 -12940 14913 END
START -3268 10280 7240 -363 -13712 16104 END
START -2520 9976 6076 -2844 -10976 15909 END
START -4596 8492 4316 -3003 -9125 18138 END
START -1720 7864 1924 -4594 -6821 18976 END
START -2036 7216 244 -5524 -3932 19991 END
START -1392 5292 -1092 -7934 -770 20472 END
START -1804 3688 -1424 -11384 2290 19513 END
START -280 472 -2256 -14488 4846 17676 END
START -1796 -2044 -1744 -16642 6876 15941 END
START -872 -5536 -1388 -16582 6210 15050 END
START -1060 -8444 -1000 -17623 9203 11547 END
START -712 -11192 -684 -15917 12016 7533 END
START 156 -14680 1568 -12847 14610 3444 END
START 516 -17644 5048 -8630 16282 1100 END
START -380 -19436 8928 -7421 18748 -3357 END
START -2120 -21728 13144 -5607 20872 -9514 END
START -5220 -23812 18012 -705 20239 -16632 END
START -6688 -25456 22816 4048 18322 -23820 END
START -8264 -25492 26920 9155 16217 -27560 END
START -10740 -22012 30284 15527 14991 -24245 END
START -17772 -12964 32767 19142 15607 -18045 END
START -22048 -1524 30340 19299 13666 -15659 END
START -26384 7856 32767 21771 7917 -14342 END
START -23960 15480 29176 24249 2001 -11579 END
START -20424 21588 30848 21207 -2022 -10572 END
START -19336 22480 24684 16851 -3770 -10702 END
START -12040 22820 18688 13818 -4105 -6618 END
START -11660 21228 14300 10537 -6155 -1924 END