START -7460 -3144 17504 -7640 2986 -4704 END
START -6872 -5976 17760 -5445 5065 -4737 END
START -9052 -6752 20508 -388 3759 -2612 END
START -10376 -7948 22108 1106 3820 -3609 END
START -12080 -8508 22916 2526 3164 -6043 END
START -14384 -8068 23728 4696 1629 -8672 END
START -11632 -7316 22496 7261 576 -10675 END
START -10132 -6232 21504 9646 -1434 -10958 END
START -9552 -3792 20872 11174 -2198 -10982 END
START -9052 -1100 19396 11767 -2891 -10836 END
START -8936 1636 17652 12434 -3569 -10075 END
START -9280 5476 15932 12332 -3600 -9130 END
START -8536 8852 13952 11437 -3449 -8721 END
START -6784 11628 12704 10853 -4085 -8702 END
START -6300 14436 12836 9340 -3439 -9601 END
START -4732 14864 11432 8179 -3898 -8880 END
START -5200 16160 11936 6433 -2475 -8822 END
START -5408 15444 10852 4419 -1693 -7400 END
START -5788 15164 10600 3151 -1854 -4794 END
START -5520 14476 10464 1116 -1546 -3707 END
START -5100 13576 10824 -52 -1802 -2878 END
START -4324 12676 12096 -1221 -1625 -3054 END
START -3092 10584 13908 -1655 -1605 -2950 END
START -2752 8572 17064 -1556 -1671 -2607 END
START -3528 6660 18628 -1706 -1155 -2614 END
START -5052 5532 19436 -522 -1418 -2022 END
START -5804 5168 19836 977 -2260 -1525 END
START -5620 6032 21000 2580 -3726 -495 END
START -5076 7736 22164 3705 -4830 821 END
START -5192 9600 22728 4246 -5118 1577 END
START -5740 10668 22412 5043 -5126 2313 END
START -6940 11720 21612 4679 -5103 3354 END
START -8500 12536 19264 3082 -5491 4412 END
START -8852 12472 17896 1283 -7263 5490 END
START -8036 12720 17988 -118 -10577 6640 END
START -6620 12864 17952 -2104 -11948 7619 END
START -5768 13644 17484 -2812 -12634 8728 END
START -4960 13072 15836 -3947 -12226 8168 END
START -3700 11592 13784 -4594 -11347 8840 END
START -3140 10496 11424 -4454 -10210 10943 END
START -3092 10020 9524 -5138 -8422 12470 END
START -2972 9728 7764 -6594 -6851 13183 END
START -2596 8684 5852 -8367 -5551 13042 END
START -2056 7456 4604 -10266 -4033 12358 END
START -1428 5872 3824 -11775 -2304 11581 END
START -664 4016 4000 -12121 -285 10871 END
START -516 2380 4424 -12113 2480 10062 END
START 16 296 5012 -10942 5259 9817 END
START 228 -1260 5172 -8995 7585 10483 END
START -716 -1612 5936 -7143 9680 10883 END
START -1760 -1592 6396 -6845 11966 9581 END
START -2368 -2096 6404 -6922 14111 7453 END
START -2904 -2648 6148 -6766 15638 5425 END
START -2960 -5020 7384 -5290 18722 5640 END
START -4596 -6616 8240 -676 18651 5987 END
START -5964 -7700 11176 -2931 18089 1191 END
START -8412 -9528 13752 -3233 17101 -4279 END
START -11452 -11236 15108 -158 12553 -10403 END
START -10056 -12504 17864 2939 9839 -17751 END
START -7004 -12332 22460 8294 10014 -19228 END
START -5892 -10656 24504 11435 12931 -17877 END
START -9584 -8100 23876 15515 13123 -17249 END
START -11468 -6556 23620 15070 15905 -15826 END
START -13532 -3216 24508 17513 13175 -9362 END
START -17608 4728 25612 18155 9815 -4439 END
START -15828 10944 25016 18567 8877 -2655 END
START -17364 14840 21924 13746 2512 -1657 END
START -14768 17812 23964 12923 -2570 -4092 END
START -13236 17464 21104 7281 -5034 -8558 END
START -12344 17152 19964 5243 -7494 -9388 END