START -5208 -480 13148 -5222 6306 5460 END
START -6340 -2332 13396 -5813 6576 5484 END
START -6540 -2216 13508 -5026 5421 4713 END
START -7392 -3256 14468 -4085 4606 3211 END
START -7896 -3960 16040 -3941 3922 -122 END
START -7444 -5736 16924 -3761 3504 -3989 END
START -7192 -7384 18324 -2755 2820 -6785 END
START -7268 -8968 18520 -1644 3389 -8899 END
START -7908 -10108 18708 997 3519 -9595 END
START -8200 -10332 18384 4038 3548 -9682 END
START -8936 -8580 18440 7338 3318 -9736 END
START -9524 -5876 18528 10041 2344 -10791 END
START -10252 -2948 18296 12014 820 -12054 END
START -9616 -752 18084 12008 -16 -13555 END
START -10296 2104 18184 13054 -815 -13761 END
START -11040 4648 17196 13138 -1581 -13600 END
START -10872 6724 15836 12523 -1726 -14117 END
START -10532 8512 14840 12964 -1545 -13392 END
START -8656 10288 13684 14456 -2579 -11326 END
START -8436 12612 13704 13781 -1803 -9762 END
START -8028 14300 12492 12356 -1134 -7741 END
START -8520 16384 11760 11197 -1193 -5210 END
START -9316 17164 11584 7633 -1318 -4068 END
START -8736 16568 11888 4835 -2222 -3196 END
START -8312 15744 12976 2203 -3662 -3101 END
START -7952 14032 14804 244 -4446 -3875 END
START -7520 12832 16572 -716 -5254 -4054 END
START -7144 11560 19516 -83 -6501 -3564 END
START -7476 10324 22692 607 -7542 -2936 END
START -8244 9800 24052 1542 -7729 -1824 END
START -9864 10296 23660 2698 -7814 368 END
START -10212 10924 22824 4320 -8857 3362 END
START -9484 12664 22716 5731 -11102 6029 END
START -8240 14460 22460 5699 -12812 7379 END
START -7252 15212 20784 5631 -13727 7943 END
START -7012 15416 18072 5496 -13988 8566 END
START -7100 15052 14908 5055 -13817 10049 END
START -6524 14324 11772 4118 -13855 12511 END
START -5800 13832 9392 2425 -13398 15145 END
START -4540 13240 7172 133 -11425 17858 END
START -3644 13068 5460 -3170 -9468 19069 END
START -1684 10972 2928 -5602 -8430 19526 END
START -1960 10988 2552 -6889 -7569 18782 END
START -420 9184 804 -9887 -5348 16864 END
START 228 7504 180 -11664 -1589 16529 END
START 432 5892 -1048 -12594 2223 16778 END
START 444 4448 -1364 -13091 5869 16785 END
START 1240 2100 -2012 -13736 8557 16494 END
START 364 948 -540 -14787 12418 15664 END
START 616 -1380 -372 -14899 13780 15219 END
START 40 -3592 1788 -15095 16145 13869 END
START -652 -6336 3508 -15433 18353 10939 END
START -2200 -9264 6916 -14013 19633 5570 END
START -4356 -11524 10932 -13619 19448 -1542 END
START -5700 -15292 14732 -12455 19125 -9292 END
START -6096 -20276 17300 -9425 17068 -15804 END
START -7184 -22512 20848 -3668 13706 -18942 END
START -8084 -21192 24228 4220 11401 -17989 END
START -9052 -16904 28228 9730 10950 -17242 END
START -11256 -12504 29780 12295 11825 -17721 END
START -14012 -7440 26924 14795 10651 -17520 END
START -17324 -2232 28152 21075 8202 -17364 END
START -16504 2812 24536 23567 10686 -10679 END
START -19160 10512 21440 27036 7605 -5119 END
START -19080 16700 19468 25107 4361 -3290 END
START -17836 19148 15484 19260 637 -4819 END