START -6708 -7632 18736 758 5800 -5059 END
START -7608 -8040 20172 2227 6720 -6532 END
START -8432 -8896 19352 3729 6517 -7611 END
START -9024 -9436 19488 6087 5274 -7918 END
START -9312 -8740 19628 8177 4394 -8283 END
START -9524 -7004 20020 9663 3198 -9187 END
START -9492 -4324 20552 10785 1688 -10832 END
START -9028 -2184 20888 11510 977 -12092 END
START -9108 592 21344 12021 24 -13544 END
START -8808 1532 21296 11229 -87 -15334 END
START -8488 2616 20192 11539 -945 -15091 END
START -8412 4656 21336 11780 -2655 -13811 END
START -7840 7732 21976 11292 -3739 -12923 END
START -7204 10664 22644 12231 -5525 -11558 END
START -7020 13300 23432 11702 -6696 -11801 END
START -7156 15332 22008 10483 -7379 -11299 END
START -6740 17072 20480 9626 -8435 -9537 END
START -5132 18016 18948 8549 -9669 -7234 END
START -3848 19148 19372 6648 -10904 -5123 END
START -2188 20452 19440 4877 -11776 -2652 END
START -1404 20460 19196 2187 -11519 -1177 END
START -2120 19416 18084 218 -11676 700 END
START -2516 18568 16776 -634 -11125 3144 END
START -2868 17652 14716 -1431 -10788 5695 END
START -1916 17060 12792 -2071 -10910 7824 END
START -776 16244 12516 -3309 -10669 8855 END
START 172 15788 12112 -3970 -10189 10183 END
START -288 15088 11432 -5118 -9250 11697 END
START -680 14220 9972 -5798 -7666 13428 END
START -968 13528 8712 -6179 -5911 15221 END
START -1440 12088 7256 -7088 -4057 16298 END
START -1680 9940 6092 -8655 -2364 16324 END
START -2180 7448 5364 -10076 -846 16298 END
START -3656 4868 4004 -11833 1096 16045 END
START -3932 1928 2496 -12320 2417 15079 END
START -3472 -1080 2108 -12333 3358 13442 END
START -2352 -3552 2812 -12636 6207 11654 END
START -1368 -6204 1752 -11623 8061 11017 END
START -3060 -7120 2952 -10885 12666 9918 END
START -2612 -8992 3112 -8117 13701 10310 END
START -4200 -9852 4204 -6789 16943 8461 END
START -5420 -11384 4948 -5752 19070 4958 END
START -6364 -12988 5460 -4495 19602 1063 END
START -6668 -14712 7524 -2112 19220 -2082 END
START -6824 -16124 10880 -520 18496 -5599 END
START -7096 -16476 14116 1955 16906 -8356 END
START -8128 -14672 19892 3798 15111 -12914 END
START -9052 -14496 24276 5905 13324 -18367 END
START -9076 -12668 29204 9724 11315 -21691 END
START -8608 -10228 31208 14492 9414 -23217 END
START -9120 -6732 31776 19862 8615 -23484 END
START -12904 -2268 32767 19394 9613 -24612 END
START -16932 4324 29288 26061 10634 -16268 END
START -21236 12168 25556 24339 6045 -9673 END
START -19852 16872 24688 20056 2051 -8622 END