START -3156 11604 19632 -1509 -8327 -2966 END
START -3864 11704 19680 -3325 -9199 -1340 END
START -5140 11512 19388 -2561 -10052 1241 END
START -4916 13388 19376 -466 -12295 3228 END
START -4684 14436 19332 261 -12359 3120 END
START -3384 14292 18300 208 -13616 3416 END
START -2584 14540 17636 -543 -13809 4080 END
START -1380 14156 16736 -1571 -12856 4890 END
START -900 13680 15108 -2132 -12394 5902 END
START -244 13012 13624 -2652 -11437 6536 END
START 276 12012 12132 -2669 -10184 7307 END
START 144 10824 10824 -3169 -8899 8250 END
START -36 9636 9616 -3369 -7667 9500 END
START -364 8408 7964 -3759 -6650 10110 END
START -808 7236 6388 -4113 -5815 10456 END
START -856 6148 5008 -4411 -5087 10719 END
START -520 4968 4000 -4805 -3853 10628 END
START -276 4108 2968 -5458 -2490 10213 END
START 364 2956 2240 -5813 -1142 9606 END
START 1072 2268 1824 -6031 584 9361 END
START 1400 1728 1448 -6247 2546 9250 END
START 1824 748 1192 -6453 4713 9186 END
START 2044 400 1168 -6582 6886 9309 END
START 1972 -72 888 -6483 9326 9336 END
START 1764 -380 532 -6582 11640 9058 END
START 928 -704 636 -6882 13631 8291 END
START 564 -1232 1488 -7580 14849 6900 END
START 100 -2156 2500 -8493 16167 5333 END
START -60 -2704 3340 -8527 17777 4587 END
START -492 -2744 4148 -8427 19636 4344 END
START -1360 -2660 4584 -7794 21647 4301 END
START -2400 -3300 6760 -7562 22583 3414 END
START -3360 -4340 9000 -7545 22725 1696 END
START -5240 -6084 12152 -9673 22615 -778 END
START -5960 -7912 14408 -6476 22324 -726 END
START -4444 -9044 15016 -6003 25813 -834 END
START -4920 -6708 16384 1395 24014 3390 END
START -5064 -1952 18752 2568 23984 2573 END
START -6748 -284 22548 352 23430 451 END
START -7464 -1716 24860 -1266 22970 -956 END
START -9564 -216 25800 -3460 21341 -3975 END
START -12000 -2240 26248 -327 20158 -4895 END
START -9728 -696 26660 3878 16983 -3890 END
START -8972 2968 28292 6276 16231 -2482 END
START -10360 7676 29716 8047 14940 -58 END
START -11664 9928 30496 4701 15029 -1186 END
START -12996 8768 32132 -77 12262 -1625 END
START -15496 7236 30960 -3006 10030 -1314 END
START -15812 5300 31832 -2606 5629 122 END
START -13996 4256 32356 -3312 727 -536 END
START -12428 3324 32524 -1773 -2152 -1142 END
START -10676 3348 31700 -2062 -3919 -1826 END
START -10072 3680 29908 358 -5423 -49 END
START -10064 4988 27344 968 -5141 1237 END
START -10276 5980 23172 1504 -5727 3242 END
START -9868 7200 20168 1067 -7416 4951 END
START -8140 8288 18876 -109 -9142 5092 END
START -5776 9384 19568 -1216 -10971 5140 END
START -3504 10376 19960 -2035 -11097 5896 END
START -3344 10708 20420 -2711 -10094 6463 END
START -4908 10008 19296 -4067 -8850 6106 END
START -7220 8436 17328 -5277 -8524 6675 END
START -8252 6568 14440 -5970 -9349 7535 END
START -8372 4232 13108 -7385 -10737 7639 END
START -8496 1648 11948 -9083 -11857 6987 END
START -8224 -1312 12468 -10548 -13594 5395 END
START -8092 -4348 12524 -11496 -14523 2527 END
START -6900 -8416 12744 -10801 -14940 -975 END
START -6120 -12564 13640 -8915 -14188 -4271 END
START -5892 -16988 14432 -5707 -12709 -6599 END
START -5712 -18892 13480 -1730 -10006 -7455 END
START -5416 -19088 11876 2836 -7552 -7003 END
START -5056 -17724 10248 6691 -6647 -7261 END
START -4476 -15628 9472 8952 -6661 -9009 END
START -3348 -13304 8824 9743 -6239 -11576 END
START -2800 -10296 8424 10488 -5474 -13652 END
START -3180 -6536 8248 10829 -4113 -15369 END
START -1488 -2628 8296 10750 -1966 -16719 END
START -3084 1044 7400 11654 22 -16109 END
START -2584 4340 7812 13511 902 -13719 END
START -2560 9112 9032 14216 2299 -11056 END
START -3488 13528 9848 15405 2713 -7607 END
START -4032 17204 10384 15326 4607 -5354 END
START -5244 19352 11144 12708 5725 -3275 END
START -6288 21076 10820 9069 7198 -294 END
START -5360 22576 10312 7035 8387 1475 END
START -4312 17944 11600 5461 6642 1897 END