START -3544 -10972 15844 -889 -918 -3679 END
START -3348 -12568 14268 -726 1006 -5175 END
START -3776 -13084 13820 2562 1097 -4461 END
START -3984 -13108 14640 4521 1328 -5661 END
START -4312 -13188 15196 6258 825 -7397 END
START -4044 -12368 15516 7341 657 -9725 END
START -3504 -11204 15428 8467 457 -11834 END
START -3092 -9212 15680 9392 408 -13707 END
START -3844 -6268 16224 10175 833 -15333 END
START -4876 -3752 16152 10517 2174 -17075 END
START -6304 -1404 14732 11040 3612 -17891 END
START -7560 2092 13348 12469 4378 -16373 END
START -8380 5504 13404 13732 4427 -13639 END
START -8820 9112 13756 13584 4702 -11174 END
START -7972 12124 13296 12489 4597 -8982 END
START -8608 15384 13588 9800 3513 -9234 END
START -7104 16516 12904 7269 3415 -9686 END
START -6024 16728 11944 5358 3505 -10003 END
START -4936 16440 11568 3386 3933 -8813 END
START -3248 16456 12324 2329 4498 -6757 END
START -2048 16700 14540 1452 4210 -4945 END
START -2752 16880 16288 -503 4915 -4144 END
START -4752 16276 19304 -1620 4469 -3068 END
START -7344 14832 21988 -3335 3762 -2304 END
START -9252 11172 25252 -3878 1193 -1707 END
START -8932 7724 27900 -4152 -2398 -1970 END
START -9764 4260 29536 -2972 -5417 -2220 END
START -8324 868 30788 -206 -8455 -2400 END
START -6768 -480 31460 2979 -10341 -2464 END
START -7176 -2012 32292 6783 -11575 -2558 END
START -6956 -2728 32732 8543 -12734 -2212 END
START -7648 -3992 29876 11575 -13449 -2215 END
START -7156 -3032 26536 14946 -14964 -2475 END
START -5792 76 23000 17484 -16924 -2487 END
START -3480 3468 20200 18517 -17766 -2135 END
START -2156 7360 19848 18228 -18851 -1796 END
START -4132 8848 19568 14891 -19810 -2433 END
START -1932 8900 17024 10986 -19620 -4647 END
START -1400 9200 16544 10573 -19774 -5532 END
START -204 10888 14924 11342 -17104 -4721 END
START 56 13352 13160 12715 -15723 -575 END
START -632 16500 12308 11974 -13672 1965 END
START -832 18680 11712 11144 -12726 4493 END
START -1072 19276 12684 6747 -12890 6024 END
START -2108 18336 10752 1218 -12229 6298 END
START -2836 16348 8072 -2636 -11902 5750 END
START -2660 14328 5828 -4519 -11287 6054 END
START -1712 12872 3248 -6949 -9547 5829 END
START -2172 11288 1624 -8149 -7098 5819 END
START -2668 9668 328 -9005 -5445 6227 END
START -2536 7192 -968 -9940 -3854 7014 END
START -2336 3880 -764 -11090 -3164 8509 END
START -2032 1148 -608 -11153 -2289 10832 END
START -1716 -216 -968 -10379 -1172 12841 END
START -864 -1264 -1012 -9483 366 12745 END
START 248 -1620 -776 -8382 1735 11772 END
START 1588 -1588 -868 -7120 3579 10493 END
START 2824 -1264 -1144 -5872 6005 9707 END
START 3352 152 -1400 -4886 9399 9798 END
START 3296 1496 -1684 -4544 12857 10566 END
START 3212 2588 -1952 -5025 16204 11831 END
START 2704 3748 -796 -6744 18273 13341 END
START 2020 4328 204 -9554 20432 13062 END
START 2152 4220 1316 -11767 21960 11766 END
START 1888 3284 4412 -14442 22539 9893 END
START 848 1440 6948 -17669 23803 7694 END
START -608 -1812 10224 -19437 24087 5233 END
START -2908 -4660 12448 -20675 23053 837 END
START -4304 -9072 14216 -21774 22274 -5741 END
START -3524 -15148 18128 -16015 22931 -6715 END
START -3908 -17496 22480 -6358 23691 -1466 END
START -3712 -15212 27004 -5304 24153 -10 END
START -7348 -10828 30048 -1086 23482 946 END
START -9908 -7904 29908 450 24800 186 END
START -9020 -4588 27484 1794 23275 -2458 END
START -14084 -2868 27500 4012 22023 -2825 END
START -17256 1484 25944 10089 15588 -2483 END
START -11316 3308 26924 9384 15742 -44 END
START -12628 4856 29552 9291 11293 2543 END
START -12496 7536 32767 4661 11893 -292 END
START -14276 6416 30516 4604 9031 305 END
START -13416 6276 30288 3661 8278 -1210 END
START -11604 5056 26844 3711 7140 -1574 END
START -11116 5616 25412 5056 7413 -978 END
START -11080 4856 24256 4096 2488 239 END