START 72 -3916 12404 -5958 5677 2021 END
START -4764 -5896 12132 -5645 5168 674 END
START -5156 -8684 12368 -4538 3897 -1277 END
START -5512 -12540 13396 -4443 3843 -3970 END
START -6216 -14964 13792 -2318 3659 -6270 END
START -6688 -16408 14076 845 4271 -7985 END
START -6920 -16916 14808 4427 4607 -9287 END
START -7312 -16812 15716 8555 4644 -11107 END
START -7480 -16320 16528 11780 4317 -14261 END
START -7672 -15036 16548 13622 4419 -17090 END
START -7996 -12912 16212 15419 3576 -18167 END
START -6852 -8940 16052 17770 3245 -18041 END
START -9108 -2564 18884 19426 3398 -18906 END
START -9292 3268 16360 20520 1869 -16873 END
START -9124 10212 17400 20763 1405 -16058 END
START -8964 15136 17548 18231 2505 -17101 END
START -8768 18184 15968 16466 1766 -15833 END
START -9288 21244 15372 14828 1818 -11802 END
START -10140 23952 14632 11211 1213 -7317 END
START -9140 24828 14236 6520 -358 -4689 END
START -7816 23908 15248 2601 -3232 -3668 END
START -6296 21328 17156 -2123 -3755 -5358 END
START -3156 16820 19784 -4323 -5936 -7391 END
START -1244 12752 21024 -5125 -5875 -7937 END
START -788 9796 21968 -3764 -4946 -5648 END
START -1248 7660 23168 -1520 -4106 -1997 END
START -3512 7424 23132 -1365 -4221 383 END
START -4704 6664 23660 -908 -5965 504 END
START -4736 5868 24284 -967 -7949 -747 END
START -4424 4872 24344 -1000 -9503 -2227 END
START -3284 3636 24332 -169 -10838 -3471 END
START -2192 2280 24780 1699 -11825 -3533 END
START -1728 2108 24920 2963 -12048 -2225 END
START -2096 3624 24060 4124 -11330 -191 END
START -2720 5772 22780 4624 -11140 880 END
START -3472 7440 21344 3682 -11792 806 END
START -3436 8500 19776 2569 -13044 458 END
START -2952 9368 18584 1664 -14099 -38 END
START -2700 9616 16732 1560 -14423 -67 END
START -2680 9420 15012 2300 -13991 876 END
START -2568 9416 13968 3451 -13135 2513 END
START -2316 8924 13036 2683 -12473 3191 END
START -1656 8180 11104 2090 -11769 3343 END
START -632 7496 9044 1465 -10918 2827 END
START -252 6384 7008 307 -9313 1937 END
START -204 5200 5684 -219 -8210 2078 END
START -704 3724 5152 -539 -6763 3101 END
START -804 2952 5724 -138 -5747 5472 END
START -628 3948 7188 48 -4857 7441 END
START -196 4128 8048 -1492 -3420 6339 END
START 1052 2876 8000 -2641 -3153 4304 END
START 2608 1732 9560 -2734 -3423 3237 END
START 3424 1160 11420 -3088 -2552 2076 END
START 4128 636 13584 -2731 -2215 1347 END
START 4112 380 15264 -2242 -1522 1008 END
START 3388 1012 16404 -1711 -735 947 END
START 2968 2140 16688 -947 -63 1099 END
START 3096 3396 16164 -401 511 586 END
START 3940 5052 16480 837 509 359 END
START 4240 6736 16684 2108 979 364 END
START 3688 7380 18752 2476 969 401 END
START 1868 7484 20076 1217 802 1106 END
START 196 7828 19632 1084 440 2533 END
START -1796 7392 17920 1066 -1724 3411 END
START -1136 8480 17564 391 -2145 2421 END
START 792 9044 18620 1253 -4523 2360 END
START 3756 9576 18784 1725 -4769 2183 END
START 5644 10260 18684 3661 -4284 3478 END
START 6076 11584 17220 5924 -2304 5662 END
START 4888 13924 14408 8448 85 9204 END
START 3836 15232 12760 8636 1876 11559 END
START 2456 15664 10976 5756 2535 13334 END
START 1868 15044 8716 2285 2754 15002 END
START 1452 13900 7204 -1756 2784 15019 END
START 1808 11940 6220 -5683 3171 14146 END
START 2148 9372 5504 -8981 4024 13326 END
START 2316 7160 4292 -10874 5908 13517 END
START 2232 5252 3396 -11273 8702 12951 END
START 2408 3116 2428 -10160 10881 13079 END
START 1300 2456 3364 -9376 13052 13919 END
START -336 1220 3704 -11505 15786 13019 END
START -2400 -608 2728 -12932 17651 12331 END
START -4564 -2964 2100 -12931 18503 10637 END
START -5700 -4300 2304 -12934 18241 8418 END
START -5968 -5868 2248 -12995 19055 5857 END
START -6508 -9596 3768 -12047 19273 3144 END
START -6660 -12044 6388 -12754 18522 -1859 END
START -6424 -17524 9464 -10306 17761 -3506 END
START -6100 -19116 11988 -6453 17600 -4768 END
START -2976 -19412 14468 -943 18244 -3231 END
START -1560 -15424 18260 3217 20226 -1703 END
START -812 -10600 18072 7347 22973 -1624 END
START -2068 -5504 19860 11861 24660 -626 END
START -5620 780 27552 8416 25551 -3442 END
START -9084 2408 26392 6730 23536 -4495 END
START -8084 3472 30752 4065 18272 -5131 END
START -12312 6072 32084 5098 17931 -4090 END
START -16764 7860 31056 6377 15153 -4090 END
START -17328 9528 29932 6443 12919 -5041 END
START -16300 9964 28428 6309 11036 -4673 END
START -13900 9072 27228 4707 8718 -3070 END
START -11068 8568 27296 2220 6637 -1082 END
START -9724 7484 27692 -162 4717 -630 END
START -9000 5580 26716 -2111 3118 -1628 END
START -8072 3224 24028 -5055 2954 -3939 END
START -8444 404 21360 -3825 699 -6750 END
START -7284 -1380 18972 -2013 2300 -3963 END
START -9692 -2568 17576 -1394 1909 -2872 END
START -9376 -1064 16360 1067 284 -119 END