START -260 12740 10216 8468 -11279 9153 END
START -268 15100 12588 4315 -9272 8924 END
START -500 14788 11672 699 -7077 8344 END
START -728 12844 10632 -1953 -6683 9292 END
START -524 10856 9020 -5038 -5601 9860 END
START -424 8652 7360 -7254 -4826 11383 END
START -268 6956 6236 -8840 -3951 12796 END
START -684 5676 4476 -9373 -2879 13427 END
START 576 4752 3272 -9000 -204 13583 END
START 4 3816 3024 -8511 -658 11589 END
START 776 2968 3216 -8132 48 10646 END
START 1524 1848 3876 -9019 1207 10546 END
START 1844 692 4208 -10668 3046 9944 END
START 2000 -412 3688 -11145 5121 9737 END
START 1924 -1068 3084 -10792 7101 10294 END
START 1612 -1792 2332 -10675 9263 10943 END
START 876 -2556 2596 -10779 11021 10933 END
START -44 -3616 3020 -10933 12326 10033 END
START -420 -4872 3980 -11392 12736 8108 END
START -272 -6524 5384 -11850 13181 5430 END
START 204 -7364 6048 -11076 14570 3622 END
START 808 -7632 6796 -9068 16560 2690 END
START 1308 -7188 7352 -7191 19670 2246 END
START 1824 -5840 8176 -6646 21357 735 END
START 1104 -6404 9544 -3223 23149 2735 END
START -540 -8340 12428 -3681 25994 2793 END
START -2096 -9076 14744 -887 27102 4996 END
START -6656 -7584 17444 576 27682 4834 END
START -6580 -5548 18008 957 27181 1372 END
START -3448 -3240 18324 3932 24604 -34 END
START -3868 -1356 21108 8199 22025 1627 END
START -6004 -188 27284 5382 21196 -1053 END
START -8288 -836 29256 1211 19016 -4452 END
START -10620 -1856 32767 729 15670 -5154 END
START -9700 -1472 32767 2030 12857 -6829 END
START -8984 -1184 32767 7123 9644 -4449 END
START -10908 2668 32767 6322 11259 -5608 END
START -10976 5448 32767 11809 7196 -2822 END
START -13540 8748 32767 10522 4172 -2003 END
START -12360 6996 32767 4025 319 -3613 END
START -11528 6540 32767 3290 -3952 -2995 END
START -9452 5556 31828 2639 -6897 -3110 END
START -6692 5068 30812 3308 -9005 -2997 END
START -4668 5492 29104 3646 -11623 -3209 END
START -5516 5992 26816 4038 -8943 -1149 END
START -6388 7296 23408 4956 -9258 1909 END
START -7244 8268 20424 3969 -8831 3477 END
START -8732 9432 17160 3408 -9497 4984 END
START -7392 9316 14528 1330 -10630 5427 END
START -6264 9672 13572 -265 -12144 5705 END
START -3024 10448 13644 -949 -14005 5780 END
START -1816 11476 14228 -1686 -12954 5565 END
START -3960 10932 13860 -1329 -9515 6149 END
START -4048 9824 11108 -1099 -7019 8069 END
START -4852 9372 9164 -2988 -4806 9781 END
START -6352 7764 6048 -4809 -3750 12226 END
START -5092 6024 5548 -5058 -5543 15479 END
START -4304 3932 6400 -10381 -5699 15666 END
START -4640 1084 6480 -15719 -1661 15094 END
START -6468 -2232 5312 -18364 -5384 10378 END
START -4880 -8632 5512 -17631 -5930 5523 END
START -3332 -15016 7140 -15291 -5593 650 END
START -956 -20744 8392 -12159 -5338 -3099 END
START 1212 -24828 10320 -8145 -4183 -5719 END
START 2724 -26728 11480 -3161 -3939 -7935 END
START 4180 -26604 13492 2116 -3171 -9942 END
START 5100 -25532 15648 5399 -1178 -13358 END
START 5268 -23704 16760 8396 2989 -17111 END
START 4084 -18856 16616 12795 6276 -19814 END
START 1700 -13720 17508 16341 8753 -21920 END
START -312 -8916 18084 19165 9569 -21491 END
START -6372 -808 17204 23028 8644 -18072 END
START -11208 7020 16704 19353 12955 -16663 END
START -14144 16404 12368 23865 11923 -8694 END
START -18112 24292 12708 20793 8752 -5346 END
START -15212 26216 9880 12680 9216 -5333 END
START -11768 24692 12344 9147 5647 -2578 END
START -6636 19912 14280 2562 1149 -4830 END