START -1760 -9280 11048 -5027 1820 1298 END
START -1024 -10224 12580 -2006 2787 953 END
START -1748 -11676 13240 -2133 4525 -1317 END
START -2084 -13148 14476 -1726 5987 -4555 END
START -2908 -15060 14540 1265 6583 -6167 END
START -4056 -15944 15000 3473 7546 -8429 END
START -5628 -15944 15392 6521 8498 -9841 END
START -7312 -14808 15448 9459 9071 -10604 END
START -8732 -12664 15508 11778 8740 -11535 END
START -10220 -9068 16580 13310 7554 -12909 END
START -11200 -5060 17924 14113 6522 -14481 END
START -11848 -1508 19188 14253 5979 -15201 END
START -12700 1216 19812 14588 5438 -15145 END
START -13696 4740 20008 14389 4078 -14671 END
START -13292 7584 21776 14921 3104 -12456 END
START -12324 10728 22964 14482 819 -10706 END
START -11700 13384 23812 13139 -1168 -10134 END
START -11140 15072 23688 11461 -2712 -10225 END
START -12644 15400 24092 9038 -3127 -10142 END
START -10488 14564 22700 7492 -6384 -9158 END
START -8524 13192 23800 4899 -8311 -7741 END
START -7084 11040 25048 1798 -10465 -6769 END
START -5820 9148 25876 16 -11998 -6215 END
START -6880 8376 26736 555 -11307 -5132 END
START -6112 7844 24116 2265 -12948 -5329 END
START -5608 7436 24088 4293 -14095 -4973 END
START -6068 8068 23712 5214 -15132 -3675 END
START -4484 8340 23904 4885 -17170 -2776 END
START -3272 8312 23676 4696 -18315 -1898 END
START -1488 8592 22836 6317 -19062 524 END
START -1652 9680 20888 8064 -17909 2677 END
START -2632 11116 17776 9487 -16497 4856 END
START -3956 12648 13808 8875 -15884 6124 END
START -3628 14076 10656 6997 -15599 6923 END
START -3164 13908 7832 3982 -15542 7018 END
START -2484 12552 6236 737 -16026 6823 END
START -1336 10776 6276 -2718 -15993 6375 END
START 644 8196 4632 -5634 -14795 6164 END
START 1368 6208 4000 -5797 -13065 7339 END
START 2864 5096 3604 -5834 -10261 8509 END
START 3348 4368 3284 -5251 -7116 9326 END
START 2656 4804 2176 -4333 -3607 10760 END
START 3296 3276 1888 -4616 -1997 10173 END
START 2740 3304 2024 -6213 343 8897 END
START 2568 2888 2064 -6723 1577 8047 END
START 2404 2232 1948 -8076 3533 7178 END
START 2148 1164 1552 -9256 5319 6822 END
START 2000 216 1340 -9806 6932 7243 END
START 1844 -400 1392 -9389 8574 8257 END
START 1736 -408 1312 -8797 10607 9008 END
START 1264 -328 1864 -7990 12987 8810 END
START 1156 -8 3468 -7464 14829 8071 END
START 868 -208 4956 -8233 16266 6886 END
START 612 -620 6188 -9368 18252 5564 END
START -180 -1396 7448 -10574 19903 4454 END
START -1624 -2104 7668 -12142 22152 2945 END
START -4100 -3292 8168 -13651 23664 94 END
START -4796 -5928 7280 -9925 23697 911 END
START -5424 -7544 10660 -8422 24412 1535 END
START -6344 -8436 14468 -4752 23726 2788 END
START -7264 -7696 18172 -5648 22449 792 END
START -7544 -9136 21468 -5460 20094 -1176 END
START -10000 -9260 27312 -2617 18103 -1821 END
START -10464 -10804 31184 -1717 16927 -1204 END
START -11048 -10644 32080 -558 15910 -1906 END
START -9160 -9868 29864 5329 13380 -2329 END
START -12180 -6908 30812 9888 11687 -1704 END
START -9984 -3936 30812 11803 10321 -1427 END
START -8924 1760 30180 14803 9929 -1173 END
START -12636 3776 29516 15874 5274 -17 END
START -10904 7260 29580 13551 5057 -77 END