START -2876 2292 11540 -8461 -40 5433 END
START -3668 984 12320 -7862 1347 4936 END
START -4136 -1044 11644 -7791 2589 3984 END
START -4612 -3340 11480 -7156 3302 3441 END
START -5756 -5804 11600 -6890 3481 2823 END
START -8828 -8448 13136 -6297 4795 2078 END
START -8660 -11380 12388 -5247 2787 686 END
START -7956 -13508 13564 -2783 2179 -1417 END
START -8112 -15144 14876 637 1949 -3734 END
START -7712 -16076 15460 3215 2274 -6112 END
START -7184 -16420 14892 6186 2438 -7395 END
START -6800 -15924 14856 8643 3234 -8842 END
START -6488 -14428 14692 11067 4098 -10166 END
START -6340 -11836 14172 12752 4108 -11013 END
START -6496 -8356 13748 13794 3918 -12149 END
START -6196 -4704 13744 15312 3291 -12764 END
START -6096 -276 14488 16335 3206 -12712 END
START -6700 5356 15696 16160 4262 -12032 END
START -7244 10108 16060 15441 5128 -11623 END
START -6728 13516 15576 14513 5340 -11479 END
START -6748 16164 15364 13177 5410 -11551 END
START -7040 18804 15152 10245 3474 -10370 END
START -8132 18560 17592 6929 3563 -7832 END
START -6380 18804 18516 1974 1734 -6895 END
START -8120 17588 19656 -2439 852 -6441 END
START -6260 14536 21960 -7251 -228 -7566 END
START -6792 10844 24116 -8720 -3259 -8689 END
START -7812 6360 28964 -9597 -6116 -12825 END
START -5780 268 31236 -8105 -7264 -14401 END
START -8452 -2552 31240 -3967 -7666 -13260 END
START -8904 -3540 29104 1796 -8777 -9131 END
START -9000 -1944 26668 6055 -10427 -5327 END
START -8468 1624 25216 8661 -13195 -3893 END
START -6168 5036 24128 9022 -15066 -4788 END
START -4260 7620 22716 8929 -15272 -5564 END
START -3136 9028 22436 9009 -15288 -4945 END
START -4028 10860 20364 8483 -13848 -3199 END
START -4168 11624 17556 7805 -13185 -706 END
START -3828 12388 15620 6637 -13028 756 END
START -1868 13040 14704 5406 -14295 1420 END
START -500 13864 14212 3587 -15196 795 END
START 324 13932 12724 1415 -14794 -146 END
START 64 12644 10304 256 -13412 226 END
START -88 12472 8332 210 -12275 2203 END
START -128 12972 6980 242 -10735 4793 END
START -180 12844 6436 -752 -8842 7104 END
START -36 11680 5484 -3729 -6523 8327 END
START -104 10084 4032 -7135 -4556 9428 END
START -520 7996 2620 -9844 -3244 11176 END
START -844 6388 1268 -12316 -1752 12612 END
START -1508 4700 544 -12929 435 12239 END
START -1744 4004 528 -12281 1927 11259 END
START -1852 2920 828 -11836 2790 9521 END
START -2216 856 1272 -13107 3836 7416 END
START -2332 -748 2360 -12972 4747 6382 END
START -2432 -2284 2528 -12950 6964 5690 END
START -2996 -3760 2160 -12849 9580 5248 END
START -2772 -4916 1232 -10918 11483 6306 END
START -2636 -4760 528 -8475 13396 8304 END
START -2848 -3548 432 -7378 15542 8836 END
START -3732 -2036 944 -7577 17237 7355 END
START -2320 -2492 68 -4542 20239 9357 END
START -3172 -1712 2736 -4285 23224 9026 END
START -3448 -2144 5520 -5368 24573 6434 END
START -4152 -4100 8776 -6204 24724 4777 END
START -5776 -5576 13528 -5781 23516 3985 END
START -7012 -6132 17388 -3793 22343 3167 END
START -10344 -8988 24524 -1944 20200 1397 END
START -9720 -9400 29800 3152 14619 3452 END
START -8396 -8940 32767 -80 18688 3148 END
START -12708 -7168 32767 2406 14696 3034 END
START -18176 -4960 32767 2237 12753 -304 END
START -13104 -4900 32767 4371 11446 -940 END
START -16280 -4908 32767 5147 7329 -2639 END
START -11660 -5024 32767 11935 6637 2397 END