START -1948 -5496 11304 -3186 2219 -565 END
START -3264 -6264 13036 -1975 2145 -1042 END
START -3888 -7892 12272 -2116 3795 -2365 END
START -4884 -9236 13068 -880 3949 -3491 END
START -5440 -10652 13852 804 3921 -4552 END
START -4036 -12120 13624 1673 3906 -5662 END
START -6592 -12324 15188 3958 4192 -7462 END
START -7412 -11804 15528 6043 4399 -9331 END
START -7920 -11596 15996 7696 4535 -10958 END
START -8524 -10768 16212 9891 4238 -11654 END
START -8780 -8888 16064 11988 3902 -12089 END
START -9412 -5544 16396 13661 3435 -12170 END
START -10252 -1620 16760 14629 3020 -12413 END
START -10080 1660 16488 15478 2682 -12221 END
START -9688 5460 16440 15752 2335 -11467 END
START -8976 8616 16068 15304 2759 -10897 END
START -8684 11164 15156 14730 3156 -9976 END
START -8464 13728 14480 13230 3062 -7999 END
START -7968 15864 14624 10908 2913 -5806 END
START -6756 17084 14732 7963 2087 -4389 END
START -6196 17052 15352 3635 1190 -4888 END
START -5960 15496 15816 -502 420 -6073 END
START -5872 13292 17368 -3361 -104 -5812 END
START -6320 10272 18924 -5376 -697 -5759 END
START -6524 6320 22164 -6250 -2924 -6648 END
START -4336 2028 24884 -6156 -4975 -8543 END
START -4828 -192 28092 -3716 -7725 -9243 END
START -8112 -1264 31064 -477 -7218 -10268 END
START -7424 -2516 29644 3284 -7685 -8501 END
START -9216 -1224 28936 8590 -7866 -5804 END
START -10316 1260 27040 11643 -9703 -3932 END
START -9736 4064 25292 12687 -12193 -3282 END
START -8200 7000 24108 13101 -14802 -2682 END
START -7384 9168 22836 12716 -16202 -2078 END
START -7332 10304 20880 11933 -16588 -1428 END
START -7108 10344 19560 10776 -17435 -321 END
START -3816 10060 16324 9222 -19013 1351 END
START -6036 11096 15536 8738 -18498 2743 END
START -4480 11940 13496 8796 -19177 3896 END
START -2836 13060 12748 7535 -18985 4618 END
START -1692 13356 11744 5588 -18216 4879 END
START -1212 12980 11028 4160 -16867 5944 END
START -940 11880 10876 1496 -16262 5801 END
START -952 10336 10300 -645 -15218 6652 END
START -568 8772 8512 -1255 -13671 7939 END
START -364 7668 7252 -1212 -12295 8640 END
START 440 7472 6436 -741 -11455 9283 END
START 1520 7580 5524 -809 -9921 9333 END
START 2796 7380 4940 -850 -8041 9794 END
START 3080 7812 4076 -1098 -5936 10268 END
START 3432 8184 3752 -2087 -3845 10715 END
START 3636 7640 3968 -3777 -1654 10778 END
START 3212 6784 3544 -6213 975 10031 END
START 3348 5044 2368 -8284 2719 9260 END
START 3640 3568 1504 -9424 3970 9035 END
START 4080 2396 1072 -10441 5713 8941 END
START 4220 1052 1020 -11152 7711 8956 END
START 3828 400 488 -11420 10102 9116 END
START 3064 -96 276 -11194 12687 8960 END
START 2820 -708 452 -10824 14766 8593 END
START 2240 -1272 1988 -10990 16266 8052 END
START 1208 -2136 3408 -11566 18262 7293 END
START -116 -2912 4372 -12668 20140 5663 END
START -1448 -4192 5024 -13408 22072 3733 END
START -2988 -5068 4700 -12706 23893 2306 END
START -3476 -5040 4660 -10499 24897 1231 END
START -4592 -5528 6392 -10455 24328 -109 END
START -6020 -7164 12140 -6888 23828 968 END
START -6732 -9620 15256 -4145 24937 3588 END
START -8136 -9076 19284 -4091 24756 3029 END
START -9368 -7440 22244 -2791 23025 883 END
START -7452 -7752 25292 -633 21339 623 END
START -9776 -4164 29388 3551 19239 941 END
START -9116 -2376 31416 4506 17100 19 END
START -13216 -1764 32767 4806 15247 -2318 END
START -13036 -2980 32767 5906 14033 -1632 END
START -16016 -1132 32767 7360 10560 -228 END
START -15932 900 32560 7842 7897 296 END
START -14752 2528 31432 8112 5526 882 END
START -15744 3992 30152 8697 2484 1580 END
START -11044 5372 28716 6252 817 813 END
START -10128 5676 27608 5819 -292 190 END