START 732 7220 12592 -790 -14025 -1481 END
START 2784 6876 14260 -1237 -13172 -1774 END
START 3472 6520 13356 -590 -11197 -544 END
START 3008 6960 12976 708 -9370 1652 END
START 1520 7836 11296 1457 -7819 2995 END
START 108 8392 10200 1469 -6374 3880 END
START -760 8760 9220 946 -5829 4481 END
START -1456 8696 7744 473 -5467 4724 END
START -1272 8176 6804 -490 -5084 4436 END
START -672 7272 5980 -1473 -4073 4126 END
START 236 6724 5084 -1480 -2871 4436 END
START 808 6152 4320 -1297 -1037 5324 END
START 1332 6044 3424 -1065 917 6721 END
START 1288 6112 2872 -1217 2731 8106 END
START 1144 6636 2132 -1794 4572 9552 END
START 860 6824 1488 -2782 6510 10668 END
START 948 6816 1132 -4101 8297 11383 END
START 844 6296 928 -6078 9758 11854 END
START 568 5788 648 -7901 11055 12422 END
START 376 5104 616 -9882 12429 12673 END
START -104 4320 860 -11128 13873 12312 END
START -436 2868 2044 -12355 15003 10679 END
START -392 472 2760 -13662 16198 8771 END
START -356 -2048 4156 -14484 17899 7366 END
START -1408 -4896 5436 -14304 19550 6283 END
START -2548 -6492 6408 -13407 20774 5556 END
START -3680 -7796 7508 -12853 22533 5131 END
START -7236 -8328 9868 -11722 22311 3266 END
START -6532 -11588 10004 -7691 21116 4565 END
START -5964 -14448 14160 -4113 23131 7602 END
START -6580 -12528 19000 212 24199 8309 END
START -8176 -10756 18992 780 23613 6719 END
START -8332 -6932 20956 1263 22120 3031 END
START -6480 -6108 21496 3474 21986 1862 END
START -7112 -4776 23512 4739 21802 -82 END
START -9656 -4460 25520 3050 21044 -3608 END
START -11152 -5472 26324 2711 20077 -4506 END
START -10988 -4732 25892 5291 18415 -1328 END
START -11096 -1112 26424 8129 16986 1876 END
START -10932 3244 26960 9601 15068 3047 END
START -11112 6116 27808 7389 14038 1000 END
START -11132 7148 27608 3210 12154 -1291 END
START -12032 4364 29000 1167 9864 -2345 END
START -12916 2200 29644 -4021 8073 -5175 END
START -13320 16 28828 -3049 5667 -4506 END
START -13712 -360 28444 -1201 3808 -3027 END
START -13524 676 28012 1027 2025 -1779 END
START -12988 1800 28676 1953 306 -921 END
START -12824 2212 27776 646 -1304 -1468 END
START -12032 1524 25728 -89 -3426 -1852 END
START -11128 1000 23712 -607 -5219 -2223 END
START -9404 208 21856 -180 -6556 -2821 END
START -8092 -176 20308 -597 -7082 -3825 END
START -6256 -16 19056 1055 -7210 -2953 END
START -5628 2248 18844 3145 -6503 -480 END
START -6176 4620 18228 3446 -5346 1249 END
START -6924 6712 17356 3045 -4989 2756 END
START -7520 8032 16532 1900 -4995 4039 END
START -8876 8940 15576 -315 -5570 4127 END
START -7756 8776 13960 -1328 -5981 4790 END
START -6476 8244 13004 -2699 -6956 4873 END
START -5168 7624 12412 -4053 -7749 4907 END
START -3100 7396 13868 -4390 -8620 5857 END
START -1520 7904 16536 -5148 -8419 6595 END
START -2268 7348 17524 -5647 -7018 6390 END
START -4192 6512 17672 -5226 -5974 5852 END
START -6308 5176 16940 -5390 -4917 5212 END
START -7344 2800 15728 -5467 -5151 5271 END
START -7816 572 15276 -5466 -6338 6112 END
START -7696 -380 16256 -5873 -7980 7213 END
START -6692 -1156 18708 -6831 -9649 7397 END
START -5416 -1516 20200 -7190 -10895 6154 END
START -5428 -3132 21508 -5807 -11228 3613 END
START -5808 -5560 21616 -4789 -10242 660 END
START -5932 -7308 19404 -2898 -9139 -607 END
START -5756 -9040 16864 -552 -8075 56 END
START -5628 -9972 14776 1848 -7053 1201 END
START -5340 -10132 12744 3267 -6449 1816 END
START -4824 -9980 11136 2681 -6359 622 END
START -4160 -10640 9928 1406 -6923 -2135 END
START -3496 -12156 9676 116 -7007 -5731 END
START -3192 -14032 8876 -72 -5778 -9146 END
START -3272 -16808 8152 1548 -4073 -12506 END
START -3548 -18512 7208 4574 -1679 -15752 END
START -4136 -19452 6024 7546 474 -17137 END
START -5252 -19800 4604 11280 1500 -16125 END
START -5548 -17996 4748 16188 739 -13540 END
START -5676 -13808 6112 17225 669 -13760 END
START -6836 -8968 7748 17091 581 -15493 END
START -6376 -4180 8896 16952 1003 -17500 END
START -6108 1788 11700 15739 2243 -20575 END
START -6416 5280 10180 15750 3386 -20734 END
START -5400 9716 12164 17893 3988 -18774 END
START -6232 13832 13284 16907 5541 -15987 END
START -7964 18432 14060 17124 6550 -10141 END
START -10084 25408 14428 17058 6315 -3387 END
START -7980 28496 14672 12043 5459 -1305 END
START -10132 28736 16068 4803 5442 -1789 END
START -8432 24376 14604 1242 4686 -1849 END
START -6780 20996 14084 -2511 2406 -2518 END
START -2636 17436 15464 -4488 -1056 -3560 END
START 568 13948 17452 -5361 583 -3348 END
START -2228 10836 19264 -5811 2120 -3105 END
START -680 6860 19468 -6119 2487 -2533 END