START -784 6084 15004 3110 -10322 -2663 END
START 700 7152 14364 4699 -9940 -1641 END
START 868 9524 14600 3260 -8726 -1896 END
START 1280 10964 14292 3145 -8473 -1081 END
START 1152 11820 14132 1255 -7604 -221 END
START 476 11768 13676 65 -6788 1638 END
START -556 11588 13524 -366 -6223 3755 END
START -1412 11488 13548 -2083 -5361 5155 END
START -2068 10912 12152 -3570 -4509 5828 END
START -2188 9728 10792 -4724 -4194 5887 END
START -2148 8476 9428 -5426 -3581 5761 END
START -1684 7380 8272 -5527 -2651 6088 END
START -908 6364 7440 -5705 -1366 6673 END
START -600 5344 6388 -6112 76 7407 END
START -32 4708 5736 -5973 1482 8388 END
START -124 4512 5032 -6318 3098 9174 END
START -280 4384 4200 -7098 5360 9568 END
START -788 4012 2720 -8091 7681 9773 END
START -1564 3476 1320 -8345 10025 9602 END
START -1628 3140 980 -8499 11413 8841 END
START -1268 1936 8 -9336 12533 7644 END
START -1072 740 664 -10380 13509 6697 END
START -896 -944 1752 -11732 14841 5750 END
START -1432 -1944 2348 -13343 15997 4861 END
START -1120 -4200 3356 -14415 18405 4633 END
START -2572 -4488 5108 -12278 20823 6581 END
START -2292 -4344 6348 -10755 23498 7254 END
START -3456 -4088 9056 -7050 24307 8861 END
START -4800 -3164 14404 -7426 24164 8093 END
START -13940 -1172 21676 -8549 25821 7195 END
START -9692 -984 23068 -9209 20800 6924 END
START -9408 -672 29816 -10357 17830 6009 END
START -11920 220 32767 -7571 12806 3865 END
START -10620 -1396 32767 -6214 10102 3562 END
START -12700 688 32767 -4729 8623 4669 END
START -13744 2504 32767 -4838 6315 5614 END
START -11596 -2304 32767 3473 5905 12904 END
START -13904 1508 32767 -4006 4793 10282 END
START -14780 1496 32767 -2212 394 10203 END
START -13548 1504 32724 -5711 -4921 7127 END
START -11580 -920 30116 -7142 -6588 4764 END
START -11336 -3348 27448 -5646 -8784 4376 END
START -12476 -5444 24860 -4132 -10728 4488 END
START -10688 -6948 21416 -3200 -11440 2715 END
START -8580 -8408 19420 -2118 -13416 865 END
START -7000 -10164 16736 -1003 -13261 -41 END
START -5556 -11952 14168 823 -12128 303 END
START -4248 -12300 12500 3297 -10665 1794 END
START -5620 -11348 11280 4853 -9732 799 END
START -4616 -11024 9320 5240 -8167 -1055 END
START -3980 -11060 9108 6192 -6917 -3277 END
START -3268 -11368 8828 7391 -6120 -5555 END
START -2780 -11996 8156 7725 -4726 -7746 END
START -2384 -12624 7236 8627 -3268 -9697 END
START -1552 -12880 6184 10174 -1662 -11581 END
START -780 -11552 5636 11528 478 -14021 END
START -820 -9500 5980 12467 2473 -15877 END
START -2500 -6776 7484 12397 4595 -16980 END
START -5344 -3744 8336 12150 6100 -16863 END
START -8600 -200 10344 12948 5111 -15003 END
START -10332 4024 12608 14166 2851 -11594 END
START -12316 9776 14500 15404 1000 -7060 END
START -12352 14612 16284 15967 567 -3753 END
START -11904 18472 17536 13423 1399 -4186 END
START -8628 18096 14244 8133 1812 -4814 END
START -8960 19064 15240 7596 39 -2662 END
START -6584 17152 15648 3970 -1097 -1775 END
START -2832 15736 16472 -124 -2572 -2172 END
START -544 14144 17332 -2397 -2649 -2359 END
START -1772 11332 18148 -4845 -2113 -2587 END
START -928 8708 18672 -4931 515 -2592 END
START -1600 5260 18140 -3949 2782 -1793 END