START -1248 11124 13068 -257 -10740 6570 END
START -2336 10464 13596 -2696 -8756 6664 END
START -2596 9572 11452 -3026 -7761 8284 END
START -2604 9600 10604 -2518 -8187 9923 END
START -1480 9140 9664 -3220 -7416 10165 END
START -976 8364 8316 -4027 -6420 10675 END
START -312 7816 7148 -4195 -5864 11772 END
START 512 6912 6328 -5146 -4379 11990 END
START 1260 5492 5596 -6347 -2823 12016 END
START 1732 4216 4924 -7474 -1443 12518 END
START 1720 2720 3820 -8430 -9 13119 END
START 1572 1444 3112 -8694 1082 13064 END
START 2000 360 2792 -8380 2293 12540 END
START 2484 -484 2872 -8117 3864 11827 END
START 2996 -1028 2324 -8119 5876 11326 END
START 2960 -1280 2448 -7777 8030 11194 END
START 2804 -1500 3256 -8298 10312 10629 END
START 2332 -2756 3888 -9374 12179 9651 END
START 2088 -4216 4344 -9976 13491 8863 END
START 2120 -5252 4724 -10157 14476 8059 END
START 2164 -6124 4772 -10521 16104 7020 END
START 1768 -6748 4844 -9571 17761 6106 END
START 856 -6764 5720 -7938 19106 5268 END
START -420 -7004 7732 -7346 21405 3837 END
START -1220 -6276 9768 -8463 21970 833 END
START -2320 -8680 11688 -4945 22359 2527 END
START -1308 -9588 14012 -3638 24390 3727 END
START -2820 -9388 16688 -371 24981 5418 END
START -4712 -7796 18188 -418 24969 2880 END
START -5460 -6664 17664 1533 23357 568 END
START -5400 -5228 19264 3753 22775 -967 END
START -6288 -3728 21780 4261 22465 -2566 END
START -7056 -2152 23516 4013 21862 -4111 END
START -6404 -1684 25080 3985 20709 -4386 END
START -7228 1016 27052 3975 19099 -3347 END
START -8972 2156 27816 4715 18830 -1169 END
START -11388 4804 28736 5689 18155 -244 END
START -12972 7436 29492 5090 16068 -131 END
START -12468 9364 31944 3843 13196 -52 END
START -13104 9828 32767 1473 8718 -261 END
START -12708 9624 32767 -961 5113 -932 END
START -13028 9084 32767 -2683 1899 -779 END
START -12860 6088 32767 -2617 51 797 END
START -13092 5568 32767 -2597 -2715 2538 END
START -11884 5436 32268 -1552 -5516 3141 END
START -10444 5264 30376 -2990 -8060 3103 END
START -8268 4892 29056 -3445 -10255 3152 END
START -7336 4280 27624 -2790 -11414 4179 END
START -7428 3824 25192 -2941 -11788 4416 END
START -7460 2812 22700 -3231 -12053 4726 END
START -7240 1936 19500 -2909 -12610 5667 END
START -6824 1400 16904 -2711 -12891 6335 END
START -6108 836 14656 -2553 -12967 6615 END
START -4592 656 13520 -2428 -13139 6870 END
START -3988 704 12264 -2930 -12659 6243 END
START -3660 40 10988 -3959 -11887 5156 END
START -4284 -1824 10504 -4810 -11285 3979 END
START -4368 -4512 10004 -5904 -10601 2233 END
START -4424 -7016 8120 -5589 -9445 966 END
START -4020 -8788 6900 -3707 -8839 348 END
START -3520 -10024 6836 -1753 -8204 -24 END
START -2940 -11608 7372 -315 -7892 -809 END
START -2456 -13728 8800 -593 -7618 -3057 END
START -1820 -16424 9304 -228 -6755 -6273 END
START -1008 -18384 9472 1582 -5484 -9303 END
START 620 -19740 9328 4936 -3510 -11589 END
START 1868 -19248 9664 8167 -1665 -13611 END
START 2860 -18000 9744 11497 -47 -16301 END
START 3312 -15172 10512 14610 1076 -18840 END
START 1928 -10144 12100 16129 2816 -20893 END
START -644 -4760 13408 17584 4662 -21443 END
START -2244 2244 16540 18998 7734 -22788 END
START -7048 6244 14740 19057 9894 -20977 END
START -10616 11932 14260 21571 9963 -15943 END
START -13324 19144 12992 21527 9184 -8851 END
START -14024 25316 13008 17093 7736 -3193 END
START -12700 28340 12312 8195 4623 -2857 END
START -9104 27264 15092 3789 4356 -875 END
START -7388 23388 15456 -4017 1060 -2030 END
START -5004 19544 15896 -5442 -953 -2830 END