START -4752 -7808 13260 -3267 3774 -1033 END
START -4304 -9320 13908 -2300 5196 -1712 END
START -4972 -11412 13788 -189 6004 -1651 END
START -6156 -12948 15072 1178 6350 -2246 END
START -8772 -14308 16556 2533 7109 -3509 END
START -9720 -15620 14748 3803 6976 -5439 END
START -10468 -15120 14616 7091 6302 -7622 END
START -10768 -13528 15184 10310 4657 -9277 END
START -10592 -11640 15260 11453 4278 -11371 END
START -10160 -8976 15412 12908 3923 -12312 END
START -10192 -5596 15768 14072 4295 -12570 END
START -9936 -2404 15916 15165 4698 -11771 END
START -10180 1016 16080 15623 4625 -10576 END
START -11296 4416 16328 14778 4700 -10134 END
START -10724 7428 16204 13559 3494 -10335 END
START -8744 10336 16820 12106 1637 -11024 END
START -6656 12572 18164 10858 400 -11853 END
START -7092 13984 18768 8680 315 -11814 END
START -7320 14332 18784 7095 1172 -10906 END
START -7976 14096 17712 5899 1580 -8899 END
START -8260 13912 17484 4654 959 -6878 END
START -8328 12468 17096 2377 217 -5696 END
START -8488 10952 17468 477 -1137 -5072 END
START -7560 8832 19064 -1550 -3439 -5407 END
START -6140 5676 23112 -3674 -6156 -7100 END
START -4840 3192 26716 -4316 -8282 -8136 END
START -4812 2176 28788 -4133 -9572 -10592 END
START -4484 452 29952 -190 -8891 -7731 END
START -5984 1300 29984 2359 -8610 -6223 END
START -6956 2676 30108 4831 -9741 -4485 END
START -7976 3572 29876 5521 -11649 -3596 END
START -8296 5264 28428 6983 -13480 -2168 END
START -8348 7856 26928 8858 -15198 -543 END
START -8712 10200 24188 9373 -16210 134 END
START -9316 12120 21216 9312 -16966 948 END
START -8748 13056 18364 8264 -18012 1975 END
START -7220 12900 16468 5605 -19297 2786 END
START -3484 11748 13624 3189 -21694 4119 END
START -3564 10960 13660 1514 -20855 4664 END
START -2836 9860 11480 1384 -20690 5230 END
START -956 8960 10028 -481 -18993 5440 END
START -136 8372 8064 -1066 -17519 6150 END
START 968 7144 6184 -1622 -15880 6527 END
START 504 6252 5196 -2086 -14288 6607 END
START 732 5044 3908 -2727 -11925 7154 END
START 1444 4068 3540 -2840 -9544 8411 END
START 2224 3236 2640 -2952 -6665 9397 END
START 1788 2796 1696 -2669 -4086 10979 END
START 2456 2672 808 -2569 -1461 12173 END
START 2720 2988 1104 -3567 2004 11908 END
START 1788 3284 320 -3525 4467 12060 END
START 1228 3372 -192 -3324 5891 11671 END
START 548 3708 308 -4219 7263 10514 END
START 500 3244 432 -5478 8562 9446 END
START 536 2464 848 -6921 9740 8568 END
START 344 1908 1080 -8150 11161 8106 END
START 160 1064 1336 -9077 13146 7825 END
START -376 -76 2340 -9897 15267 7513 END
START -600 -1360 2768 -10647 17180 7549 END
START -1572 -2828 4532 -11540 19569 7092 END
START -2424 -4236 5700 -10899 21245 6730 END
START -5328 -4404 6932 -11811 22205 3713 END
START -3848 -6688 6984 -9830 24389 4094 END
START -5328 -7364 12444 -9571 26498 4199 END
START -7456 -10116 12564 -7500 27837 4552 END
START -10232 -12320 15344 -5855 25757 3310 END
START -8256 -12100 18504 -4710 24451 839 END
START -11200 -12692 21264 592 20059 1890 END
START -12144 -9488 26160 4502 16686 3115 END
START -9700 -4236 30876 7976 13852 2016 END
START -8472 -2340 32767 8181 10641 -2799 END
START -10816 -2868 32767 5211 13271 -5581 END
START -12872 -2272 32767 7468 14300 -4459 END
START -14260 -1476 32436 9224 11795 -2206 END
START -15312 396 31416 10102 7964 254 END