START -3484 -5908 12204 -1407 5974 -625 END
START -3956 -7712 11596 -1509 6897 -1752 END
START -4488 -9420 11580 115 6544 -2629 END
START -5856 -9756 13156 1906 9050 -2538 END
START -5520 -10568 13564 2298 6322 -4462 END
START -6504 -11516 14316 2357 5227 -7115 END
START -7332 -12424 15932 3096 4169 -10467 END
START -7468 -13108 16712 4590 4430 -13653 END
START -7636 -12652 17068 8211 5514 -14414 END
START -8332 -10212 17548 11993 6571 -14114 END
START -9580 -6524 17156 15159 6848 -13272 END
START -12084 -1760 18340 17360 5778 -11017 END
START -13996 4800 20848 17360 4445 -9372 END
START -15408 9760 24488 15800 963 -9536 END
START -14876 13000 28448 13051 -2679 -11144 END
START -14452 14964 31844 10665 -5748 -12974 END
START -12052 16180 32767 9179 -7213 -12999 END
START -14428 17996 31360 9132 -8554 -9373 END
START -13584 18828 28816 6532 -11010 -7133 END
START -11772 17360 27060 3943 -14846 -4996 END
START -8392 15312 28764 -958 -18708 -4520 END
START -5472 13040 27348 -3102 -19872 -5199 END
START -4140 11312 25764 -2175 -20476 -4919 END
START -4064 10288 22916 -804 -19229 -4049 END
START -3736 9868 19860 1689 -18504 -941 END
START -4640 10960 16556 2503 -18276 2024 END
START -4444 11524 12956 1567 -18256 3515 END
START -3268 10748 10532 -576 -18887 3867 END
START -2004 9808 8644 -2837 -19512 2973 END
START -844 8808 6632 -4509 -19272 1951 END
START 844 7916 5472 -5471 -17716 1621 END
START 2008 6580 4044 -5467 -15473 1998 END
START 1900 5048 2712 -2992 -13178 4944 END
START 3572 5276 2272 -2797 -10538 5471 END
START 3716 5036 928 -2282 -7417 6626 END
START 3416 4572 -84 -2139 -5021 7383 END
START 3664 4216 -608 -2674 -2589 7558 END
START 3672 3484 -1412 -3593 -75 7169 END
START 3532 2856 -2004 -3808 2193 7163 END
START 3256 2256 -2184 -3994 4866 7639 END
START 2412 2132 -2440 -4253 7777 8119 END
START 2096 2072 -2512 -4534 10410 8548 END
START 1528 2176 -2512 -5049 12883 9095 END
START 988 2404 -1948 -6158 15346 9229 END
START 288 2364 -1468 -7180 17226 8566 END
START -228 1840 -976 -8216 18919 7471 END
START -1184 736 372 -9609 20630 6884 END
START -2468 -804 2048 -10933 22197 6690 END
START -4104 -2348 4316 -11621 22814 5527 END
START -4824 -3356 6596 -12356 22702 3092 END
START -6028 -4180 9032 -14360 23498 -29 END
START -5660 -6636 12132 -11442 25130 818 END
START -7988 -7644 14544 -7076 28263 3494 END
START -9360 -8696 18600 -6276 26390 3511 END
START -12876 -8656 25900 -7648 24317 805 END
START -16220 -9308 29416 -5715 21488 -12 END
START -14756 -8436 32767 -1147 18582 3875 END
START -12592 -6224 32767 4774 15990 5128 END
START -15324 -3152 32767 5992 13858 4377 END
START -16148 -796 32767 4539 12364 1953 END
START -16764 -708 32767 3545 12991 929 END
START -16848 -1324 32767 5734 6405 2498 END
START -14916 -2052 29464 8197 5718 3099 END