START 768 13876 11836 6197 -8400 3023 END
START 1208 14288 11768 3314 -6759 4443 END
START 376 14448 11280 1024 -5940 5747 END
START -192 13448 10068 -2942 -4868 6787 END
START -840 12012 9012 -5547 -4362 8352 END
START -844 10716 7832 -8257 -3735 9714 END
START -908 9228 6424 -10190 -2447 10124 END
START 1292 8560 4284 -11832 -2609 9877 END
START 572 5924 5092 -11069 667 10221 END
START 324 4576 5208 -11637 810 9619 END
START 212 3180 5480 -12238 1695 9806 END
START 136 1776 5808 -12735 3021 9494 END
START 140 376 5952 -13390 4311 8663 END
START 2096 -1160 5300 -14310 5550 7866 END
START 1100 -3088 5312 -14074 6533 7279 END
START 1256 -3932 4268 -13250 8446 7319 END
START 908 -4376 3652 -12145 10526 8055 END
START -112 -4200 3116 -10694 12496 8953 END
START -1164 -4012 3900 -9397 13797 8330 END
START -1476 -4440 5712 -9219 14520 6553 END
START -1732 -5500 7096 -10785 15746 4286 END
START -1092 -5868 7292 -10539 17955 3019 END
START -920 -7024 8192 -11198 17356 783 END
START -768 -8000 8428 -7349 18966 3166 END
START -2092 -6856 10068 -4501 20334 5134 END
START -2212 -5812 12108 -3594 22143 6446 END
START -3716 -4328 14712 -1851 22031 8319 END
START -4012 -3032 16524 -3727 23325 6201 END
START -3440 -1252 18628 -3225 23010 3791 END
START -4620 148 20144 -1149 22744 2773 END
START -4156 584 22536 1540 21584 3480 END
START -4812 1904 24732 716 18924 2609 END
START -5648 2860 26092 302 20046 4207 END
START -7652 4072 28448 -18 20348 5988 END
START -8556 4856 29560 938 17017 8855 END
START -8532 6168 31272 1747 13423 9679 END
START -8172 7164 32767 -3768 13965 5317 END
START -9784 8604 32767 -1922 9679 7022 END
START -9808 9592 32767 -3789 9097 6354 END
START -10964 8688 31500 -5440 8858 8233 END
START -11088 6164 32767 -4744 5483 13057 END
START -11220 3296 31480 -8372 2608 11730 END
START -12068 248 30540 -8967 -811 11643 END
START -12956 -1248 29008 -8908 -3262 9049 END
START -12084 -3296 28108 -8289 -7289 7137 END
START -11960 -6076 29212 -9452 -9967 3680 END
START -12208 -10988 28452 -10209 -14016 255 END
START -12580 -15184 26488 -8665 -15749 -3440 END
START -11524 -19036 22520 -3846 -17435 -5806 END
START -7920 -20364 19596 37 -18082 -7740 END
START -6388 -20576 16240 6702 -17471 -5980 END
START -5720 -19320 15824 9318 -17494 -5192 END
START -5624 -19120 14672 10390 -16495 -5415 END
START -6940 -16240 13352 11936 -15885 -5930 END
START -8072 -13652 11112 13133 -14818 -8474 END
START -8480 -11436 8972 13454 -13922 -11689 END
START -9492 -10080 5640 13850 -13683 -14621 END
START -9236 -8300 3856 14430 -14950 -18578 END
START -7432 -6876 2652 15087 -14966 -22802 END
START -4132 -4564 3128 16446 -14326 -23703 END
START -2784 -2008 3576 15886 -10384 -23747 END
START -1860 8 2840 15961 -4257 -23143 END
START -3336 2468 1216 17005 2852 -23192 END
START 384 4664 244 21746 8733 -22382 END
START -1676 9056 1544 25540 12140 -22675 END
START -1104 11088 3044 27875 12305 -21785 END
START -2672 11676 4848 24911 16265 -20940 END
START -5832 12888 2936 19878 19515 -19628 END
START -9004 13620 10308 19653 21856 -15193 END
START -11856 16504 11064 13295 14701 -7850 END