START 2660 11876 14340 3687 -11776 687 END
START 736 12000 14208 2795 -9260 796 END
START -1488 12988 13884 2734 -8703 2375 END
START -2588 13056 13344 -345 -6498 3156 END
START -3920 11940 10864 -1255 -6381 5363 END
START -4584 11156 9608 -2171 -6690 7698 END
START -4504 10484 8444 -3204 -6343 9253 END
START -3604 9940 7308 -3619 -6277 10087 END
START -2804 9300 6420 -4596 -5897 9566 END
START -1344 8020 5260 -5305 -4951 8978 END
START -412 6836 5360 -5248 -3408 9352 END
START 260 5296 4964 -5750 -1248 10239 END
START 272 4120 4040 -6044 755 11440 END
START 64 3220 3192 -6468 2344 12120 END
START 472 2116 2420 -7122 3635 12153 END
START 1056 1148 1788 -7518 4825 12216 END
START 1340 464 1408 -8041 7020 12238 END
START 640 -172 308 -7890 9931 11662 END
START 28 -504 -368 -6474 12419 10628 END
START -296 -1200 208 -5424 14141 9546 END
START -360 -2600 1336 -5800 15621 8516 END
START -268 -4108 1840 -7705 18239 7270 END
START -464 -5832 1908 -8281 20019 6872 END
START -924 -6700 2104 -7799 21396 7146 END
START -1572 -6376 2620 -6963 23906 7575 END
START -2048 -3900 4072 -7339 25604 5321 END
START -3376 -5288 5040 -4453 27243 5432 END
START -3172 -7312 10244 -5195 28295 3323 END
START -6224 -11008 14088 -3161 29234 2978 END
START -7780 -11948 18756 -3483 28540 400 END
START -9104 -11056 22640 -464 26898 -2411 END
START -7716 -10632 22656 2477 25908 -2271 END
START -8672 -5920 27240 6607 24948 -663 END
START -11420 -2032 29372 7059 24028 -1253 END
START -13292 2148 31368 4194 21574 -1812 END
START -14472 3784 32767 5014 18897 -727 END
START -14408 6632 32767 2581 15066 -1036 END
START -13516 7608 32767 9396 12936 5037 END
START -14900 13752 32767 6242 11032 5945 END
START -17504 15392 32767 5014 9083 6201 END
START -17384 16664 32767 199 3689 6869 END
START -16656 15640 32767 -5902 -200 5529 END
START -14596 12884 32724 -8272 -6374 6288 END
START -12004 10020 31620 -11775 -9646 4417 END
START -9328 6604 30076 -12388 -12670 3606 END
START -6740 4560 28984 -11259 -13540 4119 END
START -6916 3564 26596 -10077 -13795 5328 END
START -8168 3192 23352 -9380 -13503 6772 END
START -8716 2008 20356 -8370 -13911 7486 END
START -8836 64 18060 -9049 -15340 6205 END
START -8368 -1992 15492 -9635 -16137 4866 END
START -7264 -4272 13664 -8530 -16795 4323 END
START -6468 -6544 11688 -7693 -16591 3109 END
START -4232 -8216 10776 -5932 -17088 1683 END
START -2828 -9232 9620 -4712 -14969 -308 END
START -2156 -10044 9660 -1781 -13214 -1139 END
START -1096 -11024 8740 -515 -9606 -2260 END
START -1460 -12020 8368 1030 -6660 -3531 END
START -2424 -13540 7388 1288 -4141 -5600 END
START -3668 -15516 5944 2180 -2640 -7463 END
START -4628 -16644 4768 3576 -1990 -8992 END
START -5124 -16808 4116 5589 -1844 -10161 END
START -5140 -16600 3968 7526 -1135 -11560 END
START -5916 -16384 5908 8883 -126 -13336 END
START -6296 -16652 7236 9265 822 -16774 END
START -5992 -17360 7276 10574 2009 -19807 END
START -5812 -15776 7648 12896 4014 -21627 END
START -5488 -11944 8300 15259 6239 -22377 END
START -5916 -7304 8732 18101 7112 -21250 END
START -7260 -2260 9188 20160 6716 -17970 END
START -10632 5612 10912 23346 7959 -15320 END
START -13044 14236 10304 20067 9884 -12060 END
START -9996 24244 13536 24835 7562 -5470 END
START -6812 31408 16000 22032 7121 -3461 END
START -9084 32767 18656 14214 8779 -6135 END
START -9672 30508 18380 9539 7819 -7007 END
START -7616 27208 15000 4723 13276 -4512 END
START -9424 23312 14860 3032 9740 91 END
START -7932 19760 12936 -103 6863 1988 END
START -6732 16988 11676 -996 3383 4417 END