START 2196 4900 12560 3394 -10174 -3278 END
START 1844 6008 13400 3901 -11081 -1491 END
START 1680 8748 15452 3255 -10283 -1095 END
START 2240 10424 16492 1071 -8733 -2310 END
START 2892 11584 17092 757 -8188 -2178 END
START 3708 12872 17656 1321 -7607 -292 END
START 3896 14972 17164 3000 -6820 2901 END
START 3328 16792 16652 3731 -6062 5321 END
START 2336 17708 16480 2692 -6171 6609 END
START -200 17136 16512 -860 -7421 6598 END
START 528 15772 14912 -3725 -6782 6411 END
START -784 13652 13972 -4502 -7360 7361 END
START -2040 12168 12204 -6180 -7232 7799 END
START -1580 10532 10616 -6026 -6920 8943 END
START -1008 9136 9440 -5693 -5929 9731 END
START -668 8296 7604 -4924 -3982 10345 END
START -484 7664 6024 -4106 -1960 11278 END
START -188 6756 4548 -4459 -77 11908 END
START 248 5452 3332 -5085 1883 12327 END
START 200 4124 1896 -5669 4339 12993 END
START 280 2520 40 -5273 5928 14382 END
START 36 1468 16 -5427 7842 15041 END
START -304 420 -824 -6401 10324 14958 END
START -384 -1180 -1536 -6840 12723 14664 END
START -424 -2372 -2124 -7006 15411 14236 END
START -1188 -2404 -2396 -6714 17996 13366 END
START -1120 -3232 -2180 -7243 20148 10996 END
START -1248 -4828 -1348 -8052 21758 7809 END
START -1896 -6604 320 -9117 23990 4842 END
START -2784 -8896 1224 -9267 26173 2387 END
START -3696 -10828 2812 -8974 28115 281 END
START -6052 -10696 4120 -7722 27693 -1372 END
START -3652 -12068 6044 -3289 28053 1273 END
START -4392 -11092 13168 275 29591 6154 END
START -6960 -9468 19632 3468 29632 7981 END
START -6200 -6408 25484 821 30752 2019 END
START -11016 -5960 27608 -4277 29014 -5099 END
START -11812 -3860 32767 3217 19199 -7946 END
START -13356 -212 32767 -1269 18884 -11294 END
START -19760 2664 32767 2547 17668 -4792 END
START -22108 5816 32767 6158 14060 -3259 END
START -25180 5172 32767 7599 9996 -735 END
START -22000 7032 32767 8936 2441 4697 END
START -17268 10300 32767 7561 -1807 2686 END
START -12708 11016 32767 7652 -7395 3420 END
START -9788 11252 32767 1423 -8933 -1057 END
START -7296 8328 31168 544 -9892 -221 END
START -6448 7240 26900 990 -10243 2582 END
START -6476 6688 24236 -17 -10361 3575 END
START -6628 6420 21480 -138 -12296 5379 END
START -5868 6640 20696 -1554 -14196 5744 END
START -3852 6328 19748 -2611 -15583 5366 END
START -2312 5892 18624 -2800 -16131 5083 END
START -1824 4868 17488 -3540 -14989 4059 END
START -1056 3988 15748 -2651 -13840 4738 END
START -1760 4260 13052 -1156 -12353 6903 END
START -720 4716 11528 92 -12268 8743 END
START 800 5120 11172 -1683 -11022 8268 END
START 1676 5524 10796 -2177 -10937 8353 END
START 2332 5868 10432 -3271 -10240 8008 END
START 1552 5840 9976 -4156 -8582 7442 END
START 712 5652 9224 -4409 -6327 7349 END
START 44 5004 8420 -4334 -4273 7883 END
START -380 4164 7436 -4558 -2333 8667 END
START -496 1488 7384 -4157 -733 9181 END
START -2076 568 7068 -5217 836 9402 END
START -2556 -744 6172 -5927 1659 8568 END
START -3048 -2048 6160 -6890 1703 6666 END
START -3632 -3840 7176 -7731 1893 4359 END
START -4664 -6520 8128 -9069 2433 1489 END
START -5620 -9336 9380 -9889 3186 -2008 END
START -6272 -14664 10448 -8504 4352 -4549 END
START -6892 -20740 12000 -6591 5209 -7859 END
START -7568 -25344 12588 -3876 5757 -11745 END
START -8136 -28944 12912 -598 5354 -16221 END
START -7528 -30708 12644 3845 4774 -20147 END
START -6280 -29132 13436 9421 4481 -21438 END
START -6028 -24796 14832 13461 5306 -23761 END
START -5512 -19556 15436 15842 6520 -25295 END
START -5496 -12720 16368 19457 6910 -24102 END
START -7240 -5552 16244 21866 7604 -21425 END
START -15692 2328 16768 26988 7343 -12498 END
START -8440 14468 18496 20324 8037 -13612 END
START -14720 26360 17180 26916 5715 -10320 END
START -17044 32767 17824 17843 2162 -12794 END
START -16504 32767 15724 9564 3086 -14961 END
START -9756 29776 11984 5320 -984 -10766 END
START -7296 27376 13980 2509 -3956 -6251 END
START -1924 24272 14404 -359 -3939 -4317 END
START 316 19772 15684 -2387 -3355 -3819 END
START -220 15424 16816 -3174 -841 -2746 END
START -1512 12336 16212 -2946 82 -1120 END
START -2368 9032 14740 -3081 2039 -494 END
START -1008 6404 14720 -1165 4478 661 END
START -3292 3140 12708 -733 3513 2456 END
START -3208 1788 14344 365 3721 2787 END
START -784 1256 14684 -85 3419 1744 END