START 444 3320 10996 -4466 -936 2080 END
START 628 3320 11732 -3948 -723 2222 END
START 1252 3148 11860 -3926 -677 1893 END
START 2144 2924 12372 -3694 -996 1691 END
START 2748 3080 14060 -2742 -1932 2170 END
START 4332 3044 15160 -1810 -2435 2820 END
START 5756 3492 14656 -2467 -955 2896 END
START 6600 4664 15532 -582 635 2810 END
START 5688 4336 15736 584 -770 2931 END
START 5900 5796 18336 -992 2272 1617 END
START 3876 5964 18660 126 1032 3374 END
START 3384 6472 19040 -423 356 4482 END
START 4316 7512 19864 816 -1871 6418 END
START 5544 9456 22200 -142 -2029 5748 END
START 4148 10052 20152 -2100 -942 4639 END
START 3360 11676 20116 1352 -3511 7241 END
START 3540 12188 20036 -1429 -2798 4726 END
START 4156 10696 17928 -2484 -2280 2899 END
START 3920 8668 15808 -3891 -1447 3233 END
START 1540 6672 13960 -4952 -443 5017 END
START -60 5108 11836 -5518 -962 7737 END
START 928 5276 10072 -5605 -1460 9498 END
START -500 5176 10224 -4670 -759 10809 END
START 364 5068 8276 -6378 950 11603 END
START 1184 3464 7912 -6260 551 8529 END
START 1504 2724 7780 -7217 1131 7781 END
START 2128 1392 6956 -8339 2680 7461 END
START 1780 896 5964 -8294 4324 8121 END
START 1472 1280 5488 -7990 6527 8494 END
START 996 1344 4816 -7910 9098 8678 END
START 300 1572 4360 -8224 11372 9227 END
START -616 1228 4104 -8952 13331 9535 END
START -1740 -64 3872 -9781 14632 9378 END
START -2696 -1896 4608 -10237 15082 9142 END
START -4088 -2616 5912 -10305 15039 8785 END
START -5152 -2800 8088 -10878 15338 7171 END
START -5076 -3004 10280 -11726 15269 4274 END
START -4276 -5024 10596 -9410 16966 5162 END
START -3956 -5224 10940 -6829 18090 6670 END
START -4424 -5256 13228 -5779 18829 7299 END
START -4952 -6156 15188 -4429 19617 8375 END
START -5100 -6324 16316 -5253 19477 6814 END
START -4692 -6808 17364 -4467 18589 4584 END
START -4116 -7064 18692 -2717 17961 3259 END
START -3632 -7064 20804 897 17395 3342 END
START -3724 -6304 23468 2016 17448 2556 END
START -5004 -5452 24384 1526 18121 771 END
START -5704 -5356 24360 3030 17558 -460 END
START -5748 -4308 24136 4777 16963 -941 END
START -5656 -2468 24184 6264 16378 -513 END
START -5156 8 24972 7080 15146 321 END
START -5376 1688 26732 5269 14018 475 END
START -5884 3004 27968 885 12787 -435 END
START -5932 1976 27740 -418 12620 -329 END
START -7948 2608 28220 -941 10491 568 END
START -8856 2744 26356 -1820 10063 -706 END
START -9344 3184 25948 -1514 8499 -488 END
START -9716 4692 26368 -1968 7010 -165 END
START -10120 5216 27504 -2750 5358 1099 END
START -13780 6744 28808 -3869 4294 2128 END
START -12712 5292 26204 -4882 489 2787 END
START -11140 4300 26556 -7404 -773 2426 END
START -9756 3260 26432 -6775 -4030 3426 END
START -8124 2464 25032 -6686 -5782 3163 END
START -6460 2192 24052 -6063 -7055 3468 END
START -4896 2552 23932 -4973 -7572 4640 END
START -4768 3088 24152 -4665 -7315 5663 END
START -5524 2820 23152 -4892 -7111 5937 END
START -6356 1888 21772 -5278 -7545 6010 END
START -7212 656 20416 -5712 -8470 5895 END
START -7448 -1232 18932 -6350 -10211 5449 END
START -7452 -2688 17240 -6211 -11985 4962 END
START -6260 -4084 15924 -5881 -12908 3484 END
START -5764 -5616 15340 -5505 -13694 2042 END
START -4768 -7308 15436 -4397 -12844 517 END
START -6368 -9664 14888 -2771 -12168 62 END
START -6212 -11768 14492 -2392 -10704 -1953 END
START -7624 -14156 13200 730 -10469 -3587 END
START -7404 -15548 12080 3247 -9878 -5398 END
START -7544 -15884 11264 5655 -9288 -6719 END
START -8272 -15616 9964 7063 -8956 -8500 END
START -8656 -15504 8028 8621 -9609 -9738 END
START -8748 -15204 7688 9456 -9595 -11456 END
START -7768 -14776 6540 11148 -8688 -13316 END
START -6144 -14056 5592 13282 -6781 -15428 END
START -4428 -13440 5788 17417 -2627 -17349 END
START -3472 -10756 6600 22009 1319 -16998 END
START -4360 -5868 7832 21734 6436 -16885 END
START -6864 -2040 5220 20642 8122 -15001 END
START -7132 3416 1980 17601 9438 -14547 END
START -6904 10732 4836 19275 12210 -14469 END
START -8116 13548 9480 19191 6594 -11704 END