START -3812 -1168 14372 -3696 4855 2943 END
START -6016 -3016 15808 -5024 5407 758 END
START -7080 -5376 15812 -5180 3693 -1663 END
START -7244 -9620 17728 -5680 2059 -4286 END
START -7404 -13152 18824 -5168 825 -7094 END
START -6368 -15728 18768 -2685 323 -9260 END
START -5740 -16956 18640 -543 2219 -12251 END
START -5308 -17732 17468 4383 2580 -12243 END
START -5180 -16436 16712 7164 4342 -13457 END
START -6216 -14420 15536 9018 5821 -15194 END
START -6432 -11624 13588 11419 6224 -15803 END
START -6496 -7428 13196 13482 5330 -15384 END
START -7568 -1348 13676 15003 5689 -15398 END
START -8228 3712 13340 14633 5281 -15564 END
START -8644 8112 14292 15246 4869 -15863 END
START -10316 11648 13852 14239 6022 -16149 END
START -10868 14640 13412 13979 5574 -13166 END
START -10900 18900 14420 13478 4281 -9070 END
START -9136 21568 15000 11894 3304 -6023 END
START -8532 22052 15968 9825 1441 -4317 END
START -7784 22324 19220 5353 580 -5338 END
START -6780 19520 19896 1746 143 -5145 END
START -6352 15340 21352 -417 -1392 -4041 END
START -6576 10880 22820 -3445 -2687 -4228 END
START -6996 6904 24288 -2785 -4970 -3484 END
START -6012 4120 27528 -1153 -7525 -3241 END
START -5080 3048 29928 1103 -8912 -3918 END
START -4984 2964 30980 3445 -9427 -3895 END
START -6056 2800 30872 5171 -9591 -2936 END
START -6968 2928 29640 7227 -10334 -945 END
START -7820 2772 30308 6775 -12836 -244 END
START -7888 2928 29264 5494 -15567 -355 END
START -7856 3288 27128 5210 -17595 -827 END
START -6872 4404 24708 6702 -19309 -1052 END
START -5664 5468 21756 7423 -19464 -1879 END
START -4452 6564 17796 8638 -18416 -976 END
START -4048 9152 15680 9847 -17785 1338 END
START -1660 10084 17280 7330 -18836 2266 END
START -1420 10492 16216 3930 -17960 2165 END
START -1684 10740 14104 1745 -17381 2439 END
START -1740 10736 12032 175 -17114 2328 END
START -1836 10828 10216 -1882 -16548 1579 END
START -1460 10064 7788 -2893 -15027 1208 END
START -1092 9568 5388 -2444 -12899 1532 END
START 908 7900 5224 -2114 -12149 1822 END
START 1564 6864 5252 -4003 -10226 1327 END
START 1900 4948 4216 -5466 -7986 897 END
START 2172 3092 3428 -5847 -6223 792 END
START 1832 1960 3364 -5628 -4685 629 END
START 2524 444 4040 -4805 -3602 513 END
START 3220 -1068 6012 -3686 -3706 1354 END
START 3376 -1708 8988 -2594 -3629 2042 END
START 3708 -1336 10292 -1110 -3041 2370 END
START 3740 240 10924 -12 -1859 1064 END
START 4632 2164 10716 1541 -720 -72 END
START 5264 5680 11688 4382 -581 88 END
START 7492 8292 14844 5537 -542 155 END
START 7728 10116 18104 4248 661 1013 END
START 5476 11472 19804 2768 2825 4181 END
START 2192 12376 18504 1958 4005 8569 END
START -1152 13856 16936 1290 3367 11464 END
START -3848 14584 14640 -1457 2270 10954 END
START -724 11836 10100 -2957 346 9710 END
START -2020 12272 10956 -5441 -1535 8176 END
START -1144 10708 10892 -6168 -2240 7243 END
START 84 9212 8508 -5527 325 7891 END
START -312 8300 6188 -4435 2719 9672 END
START 348 7288 6560 -3440 3840 11841 END
START 704 6116 6012 -4271 5333 13881 END
START 928 4824 5064 -6219 7582 15177 END
START 1392 2952 3468 -7698 8678 15795 END
START 1368 1824 2508 -9246 9984 15606 END
START 1272 860 1072 -10996 12626 14401 END
START 640 -208 -1416 -12022 16258 12990 END
START 340 -1884 -2712 -11322 18874 11660 END
START 16 -5256 -1036 -12882 21247 8296 END
START -480 -8544 1540 -14583 22328 5792 END
START -2256 -12248 3352 -15273 23394 3531 END
START -2364 -14508 5300 -13112 21944 2339 END
START -2124 -14080 8216 -12398 22531 843 END
START -2008 -12532 10676 -7719 25355 3650 END
START -2112 -11812 12960 -1971 29471 6535 END
START -7688 -10412 21092 -736 26035 4182 END
START -7528 -11056 25208 -6248 26403 -2562 END
START -8596 -11668 28728 -3232 23589 -2977 END
START -8960 -9848 29344 560 17803 -4998 END
START -17324 -6280 27416 3385 12957 -2593 END
START -13844 116 28456 8546 20304 -4519 END
START -17496 3680 28260 10334 17032 -3091 END
START -18384 5052 28024 7716 14652 -1665 END
START -17304 3920 23656 6287 11475 2302 END
START -15284 5100 25684 5586 8259 5525 END
START -12272 5836 25636 5298 5495 3308 END
START -10544 6076 26700 2792 1809 -855 END
START -8300 3852 25476 -1092 1899 -4656 END
START -6432 1172 24628 473 2101 -3099 END
START -6636 920 24328 1481 3523 -1730 END
START -7776 -12 23496 1970 4953 -485 END
START -9780 -440 21660 2212 4785 115 END
START -9876 -904 19048 2358 4199 -154 END
START -8936 -4 17492 3055 3759 -537 END
START -8936 -48 18408 4045 2001 -1089 END
START -8220 -584 18564 3803 109 -2118 END