START -2904 14640 17988 1998 -12958 3451 END
START -3220 15176 18280 351 -12764 3965 END
START -3672 14548 16676 -593 -12352 5224 END
START -3436 13752 15708 -1132 -11697 7011 END
START -3228 13060 13976 -1192 -10800 9278 END
START -3404 12544 11988 -1405 -10198 11270 END
START -3488 11996 10076 -2301 -9509 12446 END
START -2544 10008 9372 -3549 -9338 12988 END
START -2172 8184 8320 -5438 -8970 13141 END
START -1288 5828 7248 -6414 -7890 13756 END
START -560 4296 5896 -7541 -6965 13606 END
START 468 2780 4452 -8130 -5761 12615 END
START 1104 1160 2852 -8058 -4259 12141 END
START 1452 44 1976 -7148 -2439 11714 END
START 1968 -708 1392 -6523 -757 11457 END
START 2508 -1748 1388 -6899 930 11041 END
START 2868 -2912 1312 -7236 2722 10671 END
START 3224 -3676 1408 -6752 4464 10489 END
START 3368 -4272 1940 -6601 6648 9917 END
START 3584 -4332 2036 -6381 9057 9403 END
START 3480 -4104 2044 -5811 11529 8864 END
START 3112 -3416 2224 -5134 14071 8119 END
START 2592 -2316 2984 -4912 16243 7090 END
START 2324 -2296 3892 -5307 17329 5546 END
START 1904 -2668 5484 -6553 18057 4283 END
START 1504 -3848 6964 -7607 18394 3469 END
START 708 -4900 8040 -7991 18725 3318 END
START -216 -4420 9544 -7742 19541 3848 END
START -2124 -3264 11536 -7329 20380 2185 END
START -1540 -2932 11964 -2793 21116 4162 END
START -1256 -2216 16332 -1538 23161 4986 END
START -2956 -2092 20016 -977 24388 4573 END
START -4764 -2452 20692 -3809 24608 764 END
START -5744 -4084 20288 -4146 22880 -2601 END
START -5100 -5528 21508 -1596 21704 -2484 END
START -4840 -4432 22524 2238 21691 -485 END
START -5624 -1132 24816 4575 21652 1010 END
START -8228 2220 28720 4327 19976 1453 END
START -9488 2052 30564 894 19429 -827 END
START -12420 2068 31684 -1469 16780 -2491 END
START -12500 1284 32260 -1261 12695 -2165 END
START -11968 2164 32767 56 9108 -1404 END
START -11200 4192 32767 1386 6780 -715 END
START -10752 6744 32767 2069 4214 295 END
START -10472 7936 32767 439 2678 674 END
START -10128 7956 32767 -1852 156 1173 END
START -9440 7696 32540 -3280 -3046 1883 END
START -8816 7356 31360 -3761 -5335 2444 END
START -7248 7784 31264 -3175 -8323 3503 END
START -7528 7892 29848 -3568 -9263 3495 END
START -8204 7328 26844 -3676 -9708 4358 END
START -8960 6724 23716 -3707 -10315 5954 END
START -9116 5112 20508 -4495 -10940 7201 END
START -9124 3520 17244 -5492 -11441 8185 END
START -8552 2036 14736 -6947 -11896 8384 END
START -7668 -1424 12884 -8161 -12492 7216 END
START -6776 -4184 11120 -8792 -13457 5057 END
START -5620 -6972 10600 -8312 -13704 2514 END
START -4352 -9756 10076 -7352 -13226 414 END
START -3456 -12584 9764 -5898 -12158 -1172 END
START -2800 -15652 9632 -4317 -10805 -3180 END
START -1816 -18208 9096 -2217 -8924 -5057 END
START -708 -19956 7904 912 -7074 -6700 END
START 456 -20128 7116 4204 -5609 -8155 END
START 1116 -19004 6404 7014 -3916 -9993 END
START 1416 -17248 6316 9081 -2134 -12428 END
START 1712 -14888 6612 10891 -225 -14681 END
START 1264 -11348 7372 12427 2002 -16847 END
START -384 -6796 8368 14271 4025 -17863 END
START -628 -932 10452 14661 7587 -19302 END
START -3104 2556 10124 15297 9302 -17432 END
START -6396 8388 12800 18991 8626 -13725 END
START -10388 13916 14700 18644 8748 -10819 END
START -13784 18540 16068 16393 8412 -8318 END
START -16012 21692 16008 13381 9336 -5161 END
START -14308 22816 14868 7204 4533 -4806 END
START -10796 19712 15864 4907 5059 -3436 END
START -6844 16008 14340 1929 -681 -961 END
START -3988 14108 18136 -1504 -1530 -1777 END