START -3780 -1120 16164 -3021 3399 1118 END
START -4196 -3456 16476 -3091 3124 94 END
START -5396 -5228 16284 -2290 2804 -1845 END
START -5036 -8280 16644 -2074 1777 -3701 END
START -5284 -10800 16492 -1301 1459 -5534 END
START -5312 -13012 15848 507 1191 -7249 END
START -5476 -14284 15472 2514 1826 -9133 END
START -5420 -14400 14676 5025 2935 -10893 END
START -5828 -14164 14296 7481 3762 -12518 END
START -6108 -13744 13560 9879 4329 -14058 END
START -6132 -11800 13300 12463 4266 -14862 END
START -6212 -8828 13620 14426 3865 -15089 END
START -6184 -5188 13844 15894 2700 -14953 END
START -6824 464 16428 13042 4615 -18099 END
START -7656 5060 16180 14984 3136 -17525 END
START -8152 9196 18276 14126 2489 -17770 END
START -9088 13316 19036 14849 2245 -16114 END
START -13448 19388 22636 13281 1333 -14878 END
START -14776 21788 23412 12126 1950 -12075 END
START -14852 23388 24284 10095 -1864 -9285 END
START -12208 24644 25712 7274 -5074 -6653 END
START -12312 24756 27732 5436 -8990 -4335 END
START -9728 22628 27656 1764 -12392 -4266 END
START -7468 19304 26432 -977 -14488 -4114 END
START -4832 15732 24840 -1586 -15786 -2792 END
START -2956 12072 23720 -1176 -16302 -1118 END
START -2572 9724 22128 -1189 -16422 195 END
START -1464 7440 21144 -746 -16817 747 END
START -792 6480 19172 18 -16646 1103 END
START -308 6424 17416 1885 -16623 2202 END
START 2228 6948 15172 3040 -16822 2835 END
START -352 7852 14612 3317 -15939 2368 END
START 1056 7896 12776 3103 -15158 2505 END
START 1540 7824 10984 1827 -13969 2590 END
START 2116 7588 9304 1067 -12948 2599 END
START 1492 7136 8164 550 -11475 2486 END
START 2852 6456 7016 -34 -10039 2255 END
START 3272 6024 6320 -789 -7314 1638 END
START 3420 4752 5176 -744 -5695 1042 END
START 3316 2552 4472 -1238 -4815 753 END
START 2260 -156 4624 -3026 -3688 930 END
START 1824 -888 5400 -2289 -4167 3517 END
START 1264 1232 8204 -424 -4226 6842 END
START 1360 3796 10428 105 -2779 6891 END
START 2252 6088 11360 549 -1505 4991 END
START 2972 6876 12648 1080 -679 2396 END
START 3248 6812 14440 420 814 599 END
START 2640 5816 15560 124 1944 1 END
START 1644 5600 16616 -818 2159 -453 END
START 1528 5924 18148 -216 1216 131 END
START 1360 7512 20228 1063 -413 1485 END
START 1980 10596 21380 2708 -1085 3942 END
START 1068 15176 22680 4486 56 6978 END
START -6036 20080 24732 3176 -1717 9767 END
START -2168 20600 20352 636 425 9785 END
START -2364 18284 19484 -2211 -1851 8848 END
START -2920 15036 17348 -5796 -3545 9004 END
START -2644 11576 14700 -8356 -4680 9799 END
START -1420 7920 13432 -9881 -5093 9874 END
START -404 4712 11796 -9965 -4544 10451 END
START 688 2664 10564 -9220 -3289 10775 END
START 1360 1368 8868 -8301 -1614 11209 END
START 1380 856 7120 -6965 392 12283 END
START 936 984 5124 -6219 2439 12732 END
START 860 900 3108 -6287 4685 12180 END
START 940 -4 588 -6538 6984 11382 END
START 1188 -800 -1684 -6278 8903 11235 END
START 380 -1772 -3860 -6586 11593 10992 END
START -112 -3164 -4208 -6589 13712 10084 END
START -200 -4876 -3024 -8177 15506 7818 END
START -200 -6000 -1992 -9494 18816 5635 END
START 332 -7744 -3516 -8110 21562 5361 END
START -536 -7272 -3300 -7278 25530 4134 END
START -788 -7312 -2100 -5268 27026 3113 END
START -2168 -8484 3280 -5694 25948 -1401 END
START -2188 -10904 8984 -4395 22677 -3112 END
START -1636 -12176 18584 -3146 23459 -2955 END
START -2084 -9076 25812 699 24195 -915 END
START -6292 -2908 32767 -1607 28966 -4755 END
START -9280 -2640 29616 5908 18685 -5070 END
START -11316 1680 32767 5420 23189 -3554 END
START -18664 2996 32767 1309 22642 -4802 END
START -20284 128 32767 114 17720 -5863 END
START -21952 -3864 32756 1817 11801 -4421 END
START -18804 -1020 32064 7542 6022 -1408 END
START -13580 2160 32767 7645 2258 -2165 END
START -9300 2912 31224 9703 2181 -1786 END
START -8380 6044 27700 9371 3294 -1179 END
START -9808 8140 23100 9047 4992 392 END
START -6308 8640 19828 8974 5416 4104 END
START -6196 9116 18832 6685 5189 5344 END
START -4068 7584 18180 3894 2615 6160 END
START -7488 5588 18252 -3001 531 526 END
START -7104 3400 18240 -4405 -1695 -1308 END