START 1192 5512 8628 -748 -11731 6704 END
START 1184 5276 10816 -4121 -9183 5850 END
START 996 4524 9184 -3259 -8668 6636 END
START 504 3408 8784 -4392 -6393 5730 END
START -56 1956 6796 -4193 -4451 5103 END
START -172 1332 5904 -2853 -2925 6035 END
START 100 1860 4976 -1087 -1129 7590 END
START 472 2900 3964 -324 616 8575 END
START 616 3984 4216 273 1755 10031 END
START 700 4492 4468 -468 2922 10974 END
START 520 4572 4608 -2168 4175 11153 END
START 228 4336 4752 -4151 4762 10912 END
START -240 3332 4680 -6314 5523 10348 END
START -152 2336 4584 -7777 6324 9701 END
START -116 1148 5108 -8398 6921 9414 END
START -400 268 5556 -8644 7893 8980 END
START -244 -824 6384 -8581 9284 8211 END
START 76 -1800 6804 -8074 10563 7695 END
START -100 -2888 7192 -7600 12067 7611 END
START -588 -3784 8024 -7594 13511 7552 END
START -1048 -4688 8484 -8056 15309 6981 END
START -3372 -5204 8892 -8263 15576 4741 END
START -1224 -7820 8124 -5523 16986 5954 END
START -2420 -7924 11112 -3228 17944 7433 END
START -2764 -7608 13612 -3250 19692 6141 END
START -3980 -7956 14188 -904 19752 7216 END
START -5992 -6820 15508 -745 21386 6225 END
START -5312 -5936 15544 -706 19892 3735 END
START -3436 -4984 17364 -164 19304 2177 END
START -4092 -4600 19424 1198 19118 1612 END
START -4152 -4788 20928 376 19475 -58 END
START -5960 -4088 22540 494 19186 -1006 END
START -7832 -3984 23316 1546 18604 -701 END
START -9196 -2332 24404 2610 18494 -475 END
START -9040 -1192 23428 3078 17531 234 END
START -8692 1188 24956 5307 15467 1803 END
START -11320 3948 28968 3306 13400 806 END
START -10080 4536 29944 1506 11867 708 END
START -10912 4292 30824 -174 9434 -293 END
START -11376 2408 29996 1979 7694 1640 END
START -12052 3916 31248 294 6073 1037 END
START -10956 4428 30680 1742 4150 1089 END
START -10508 6208 31640 2545 1539 2214 END
START -10724 7428 30780 1271 293 2355 END
START -11176 7620 29640 -64 -1735 3419 END
START -11552 6816 27844 -1993 -3932 4002 END
START -11044 5540 25512 -3564 -6255 4379 END
START -10092 4064 23376 -4503 -8308 4462 END
START -8856 3200 21968 -5003 -10420 4339 END
START -7104 2556 20900 -5381 -11909 3749 END
START -6280 1676 19880 -5489 -11772 3144 END
START -6092 516 18768 -4331 -11220 3747 END
START -6496 -416 17348 -3396 -10383 4205 END
START -6992 -1492 15572 -2762 -9938 4188 END
START -7088 -3372 13852 -2701 -9989 3355 END
START -6612 -5944 13188 -2008 -10222 2229 END
START -6080 -7988 12200 -1742 -10233 811 END
START -5816 -9828 11128 -1192 -9970 -626 END
START -5660 -12084 10556 -397 -9410 -3245 END
START -5288 -14256 10076 671 -8067 -6472 END
START -4532 -15912 9364 3567 -6932 -8477 END
START -3400 -16804 8568 7031 -5758 -9539 END
START -2468 -16392 7968 9982 -3800 -10143 END
START -1732 -14944 7488 12762 -2123 -10383 END
START -1088 -12140 7556 14526 -679 -11303 END
START -692 -9264 8132 16026 498 -12624 END
START -2232 -5076 9788 17232 1748 -13333 END
START -1500 -1264 11444 15416 4295 -16231 END
START -4176 2136 10184 16402 6191 -16255 END
START -6292 5580 12140 17155 7754 -13059 END
START -9008 9372 12892 16854 10222 -9639 END
START -11248 13992 14188 17929 10055 -3574 END
START -12876 16352 15300 14784 7459 -1304 END