START -3764 -3944 11676 -4214 8791 2799 END
START -5260 -5440 12408 -5654 5842 -634 END
START -7480 -9256 13644 -5666 7428 -2446 END
START -8124 -12740 13736 -5107 5553 -5111 END
START -8600 -15496 15040 -1919 6242 -6061 END
START -9524 -17108 16092 2242 4066 -6967 END
START -9544 -15872 17836 4950 4574 -8693 END
START -9172 -15084 17584 7796 4352 -10397 END
START -8836 -13204 17516 10531 3959 -11855 END
START -8412 -10240 17024 13244 4009 -12432 END
START -8388 -6604 17064 15561 4130 -12223 END
START -8092 -1956 16688 16785 4476 -11497 END
START -8248 2848 15924 17432 4224 -10271 END
START -7308 7652 15880 17806 3812 -9631 END
START -8304 11920 15676 16200 3506 -9807 END
START -8800 15500 15712 13769 2710 -9663 END
START -8312 17672 15568 11050 2319 -9305 END
START -8180 19120 15740 7910 1665 -8068 END
START -7436 19624 16352 4275 1142 -7170 END
START -6660 17892 17160 345 103 -6493 END
START -6116 16268 19272 -2739 -1141 -6008 END
START -5932 12976 21520 -5651 -2511 -6696 END
START -7556 9276 24352 -6853 -4099 -7957 END
START -4972 4216 26344 -7316 -6012 -9340 END
START -6904 1648 28208 -4693 -7226 -9493 END
START -6968 -788 29712 -2183 -9233 -9151 END
START -7572 -1644 29148 1316 -10251 -7803 END
START -7252 -1024 28416 4548 -11442 -6917 END
START -6748 -340 26392 7441 -12719 -6482 END
START -5580 1732 25116 10037 -14074 -4899 END
START -5480 4804 23832 11257 -14360 -2894 END
START -5696 7232 22220 10561 -14625 -2129 END
START -5908 8956 19864 8906 -15048 -2143 END
START -7368 9772 17632 8033 -16352 -2492 END
START -5112 10364 15148 6654 -16719 -2962 END
START -3756 11552 14428 6900 -17215 -2207 END
START -3136 12508 13432 6532 -15755 -1097 END
START -3608 13896 11876 5809 -13979 932 END
START -4048 14472 10464 5181 -12945 3363 END
START -3776 14320 10084 1934 -12316 4677 END
START -3324 13264 8904 -1461 -12245 6169 END
START -2972 12152 8336 -5004 -12512 6826 END
START -1608 10264 6476 -7364 -12655 6790 END
START 32 8588 6376 -8088 -12273 6972 END
START 1232 7284 5896 -7902 -10565 7061 END
START 1732 6168 5364 -7317 -8045 7365 END
START 2500 5660 4932 -6991 -5443 8167 END
START 2244 5128 4708 -6748 -3096 9055 END
START 2604 4192 3692 -6936 -868 10565 END
START 2904 4540 2772 -8042 474 10581 END
START 2840 4588 2492 -8659 2408 10681 END
START 2760 4220 2196 -9653 4174 11095 END
START 2688 3732 1992 -10880 5975 11048 END
START 2544 3036 2352 -11824 7801 10895 END
START 1792 2268 2428 -12316 9881 10765 END
START 1072 1492 2732 -12209 11955 10847 END
START 416 560 3200 -12418 14061 10629 END
START -280 -320 3420 -12480 15716 10644 END
START -660 -2008 4396 -12397 17116 10546 END
START -900 -3080 5108 -12535 17398 9496 END
START -1908 -4824 6852 -13643 18197 7447 END
START -3108 -7044 8468 -11002 19751 7100 END
START -2980 -8776 8696 -8032 21771 7579 END
START -3912 -8860 11976 -5457 22262 7113 END
START -4800 -8760 14592 -5995 22534 5494 END
START -6248 -9724 18228 -4885 22221 5293 END
START -10776 -10700 22508 -3737 22108 5207 END
START -9704 -12132 22860 -2055 21120 5086 END
START -11540 -11268 26356 1768 17545 4907 END
START -11516 -7748 29772 7654 13244 5147 END
START -7508 -5268 31636 10693 10801 3611 END
START -11376 -2716 32767 6874 8402 715 END
START -12952 -3904 32767 3003 9387 -3172 END
START -12516 -4120 32767 6290 7457 -2314 END
START -12952 -5416 32244 10270 5597 756 END