START -3708 -7560 14908 -4370 -318 1427 END
START -3920 -9364 16168 -4419 1526 -514 END
START -3672 -11344 15088 -1789 2301 -1129 END
START -3920 -12428 14952 1578 2537 -1550 END
START -4028 -13336 14740 3953 3292 -3164 END
START -4076 -13632 14260 5834 3480 -4907 END
START -3912 -13364 14364 7696 3115 -6518 END
START -3860 -12664 14400 8521 3464 -8609 END
START -4024 -11516 14036 9530 3587 -10862 END
START -3156 -9816 14408 11235 3907 -12823 END
START -3356 -7436 14960 12323 4451 -14154 END
START -4152 -4668 15284 12967 5324 -14392 END
START -5308 -1004 15736 13639 5618 -13925 END
START -6452 2484 16216 14204 6146 -13122 END
START -8320 7424 17220 15000 6116 -11829 END
START -10416 11144 18220 14175 5598 -11508 END
START -11752 13020 18524 11945 4784 -11796 END
START -15732 14684 19752 9306 4411 -11890 END
START -12916 15236 20088 8864 190 -8581 END
START -11072 15252 22712 7778 -2582 -5839 END
START -9440 14320 24752 6001 -5419 -5463 END
START -8800 12036 27864 3724 -8168 -7209 END
START -8260 9216 29236 2213 -9888 -8655 END
START -7800 6708 27776 2222 -10786 -8951 END
START -6944 5588 26356 4576 -12058 -7520 END
START -5892 5820 25120 7084 -13088 -5702 END
START -5576 7816 23292 8688 -13719 -4409 END
START -5452 9452 21056 9439 -14236 -3197 END
START -5456 11188 19196 9597 -14769 -1712 END
START -4864 13092 17128 8848 -14638 -144 END
START -3940 14452 15020 7851 -14261 1460 END
START -2868 15132 13124 6191 -13940 2564 END
START -1700 15728 12136 4028 -13864 3363 END
START -868 15896 11500 2239 -13479 3794 END
START -652 15644 10336 721 -12053 3911 END
START -488 14612 9260 141 -10041 5130 END
START -872 13996 8448 -34 -8384 7432 END
START -1212 13472 7492 -1069 -6745 9364 END
START -1772 12720 6400 -3054 -5801 10376 END
START -1780 11192 5368 -5447 -5456 10404 END
START -1432 9544 4412 -7387 -5125 10232 END
START -900 8096 3980 -8637 -4244 10383 END
START -44 6304 3828 -9413 -2732 10612 END
START 564 4764 3644 -9564 -583 11160 END
START 940 3436 3776 -9516 1448 11651 END
START 980 2288 3744 -9647 3493 11878 END
START 856 1264 4016 -10195 5446 11732 END
START 808 16 4008 -10842 7223 10859 END
START 688 -1120 3876 -11270 8714 9749 END
START 432 -2172 3956 -11534 10441 8448 END
START -52 -2936 3364 -11501 12721 7424 END
START -648 -2576 2988 -11775 14684 5562 END
START -912 -3660 2700 -10145 17149 5044 END
START -1408 -4528 4276 -9132 18986 4196 END
START -2156 -5136 6800 -9704 20545 2025 END
START -3416 -6888 8384 -9052 22052 894 END
START -4012 -7964 9624 -6643 23082 607 END
START -4800 -7296 12200 -4144 23568 158 END
START -6128 -6728 15280 -2442 22513 163 END
START -7608 -5376 19256 -865 20475 1652 END
START -9412 -3808 25112 -23 17872 2526 END
START -9000 -3072 29548 -2103 15214 1366 END
START -8488 -2560 31880 -1915 12416 -448 END
START -10424 -2408 32767 263 13439 -3853 END
START -10852 -1840 31616 5679 10252 -2160 END
START -11440 -4 32767 7536 9329 -2242 END
START -12788 2020 32767 7722 7720 -359 END
START -13260 2408 31028 7033 5619 1116 END
START -14700 3892 30000 7271 1278 1933 END
START -12688 3204 27368 4547 136 1059 END
START -12384 4556 26428 6358 -3525 2165 END
START -4076 4536 24136 2854 -5439 -2080 END
START -6084 3300 24056 2236 -4281 -2475 END
START -5416 3236 20384 2663 -3281 -3033 END