START 4292 5560 13404 2334 -5046 1228 END
START 2928 7048 13236 1326 -3540 1740 END
START 964 9096 13296 2023 -1864 3112 END
START 1636 9984 11708 1893 -1892 3612 END
START 1952 10816 12416 408 -1524 4336 END
START 1800 11236 11864 -1595 -2013 4126 END
START 1876 10416 11828 -3645 -2182 4108 END
START 1584 9172 11420 -5616 -2066 3940 END
START 1220 7752 10676 -6838 -1528 4366 END
START 920 6720 9940 -7370 -761 5245 END
START 760 6048 9180 -7380 162 6419 END
START 816 5496 8356 -7604 1321 7334 END
START 764 4528 7760 -7327 2320 7788 END
START 860 3648 7136 -6786 3104 8125 END
START 1464 2996 7180 -6487 3625 8169 END
START 2124 1940 7284 -7331 4499 7955 END
START 2564 1172 7164 -8587 5440 7847 END
START 2736 344 6776 -9612 6544 7612 END
START 4048 -428 5436 -11252 7553 7202 END
START 3028 -1720 5420 -11425 9530 6776 END
START 2280 -1544 4784 -11209 11754 6987 END
START 1532 -2104 4984 -10906 13710 6482 END
START 696 -3336 5892 -9804 15043 4744 END
START 752 -4160 7180 -8320 15577 3469 END
START 860 -4528 9544 -7696 18754 3015 END
START -288 -4760 9492 -7548 18710 2413 END
START -1116 -3624 9544 -8028 19509 648 END
START -396 -4016 9936 -5140 20725 2778 END
START -1412 -3296 12852 -3811 21875 3063 END
START -1628 -3016 15356 -3829 23584 2668 END
START -1216 -3424 16864 -2773 23364 4073 END
START -6380 -2252 20016 -2218 23185 2303 END
START -6152 -2048 19576 -823 21885 1134 END
START -5424 -2164 21432 138 21295 63 END
START -4920 -1716 22640 2399 20599 1081 END
START -5788 -188 24964 3152 19530 1586 END
START -5928 1156 26024 1663 18631 1112 END
START -7568 1876 27888 948 17159 2048 END
START -7496 2180 29776 156 15196 2528 END
START -9640 3132 29344 -52 14465 2441 END
START -10708 2204 29844 274 11257 215 END
START -10404 2112 31344 344 8892 -896 END
START -10228 1348 32680 -933 6243 -2065 END
START -10080 12 32767 -1618 3163 -2010 END
START -9864 -476 32248 -1347 1260 -584 END
START -9916 496 31248 -96 -375 1471 END
START -9796 1780 30856 662 -1932 2342 END
START -9876 876 31872 -690 -4419 1173 END
START -10156 -392 30764 -1659 -6249 -228 END
START -9552 -2192 28704 -500 -8298 -414 END
START -8780 -3024 27428 757 -10373 -452 END
START -8056 -2760 25860 1814 -11532 -1205 END
START -6552 -1476 23800 3965 -12819 -1309 END
START -4976 324 22588 5504 -13345 -1070 END
START -4108 2208 20484 6412 -12460 -353 END
START -2156 4068 17856 6410 -12966 470 END
START -3080 5744 16460 5192 -10643 862 END
START -3416 6872 13924 3614 -9956 1098 END
START -3508 6024 11896 866 -9803 819 END
START -2440 5544 10364 -818 -10894 1144 END
START -1212 5376 10024 -1627 -11727 3400 END
START -1092 6404 9972 -2744 -10477 5914 END
START -1536 7500 9404 -3800 -9125 8297 END
START -1928 8412 9616 -5221 -7600 9863 END
START -2752 8016 9076 -8041 -5508 10152 END
START -3172 5592 9324 -9800 -4747 9759 END
START -3648 2280 9276 -11765 -4669 8293 END
START -4712 -2368 10364 -11743 -2748 6562 END
START -4968 -7632 10660 -11250 -3160 3314 END
START -4860 -12936 10408 -11207 -5840 -1632 END
START -4904 -16268 10484 -6578 -6260 -5600 END
START -3572 -19500 11844 -4624 -5409 -8074 END
START -2084 -22620 13372 -1057 -3671 -10089 END
START -488 -23904 12992 3002 -2618 -11080 END
START 888 -24124 12684 7108 -1551 -10893 END
START 1528 -23272 13364 11122 -116 -12457 END
START 1840 -19396 12812 15059 1349 -15261 END
START 1496 -14228 13536 18577 2430 -18030 END
START 1052 -8776 13436 20226 4499 -20533 END
START 292 -3308 12688 21264 6487 -21088 END
START -1584 3664 13904 22805 9937 -22708 END
START -5712 6168 10376 19214 9513 -21041 END
START -6048 11828 10760 22939 10274 -15850 END
START -10412 15820 9572 18164 11447 -9817 END
START -13664 20916 9736 15500 10456 -1578 END
START -12828 24308 11996 11810 5120 4320 END
START -11788 24576 12136 2178 1929 3540 END