START -5732 -8308 15560 -2223 3719 -4360 END
START -7324 -10708 15508 -1468 4563 -6842 END
START -8448 -12560 15004 398 4546 -8698 END
START -9132 -14104 13984 2675 3872 -10448 END
START -8688 -14892 13480 5201 3143 -12167 END
START -7688 -14544 13404 8045 2829 -12781 END
START -6408 -13032 14088 10581 2468 -13243 END
START -5388 -10564 14668 12328 2727 -14699 END
START -5096 -8284 14984 13037 3391 -16379 END
START -5424 -5556 14856 13339 3226 -17754 END
START -5548 -2184 15488 11566 3864 -20665 END
START -6428 1164 15400 12146 3339 -21962 END
START -5740 3788 17180 11393 509 -23796 END
START -4912 7084 19080 12976 -106 -22610 END
START -5632 11780 20788 15469 667 -19108 END
START -9020 16916 21344 16002 3064 -15589 END
START -8352 21804 18852 14604 3688 -13132 END
START -9612 23388 17900 13859 2098 -10098 END
START -8300 24084 16940 10372 11 -8150 END
START -7024 23600 16936 6000 -2121 -7137 END
START -4372 21700 17616 2250 -4658 -6264 END
START -2064 19564 18456 -705 -4549 -5912 END
START -520 16944 18800 -1505 -3758 -4704 END
START -4 14636 18664 -2079 -2459 -3002 END
START -428 12524 17964 -1948 -1358 -850 END
START -1468 11048 16620 -1953 -712 354 END
START -1912 8844 15772 -2633 -992 722 END
START -2140 6944 15020 -3525 -1801 1585 END
START -2316 5252 15108 -3688 -2976 2672 END
START -2276 3836 15664 -4414 -3411 2342 END
START -1896 2192 15376 -4448 -3240 1956 END
START -1928 1156 15212 -3363 -2825 1485 END
START -1764 652 14856 -2037 -1930 1057 END
START -1704 596 14512 -612 -1143 822 END
START -2016 620 14532 -259 -134 156 END
START -2284 376 14160 431 306 -532 END
START -1868 524 14860 1077 92 -1064 END
START -1840 1268 14956 1664 656 -631 END
START -2944 2664 14936 1858 2032 108 END
START -5296 2892 14956 934 2823 473 END
START -6468 2896 14448 2274 546 2067 END
START -6188 4728 15852 3151 -1582 3596 END
START -5340 6812 17084 1763 -2376 2556 END
START -4360 7304 18612 747 -2150 741 END
START -3204 6732 19244 10 -2255 -1075 END
START -2812 6192 19872 -387 -1821 -1884 END
START -2912 5768 20228 -790 -1203 -2125 END
START -3404 4928 21048 -538 -1456 -1930 END
START -4240 4484 21292 -509 -2503 -1416 END
START -4692 3756 20520 -507 -3428 -371 END
START -4700 4440 20940 379 -4855 1475 END
START -3032 6320 21952 1010 -5844 1996 END
START -2180 6652 22364 722 -6266 1666 END
START -1136 6356 20904 -76 -4070 -360 END
START -608 8188 21440 1486 -1619 1770 END
START -2792 8484 22088 1377 536 2593 END