START -3032 -1608 12508 -2932 3452 2871 END
START -5152 -2188 13304 -2973 4145 3462 END
START -6484 -3392 13044 -3006 4445 2644 END
START -6100 -4172 13308 -2206 3813 2043 END
START -7440 -5132 14528 -1749 2398 -271 END
START -7096 -7008 15356 -1097 1704 -2538 END
START -6372 -8980 15996 -469 1223 -4872 END
START -5760 -10464 16780 1232 1153 -6478 END
START -4968 -11336 17196 3659 1957 -7656 END
START -5500 -11468 17448 5961 3015 -8617 END
START -6388 -11580 17488 7903 3689 -10288 END
START -7252 -11096 16892 9963 3806 -12020 END
START -7900 -9552 16004 12019 3298 -12947 END
START -8200 -7012 15628 13548 2507 -13373 END
START -8820 -3596 16056 14907 1591 -13781 END
START -9592 880 15700 15553 1087 -13477 END
START -9948 5340 16048 15456 723 -12904 END
START -9328 9012 16108 15128 647 -12731 END
START -6864 11204 16360 13970 285 -12734 END
START -6552 13928 15608 13537 80 -11760 END
START -6732 14768 17212 13325 1165 -9815 END
START -7420 16196 17164 10918 1262 -8356 END
START -7364 16860 16804 7714 553 -7324 END
START -7736 16828 17452 5261 -1000 -5815 END
START -5628 16888 18908 2499 -2971 -5376 END
START -6628 15940 22064 782 -5167 -5675 END
START -6180 13352 25740 -1014 -7714 -6708 END
START -7428 9160 28220 -2286 -9527 -7848 END
START -8148 5228 31236 -1189 -11433 -7782 END
START -7176 2172 29796 676 -11776 -6146 END
START -7560 3020 27876 6503 -13070 -2258 END
START -7252 6372 26600 10570 -14253 -493 END
START -6252 9448 24376 12458 -15718 264 END
START -6192 11656 21996 12556 -15880 1118 END
START -6252 14176 18416 11557 -15110 2857 END
START -6296 15472 14548 10280 -14800 5036 END
START -5736 16184 11528 7756 -14775 6589 END
START -3444 15632 11532 5774 -15986 7647 END
START -2664 15032 10356 2301 -16610 7323 END
START -608 14280 9912 -783 -15464 7772 END
START 68 13160 8676 -2122 -14129 8456 END
START 512 12424 8000 -3321 -12645 8683 END
START 1004 10208 7800 -4539 -10953 9327 END
START 832 8872 7596 -6038 -10788 9051 END
START 636 6904 7760 -7024 -9643 9067 END
START 860 4792 6900 -7880 -8523 8820 END
START 1388 3120 6520 -7383 -7382 8970 END
START 2036 2196 5760 -6268 -6164 9403 END
START 2220 1872 5304 -5330 -4399 9500 END
START 2764 1996 4928 -4466 -2278 9546 END
START 2728 2632 4684 -4416 -64 9052 END
START 2544 2964 4276 -4566 1887 8529 END
START 2360 3172 3628 -5083 3751 8121 END
START 2236 3200 2728 -5946 5419 7594 END
START 2160 2680 2108 -6874 7264 7299 END
START 1612 2532 1876 -7473 9213 7389 END
START 1024 2396 2004 -8344 11509 7353 END
START 376 1664 2100 -9248 13264 7341 END
START -248 1016 3356 -10473 14812 7587 END
START -1140 -52 4328 -11411 16350 7547 END
START -1996 -536 5572 -11274 18088 7058 END
START -3088 -752 6912 -11860 19911 5747 END
START -4012 -1808 7696 -12362 21549 4786 END
START -4796 -1732 10064 -14202 20848 1802 END
START -5420 -4384 9932 -13361 21368 2307 END
START -5236 -6628 11824 -14508 22722 1666 END
START -6284 -8972 14476 -12892 22832 1203 END
START -7616 -9060 16116 -11636 22298 -705 END
START -7480 -8624 17124 -6638 21017 -1029 END
START -6416 -7792 19292 -2064 21147 835 END
START -6584 -6576 23072 1784 21498 2374 END
START -10896 -5664 27448 2159 19510 865 END
START -11536 -4892 29064 3241 17614 579 END
START -11916 -3804 30120 4399 14701 817 END
START -11084 -1072 32767 5678 11628 -28 END
START -9816 1192 32767 8075 8895 -761 END
START -9972 2580 32767 6426 4433 -4089 END
START -9328 3948 32164 7462 8144 -4154 END
START -12952 4488 32212 7797 6644 -2400 END
START -14100 3564 30340 4648 5135 -2926 END