START 4348 5784 19376 2469 -10340 -2093 END
START 5036 6744 22468 3796 -10264 -711 END
START 3008 7344 25196 2379 -8352 -1239 END
START 1104 7196 24304 1189 -6322 -1506 END
START -1212 6748 21884 1806 -6365 -729 END
START -2556 6144 18660 2925 -7675 934 END
START -1820 7780 17984 5037 -9389 3337 END
START -200 10472 17568 5302 -10784 4352 END
START 1328 11864 16212 4520 -10202 4891 END
START 2328 12968 13688 4787 -9203 6782 END
START 2320 14360 11928 4191 -7448 9312 END
START 2328 15200 9552 1970 -4762 11228 END
START 1216 14964 8000 -454 -2639 11917 END
START 356 13940 5136 -3097 -1285 12077 END
START -148 11564 3160 -6168 411 11628 END
START -716 9148 1280 -8764 1287 11255 END
START -864 7076 152 -10401 2279 11598 END
START -1144 4476 -380 -11818 4235 11785 END
START -1908 2432 -948 -12504 6437 12007 END
START -2676 60 -1256 -12320 8244 11505 END
START -2852 -2236 -740 -12750 9570 10334 END
START -2796 -4472 -400 -12476 10821 9845 END
START -2292 -5888 8 -11228 12740 9858 END
START -1768 -6304 516 -9334 14960 9770 END
START -1740 -6232 896 -7790 17499 9447 END
START -1864 -6112 2720 -7034 19237 8782 END
START -2428 -6416 4064 -7287 20412 6997 END
START -3124 -6940 5848 -8541 19157 3175 END
START -3204 -11056 8908 -9255 19400 67 END
START -3320 -12648 11652 -5586 20674 381 END
START -4240 -13040 15140 -2743 22007 -264 END
START -4164 -12488 15616 1803 23291 2233 END
START -4992 -9972 17408 5623 23689 3714 END
START -4368 -6080 18860 5364 25898 1280 END
START -4692 -4008 20780 9974 25059 1779 END
START -5708 -1284 24284 8722 24725 -336 END
START -6588 140 25384 6674 24882 -2425 END
START -9912 2544 25384 6151 23256 -2910 END
START -11988 3996 24664 5609 21919 -2867 END
START -12224 6016 24640 5234 19599 -2135 END
START -12424 9120 25872 4187 17318 -693 END
START -12004 10624 28808 2444 14624 -310 END
START -12024 9800 31328 -2372 12530 -2147 END
START -12036 8740 32228 -4906 10261 -3043 END
START -13100 5564 31824 -5560 8750 -1301 END
START -14212 4804 32767 -5784 6233 710 END
START -13484 3788 31460 -4568 3140 1990 END
START -12276 4320 31244 -3473 -181 4136 END
START -10856 6108 30972 -3763 -2505 4406 END
START -10104 6992 29964 -3411 -4684 4713 END
START -9680 7576 28048 -4750 -5635 3825 END
START -9372 6312 24912 -6065 -6898 3707 END
START -9036 5484 22476 -5462 -8862 5320 END
START -7860 4984 20420 -5771 -9696 6490 END
START -6568 4936 18920 -5981 -10674 7346 END
START -4612 5464 18568 -5453 -11933 7980 END
START -3224 6036 19288 -6161 -11764 8011 END
START -4152 6024 18828 -7118 -10594 7705 END
START -6432 4728 17312 -7796 -9929 6749 END
START -7940 2096 15696 -8497 -10195 5561 END
START -8620 -932 13428 -8620 -10538 5205 END
START -8888 -4248 11776 -8142 -11245 4802 END
START -8756 -7304 11256 -7718 -11996 3529 END
START -8260 -10640 10580 -7498 -12573 1184 END
START -7628 -12856 10744 -6632 -12547 -1865 END
START -6332 -15668 10228 -4493 -11270 -5249 END
START -5952 -16928 10108 -2289 -9920 -8161 END
START -4420 -19060 9612 1363 -7163 -9644 END
START -4028 -19568 9252 4710 -4581 -9701 END
START -4368 -19760 8352 7666 -2313 -10569 END
START -5116 -19780 7688 10153 -1743 -10958 END
START -5712 -17896 7384 13471 -1895 -10464 END
START -5888 -15052 8280 14100 -1492 -11827 END
START -6316 -11952 7864 12874 -970 -15286 END
START -6140 -9176 7860 11986 -906 -19461 END
START -5652 -6940 8180 11738 -497 -23078 END
START -5256 -3848 8424 12436 1635 -24214 END
START -5872 368 7908 15169 3615 -21018 END
START -6036 5944 8360 18062 4982 -15913 END
START -6816 13620 9952 20097 5845 -10324 END
START -7916 20344 12264 20746 6584 -6075 END
START -8836 25004 13388 17732 6998 -4921 END
START -11436 27084 14088 11778 7043 -5465 END
START -8768 24696 12036 6232 4444 -5142 END
START -8444 21004 11868 1836 1578 -3815 END
START -5044 18916 14544 -134 -1123 -2657 END
START -904 15920 16340 -2769 -1644 -3325 END
START 804 12700 18452 -3749 -1365 -2606 END
START 1008 10048 19384 -5184 263 -2272 END
START -176 7508 19772 -4976 1944 -1134 END
START -932 5800 18896 -2532 3530 1112 END
START -3028 3868 18076 -1801 5244 1749 END
START -4272 2908 16404 2 6665 2558 END
START -5420 2048 15192 1350 6870 3250 END
START -5524 3332 13788 2275 8085 3836 END
START -6232 3992 16012 2571 8417 3895 END
START -4864 2088 15616 2318 7156 3499 END