START -6540 -17996 16600 2445 7089 -7169 END
START -7600 -19264 15324 5984 4621 -7501 END
START -9424 -19096 16348 9212 3824 -8352 END
START -10676 -17468 17120 12280 2813 -9492 END
START -11188 -14628 16464 14656 1372 -11599 END
START -10008 -10740 16916 16562 -269 -13255 END
START -9960 -6320 17576 16585 -234 -14870 END
START -9528 -2052 17356 16257 462 -15972 END
START -8508 2220 16596 16490 861 -15730 END
START -9172 6180 15448 15895 1876 -15657 END
START -7852 9452 13752 15179 2398 -14172 END
START -7336 12896 14584 14203 1505 -11512 END
START -7780 16480 14944 12471 1189 -9545 END
START -7936 19044 14168 9360 1132 -8136 END
START -7492 20056 14344 4357 1975 -8356 END
START -7648 18760 13944 466 1728 -8197 END
START -6700 16304 13548 -2630 514 -7708 END
START -4776 14408 15968 -5201 -1495 -7432 END
START -1128 11856 18500 -7632 -2882 -8396 END
START -2320 9412 22804 -6893 -3794 -9595 END
START -3692 6668 24088 -5810 -3278 -10508 END
START -5220 3476 25828 -3749 -3690 -10080 END
START -7628 1644 26044 -87 -4468 -7466 END
START -8184 2320 25388 4182 -5936 -3439 END
START -7604 4524 25832 7077 -7841 -791 END
START -6736 7408 25612 8431 -9959 -585 END
START -5820 9572 25684 9078 -11306 -593 END
START -5076 10664 24324 8663 -11187 268 END
START -4744 11300 23548 7894 -11289 2671 END
START -4676 11236 21136 5949 -11239 4418 END
START -4220 11052 19400 4812 -12398 5962 END
START -3668 11412 17948 2869 -13401 5631 END
START -2448 11444 16328 2102 -14003 5099 END
START -3256 12072 15420 2124 -13805 5507 END
START -1624 11292 12936 1562 -12990 6412 END
START -1944 10984 12368 558 -12012 7294 END
START -2772 10300 11376 -815 -10479 7718 END
START -2692 8640 9224 -1430 -9748 9133 END
START -1744 7544 7664 -3597 -8898 9454 END
START -848 6128 6176 -4831 -7683 9590 END
START -588 4792 4924 -4975 -5983 9952 END
START 724 3540 4128 -5675 -3791 9911 END
START 1864 2116 2828 -5860 -1258 10714 END
START 784 1984 2348 -5621 857 11627 END
START 60 1876 1528 -5964 3106 11891 END
START 1120 1496 596 -7291 4785 11131 END
START 552 1088 796 -8748 6838 9501 END
START 944 168 464 -9291 8545 8564 END
START 696 -468 656 -10294 10148 7440 END
START 448 -1388 308 -10845 12142 6458 END
START -192 -1792 364 -10889 14601 5953 END
START -1112 -2076 464 -10534 17504 5101 END
START -1724 -2412 912 -10105 20590 4063 END
START -3952 -1960 1232 -10171 22375 2841 END
START -3832 -3688 2128 -9460 24651 3512 END
START -6568 -4300 6000 -8436 25490 4527 END
START -7812 -5836 7136 -8095 26833 4727 END
START -10928 -6876 11020 -6728 25145 4054 END
START -11908 -7864 14620 -6280 21361 3495 END
START -12596 -7424 21840 -3328 16183 2965 END
START -13116 -7472 28560 1137 14323 5195 END
START -11284 -8004 32767 1840 11050 1987 END
START -11420 -10304 32767 -846 15790 -4091 END
START -14380 -10864 32767 5504 11739 -1788 END