START -5672 -10000 13916 -514 4144 -3079 END
START -6476 -12352 15712 -672 4500 -6702 END
START -6720 -15104 15176 1362 3693 -9698 END
START -7688 -16624 15960 4981 4122 -11085 END
START -7200 -16028 16096 9208 2897 -11030 END
START -6892 -14136 16944 12400 3209 -11022 END
START -7108 -10212 17252 15384 3097 -11672 END
START -7916 -5512 17908 16785 3265 -12742 END
START -9292 -1032 18108 16486 3471 -13626 END
START -11172 2588 17604 15145 3081 -15154 END
START -11604 4844 16860 13998 2200 -16458 END
START -11912 6388 16828 14458 659 -15986 END
START -11528 8816 17416 14904 -933 -14021 END
START -11496 10604 18488 14661 -493 -11708 END
START -12020 13092 17772 14352 -996 -9469 END
START -11592 15008 17220 13119 -1947 -8147 END
START -10196 17108 17376 10667 -3613 -7747 END
START -7832 17788 18588 7668 -5808 -7827 END
START -6400 17368 20644 4281 -7307 -8150 END
START -6100 15428 22604 1885 -8274 -8249 END
START -6600 13604 23740 1276 -8747 -7080 END
START -7484 12840 23536 1774 -8706 -4437 END
START -7692 13304 22868 2762 -9482 -1669 END
START -7232 13752 22536 3071 -10917 130 END
START -6620 14108 22744 2262 -12501 742 END
START -6304 13808 22984 887 -14118 629 END
START -6544 11856 23440 -71 -15581 84 END
START -6432 9952 23384 -579 -16697 499 END
START -6448 8784 21752 502 -16894 2652 END
START -5940 8744 19416 2726 -17377 5330 END
START -4912 9580 17384 3918 -18511 6387 END
START -3860 10196 15024 3427 -18522 6300 END
START -3240 10832 12464 3796 -18619 6703 END
START -1600 11388 10608 2391 -18174 7255 END
START -1764 11616 8928 451 -16643 7413 END
START -396 10628 7456 -303 -15544 8276 END
START 208 9552 5732 -2017 -13894 9338 END
START 1188 8520 4724 -3010 -11839 11076 END
START 2184 7460 3312 -4663 -9253 12266 END
START 3268 6328 2676 -5903 -7060 13088 END
START 3884 5472 2108 -6708 -4948 13101 END
START 3736 4692 1924 -7369 -2426 13059 END
START 3376 3908 2440 -7611 -2 12634 END
START 2556 3472 2960 -7847 2160 11897 END
START 2016 2716 2784 -9171 4239 10185 END
START 1844 1152 2820 -10132 5966 8990 END
START 1536 76 2812 -11136 7752 8521 END
START 968 -1408 2536 -11750 9148 8295 END
START 784 -2696 2304 -11944 10219 8550 END
START 312 -3032 2704 -11915 11309 8697 END
START -152 -2860 2976 -11674 12741 8175 END
START -464 -2696 3496 -11313 14927 6880 END
START -988 -2496 5328 -11466 17128 5394 END
START -2224 -1944 5068 -12413 19038 3385 END
START -1624 -5192 6304 -12321 21559 2352 END
START -2692 -6300 8732 -11147 23091 2832 END
START -2816 -8256 10312 -9332 24217 4134 END
START -5100 -8000 14252 -5832 24476 5685 END
START -7060 -6776 15956 -3994 24272 4821 END
START -8264 -5440 20976 -1629 22660 3353 END
START -9188 -3876 25128 520 19982 2419 END
START -10944 -1944 28940 1396 18179 -136 END
START -9232 -2568 32304 1886 15191 -1544 END
START -9992 -2352 32767 582 14181 -1702 END
START -11020 -3292 32767 2195 14245 -316 END
START -10596 -2248 32688 4619 14495 1679 END
START -12628 -1572 31020 6973 11575 3840 END
START -10648 1352 28928 6794 6889 4459 END