START -4892 -8188 15100 -5156 3655 -1376 END
START -6656 -10328 17064 -1939 3552 -2653 END
START -7684 -11912 17472 -983 4298 -4593 END
START -8540 -13376 18124 1458 3069 -5885 END
START -8428 -13836 18464 3931 2544 -6597 END
START -8772 -12840 18496 6511 1898 -7551 END
START -7668 -12060 18868 8350 1556 -8866 END
START -8188 -10548 19368 9802 259 -10225 END
START -8352 -8384 18972 11275 -210 -11730 END
START -8252 -5932 18036 12146 -794 -13398 END
START -8036 -3624 17512 12331 -1378 -15053 END
START -8032 -976 17008 12622 -2006 -15696 END
START -7668 1716 16572 13117 -2146 -15019 END
START -7084 5416 16112 14181 -2406 -12829 END
START -6652 9692 16132 14819 -2564 -10384 END
START -6292 13528 15408 14532 -1899 -8790 END
START -6052 15832 14032 12124 -770 -9900 END
START -6460 17132 12180 9590 -688 -9964 END
START -5940 17620 11472 7655 -692 -8482 END
START -5328 17740 11188 5975 -636 -6389 END
START -4144 17480 12152 3207 -663 -4785 END
START -3284 16936 13272 359 -680 -3513 END
START -2672 15676 15012 -2080 -695 -2977 END
START -3200 13188 18592 -4846 -1558 -3980 END
START -4492 9460 22696 -6814 -2841 -5313 END
START -5972 5428 25528 -8032 -4143 -8347 END
START -7224 616 27120 -5063 -6216 -7575 END
START -6600 -1120 27924 -1049 -6757 -5736 END
START -7164 -232 27964 4368 -8271 -2400 END
START -7440 2272 28204 7852 -9529 -393 END
START -8096 4956 27340 9687 -10873 108 END
START -7072 6276 28104 9047 -12926 -124 END
START -6264 6496 26556 7008 -14173 -728 END
START -5164 6548 24648 7210 -15214 256 END
START -4800 7580 22628 8428 -16055 1585 END
START -4208 8992 20372 8156 -16406 1071 END
START -3284 10356 18052 8209 -16780 756 END
START -2944 11984 15292 7870 -16111 1418 END
START -5276 12960 13736 7800 -15628 2725 END
START -1568 13404 12040 5268 -14297 1880 END
START -920 12608 10496 2330 -14130 2524 END
START 824 11240 9504 72 -14093 3504 END
START 1520 10656 9192 -2353 -13303 4055 END
START 2488 9616 8000 -3030 -11753 6060 END
START 3320 9224 7068 -3887 -9903 7656 END
START 3032 8728 6060 -5275 -7586 7965 END
START 2196 8072 5032 -6522 -5409 8283 END
START 1752 7132 3932 -7976 -3147 8645 END
START 308 6232 3700 -9332 -1369 8276 END
START -976 5172 2952 -10699 -39 7604 END
START -2280 4248 2428 -11713 1031 7420 END
START -2912 2812 1652 -12266 1625 7393 END
START -2880 1888 1132 -12206 2099 7633 END
START -2268 1352 1396 -11271 3081 8639 END
START -1816 1228 1452 -10135 4722 9789 END
START -1348 1200 1612 -9083 6771 10459 END
START -456 1300 1824 -8214 8735 10778 END
START 100 1468 2440 -7955 10375 11057 END
START 588 1088 3580 -8475 12201 11151 END
START 712 592 4344 -9250 14243 10854 END
START -84 0 5404 -10034 15954 10692 END
START -1080 -576 5888 -10557 17437 10539 END
START -2344 -1304 6260 -11101 18845 9303 END
START -3496 -1688 6452 -10521 18439 7221 END
START -3352 -4876 8644 -10145 19457 5147 END
START -3704 -5636 12872 -8534 19949 4472 END
START -3840 -8528 13388 -6752 22409 4818 END
START -4560 -9384 16204 -4986 22693 5074 END
START -5864 -8156 17648 -3821 21813 4247 END
START -4544 -8012 19600 -383 20844 4795 END
START -6964 -7080 24464 1968 19365 4541 END
START -8392 -7380 27068 1256 18582 2018 END
START -9800 -8196 28996 1200 16751 -57 END
START -10524 -6692 30644 3349 14531 -1424 END
START -11148 -6068 31968 5917 12470 -1236 END
START -10120 -3544 32152 7862 10846 -669 END
START -10168 -904 31440 9345 8869 310 END
START -11548 1160 32100 9454 6726 172 END
START -12316 2672 32224 6412 5592 -182 END
START -13880 3348 29756 4638 4524 -696 END
START -13308 3048 27956 5630 2977 171 END
START -14336 2892 26156 4984 -579 -492 END
START -11320 2196 23996 4991 -2297 -598 END