START 5088 11044 12848 1066 -11064 1614 END
START 3132 12324 12224 1859 -10423 4487 END
START 2352 14060 11248 -292 -8217 4977 END
START 1344 13976 10640 -3603 -6072 4057 END
START 988 12708 9224 -5928 -4378 4156 END
START 968 11140 7952 -7479 -2726 5251 END
START 1116 9576 6780 -9807 -1196 5630 END
START 1396 7760 6020 -12791 -288 5128 END
START 2236 5708 4748 -15152 391 4974 END
START 3112 4556 4832 -16158 5185 6249 END
START 484 3860 4384 -16651 5990 6527 END
START -700 2828 3064 -15262 7454 7206 END
START -2564 2804 3264 -13335 9069 6857 END
START -3860 2740 3232 -12123 10531 5905 END
START -5060 2048 2816 -11443 12057 5276 END
START -5636 1448 2652 -11447 13123 4646 END
START -5772 540 1916 -12313 13557 3629 END
START -5464 -60 876 -12313 15183 4324 END
START -5596 -436 432 -11746 16712 5138 END
START -5532 -952 1452 -11840 17891 5308 END
START -6532 -1808 2140 -12883 18679 4254 END
START -5232 -3808 2400 -11691 20312 4293 END
START -5472 -3992 5980 -10315 21733 4262 END
START -4664 -4140 8384 -8885 23334 4102 END
START -4672 -3456 11104 -4715 23663 7542 END
START -4784 -204 16616 -3926 23771 9051 END
START -6408 2220 20952 -2467 21684 9854 END
START -2272 3152 27672 -1477 18014 10138 END
START -4628 5676 32767 -5495 20121 5820 END
START -6564 6624 32767 -2723 15994 6474 END
START -7144 8344 32767 -5929 15930 5509 END
START -11168 7096 32767 -7278 14896 5693 END
START -13640 5908 32767 -7541 9326 8699 END
START -14884 4420 32767 -9727 5516 8790 END
START -16268 2764 32767 -10601 956 8377 END
START -15444 516 32767 -7270 -3399 10322 END
START -16644 -1828 32767 -12378 -7110 4343 END
START -16312 -6996 32767 -13161 -12091 -204 END
START -14660 -11996 28416 -12169 -15173 -4292 END
START -10704 -16432 22200 -5315 -16455 -3767 END
START -8452 -16332 19604 2245 -17193 -370 END
START -9164 -14452 15924 6519 -14505 1307 END
START -7236 -16472 13624 6638 -14999 -2725 END
START -8112 -17388 11036 6576 -14054 -6161 END
START -6708 -19648 8184 10314 -13678 -8982 END
START -7364 -18920 5048 13468 -11951 -12278 END
START -6464 -16884 2744 17448 -9929 -15036 END
START -3920 -14456 1552 19194 -9240 -17591 END
START -136 -10748 1088 20032 -8137 -18433 END
START 1344 -6204 2068 21481 -4364 -17870 END
START 944 536 3444 23278 -1205 -17907 END
START 604 6340 5168 25243 2400 -16544 END
START -624 11352 2632 19986 8973 -13813 END
START -2568 17516 4968 21124 14829 -5534 END
START -8016 20516 5496 16404 14573 1815 END
START -12724 25124 7448 13910 12286 5300 END