START 564 12720 17632 7685 -14411 -1908 END
START -364 14656 16260 6024 -13578 -1845 END
START -464 16872 14084 6084 -13232 163 END
START 460 18036 14284 4536 -13297 2101 END
START 652 19176 14016 2912 -12133 4460 END
START 4 19580 13272 813 -10505 7419 END
START -892 18920 11636 -1549 -9141 9141 END
START -1380 17620 9432 -4511 -8106 10219 END
START -1696 15860 7796 -6968 -7717 11008 END
START -1980 13692 6364 -9059 -6770 11564 END
START -2000 11188 4824 -9726 -6241 11894 END
START -1656 8668 3784 -9422 -5044 12107 END
START -1760 6684 2696 -9416 -3063 12572 END
START -1372 4900 1172 -9047 -1366 13170 END
START -1324 3384 148 -9403 1065 13626 END
START -1480 2372 -904 -9697 3014 14125 END
START -1512 1000 -2204 -10122 4767 14214 END
START -960 -408 -3324 -9891 6362 14323 END
START -32 -1932 -3096 -9897 8222 14011 END
START 480 -3460 -2964 -10520 10809 13043 END
START 716 -5212 -2648 -10381 13257 11924 END
START 1032 -6396 -1556 -10128 16138 10297 END
START 1352 -7644 -1188 -9633 19347 8264 END
START 980 -8700 -648 -8191 22272 6744 END
START 332 -9168 476 -7159 24448 5402 END
START -1376 -10084 2476 -6517 26872 4151 END
START -1880 -10156 5200 -6292 28174 853 END
START -3040 -11460 7884 -1617 28472 2019 END
START -3360 -10736 12828 1270 32059 4252 END
START -6356 -7664 19000 3165 31544 4358 END
START -12516 -4504 25256 -339 32767 1552 END
START -11420 -2748 29640 975 28093 574 END
START -13736 -2536 32767 1220 22968 280 END
START -17860 2000 32767 1210 21063 -2181 END
START -17492 4064 32767 2031 14963 -4388 END
START -16224 6672 32767 3643 10754 -5967 END
START -13272 7520 32767 3044 9336 -5632 END
START -10784 7644 32767 3706 8780 -1389 END
START -12572 8816 32767 2993 5950 3569 END
START -13904 8184 32767 2122 3435 4381 END
START -13764 7100 32767 -113 -315 5259 END
START -13484 7328 31856 -2953 -5534 3175 END
START -9832 5208 29044 -4219 -9622 1612 END
START -5604 4092 28184 -3221 -12195 2346 END
START -3792 5060 27796 -2516 -12142 2831 END
START -3864 6004 25156 -1848 -10529 4147 END
START -4836 6880 21820 -431 -9225 6980 END
START -5800 7048 19332 -540 -8813 8493 END
START -6304 6596 16768 -2006 -9282 9596 END
START -5676 6180 15416 -3695 -11031 9916 END
START -4768 5808 14240 -5696 -12924 8476 END
START -3108 5436 13872 -6938 -14357 6765 END
START -1984 4180 13156 -8059 -13151 5809 END
START -1792 3040 12340 -8132 -10826 5959 END
START -1508 1188 10752 -7199 -9838 6364 END
START -2208 36 10480 -6956 -8384 5963 END
START -1872 -2312 9096 -7010 -7269 5161 END
START -2540 -4496 8324 -7270 -6526 4138 END
START -2812 -6800 7684 -6840 -5924 3584 END
START -3808 -7536 6572 -6356 -6345 2754 END
START -4284 -8840 7656 -6190 -5409 2055 END
START -4532 -10524 8336 -4603 -4582 518 END
START -4928 -12208 9024 -4363 -3587 -2413 END
START -4556 -14788 9032 -3150 -2486 -5040 END
START -4340 -17812 9416 -1580 -1016 -7203 END
START -4168 -19724 9164 718 734 -9320 END
START -4364 -20612 8772 3996 2257 -10692 END
START -4888 -19972 8956 7414 3028 -12048 END
START -5024 -18572 9364 10009 3603 -14599 END
START -4980 -17172 9572 12176 4025 -17775 END
START -4428 -15268 10260 13533 4227 -20923 END
START -4408 -12776 11156 14188 4656 -23033 END
START -4744 -8728 12364 14760 5200 -23049 END
START -5312 -1948 14488 17227 6376 -21560 END
START -7012 4676 14584 16878 8363 -20291 END
START -7272 11388 15892 19890 8063 -17265 END
START -9396 17352 16916 19112 8957 -15552 END
START -11624 22668 16404 16871 9142 -12391 END
START -12876 27196 16368 14501 7714 -7595 END
START -9216 27268 15408 8207 5691 -6275 END
START -10504 25288 16488 1596 2749 -5831 END
START -6528 21880 16068 -1037 -391 -4341 END
START -3124 18796 17824 -3556 -2223 -5331 END
START -832 14552 18516 -4509 -1880 -6391 END
START 88 10260 20632 -4016 -1366 -5317 END
START -404 6776 20136 -3152 315 -3703 END
START -820 4536 18908 -616 1815 -51 END
START -2284 4260 17936 1258 3026 2413 END
START -2132 3444 15716 3258 2990 2807 END
START -2012 3416 15100 3478 3406 2497 END
START -2580 3744 14400 3207 5074 2508 END
START -2616 3744 13592 4261 6460 3490 END
START -4540 4260 13952 6049 5224 5309 END
START -1892 5364 14492 5123 6487 4688 END
START -1484 4572 15268 2190 6477 2298 END
START -1836 2728 14360 -92 7159 1008 END
START -1576 2704 14872 -117 7207 651 END
START -4064 2004 14948 267 7852 1685 END
START -5340 2608 15160 -337 7371 725 END