START 4128 6056 14604 1498 -4113 -428 END
START 3424 5960 15836 239 -3155 -249 END
START 2436 6028 15336 -84 -2620 665 END
START 1256 6536 15004 596 -2208 1955 END
START 376 6936 13480 1114 -2229 2682 END
START -76 7700 12148 1572 -1638 2738 END
START 28 8792 12888 1940 -1249 2803 END
START 1404 8856 12576 1523 -1878 3774 END
START 2156 9664 13788 259 -1956 4739 END
START 2156 9556 13736 -1340 -1048 4790 END
START 1768 9512 12812 -1632 -598 5491 END
START 1044 9272 12684 -2084 581 5902 END
START 208 8828 11808 -2275 1840 6673 END
START -460 8276 11024 -2793 2722 7608 END
START -708 7112 10296 -4405 3258 8182 END
START -652 5492 9332 -6503 3354 8769 END
START -420 4172 8516 -7730 3213 9384 END
START -276 2720 7924 -8608 3342 9307 END
START 300 1388 7736 -9215 4006 8598 END
START 1068 456 7312 -9379 5354 8164 END
START 768 -472 5968 -8891 7758 7609 END
START 408 -1044 5116 -7493 9916 6839 END
START 376 -1592 5360 -6900 11421 6213 END
START 200 -2636 6552 -7938 12589 5405 END
START -308 -4528 6536 -9554 13885 4746 END
START -1412 -5636 6516 -9795 14845 4910 END
START -1804 -5008 7328 -9031 14607 3849 END
START -776 -5436 7320 -6226 16219 5462 END
START -2048 -3364 7848 -4362 18541 5893 END
START -2436 -2792 10624 -4530 19158 4099 END
START -2592 -3504 13072 -5853 20466 2450 END
START -2936 -5268 14992 -5848 21535 2178 END
START -5380 -5496 16376 -3567 22664 2990 END
START -4956 -4388 16416 -1578 21216 3334 END
START -4072 -2784 18316 880 21124 3716 END
START -5120 -784 20228 1756 21761 3032 END
START -5584 544 22356 1597 19834 1761 END
START -6860 1544 24808 -1415 19706 -1182 END
START -5968 1396 25196 -1794 17090 -1785 END
START -6924 2252 27312 -386 16779 1301 END
START -9048 3728 28836 186 15858 2463 END
START -11740 5572 30252 474 14345 2434 END
START -13896 5904 32044 -620 11590 1965 END
START -14536 5356 32767 -4321 8291 902 END
START -13516 3060 32767 -498 4478 4916 END
START -12332 4484 32767 -2334 1313 4234 END
START -12448 4244 32767 -1500 -1603 4432 END
START -12196 4492 32767 -2262 -3381 3532 END
START -12184 3880 30704 -2319 -6043 3461 END
START -11256 2964 27964 -2714 -8260 4304 END
START -9620 1924 25820 -2639 -10895 5263 END
START -8444 1788 24308 -3232 -13183 4519 END
START -7752 708 22944 -4495 -13796 2795 END
START -6060 -512 20292 -2928 -14632 3306 END
START -5624 -1016 19192 -1894 -14541 3659 END
START -5692 -1556 17052 -2660 -14290 2918 END
START -5640 -3076 14508 -3043 -14612 1838 END
START -4792 -4612 12760 -2888 -14487 736 END
START -4216 -6084 12000 -2157 -13892 -192 END
START -4092 -7340 11052 -1573 -11958 -1571 END
START -4360 -8636 9908 -409 -9888 -2768 END
START -4400 -9576 8612 633 -8144 -3723 END
START -4132 -10980 8608 2285 -7389 -4481 END
START -4192 -12544 8284 2365 -5708 -6713 END
START -3488 -14508 8364 3691 -5249 -8678 END
START -3088 -14784 8260 4936 -3973 -10890 END
START -2480 -14408 8288 6708 -2699 -12213 END
START -2108 -12984 8580 8290 -1103 -12914 END
START -2264 -10912 8904 9852 72 -13402 END
START -2500 -8284 9248 10646 1379 -13902 END
START -2784 -4628 9896 12296 2396 -13483 END
START -3652 -836 10180 12518 3772 -13610 END
START -3920 3024 10096 12761 4696 -13440 END
START -3632 8052 10952 13737 4662 -12366 END
START -4840 12552 11940 14126 5172 -11796 END
START -5956 16516 12316 13798 5871 -11027 END
START -7260 19100 13496 11794 6747 -8417 END
START -7572 19352 12844 8828 7723 -4996 END
START -6824 18884 12268 5635 7763 -2685 END
START -5744 17136 12768 1447 6877 -364 END
START -6224 14852 15688 -2078 2610 -797 END