START 3140 4152 12264 1425 -13471 5715 END
START 4636 6868 16872 -113 -11221 6773 END
START 4076 8488 16648 -226 -10090 5917 END
START 4512 8896 17404 -1388 -8785 4470 END
START 4820 9364 18476 -1355 -7258 2646 END
START 4196 8936 18168 -396 -5116 2656 END
START 3024 9172 17576 648 -3724 3844 END
START 2224 9152 16088 903 -3226 5188 END
START 1468 9056 14196 906 -3877 7137 END
START 1728 9652 12888 634 -5021 9083 END
START 2068 10432 12696 -112 -5957 10241 END
START 2816 10340 12456 -1668 -5979 10496 END
START 3220 9996 12044 -3399 -5186 10364 END
START 3780 8388 10728 -4249 -3299 9852 END
START 3868 7264 9368 -4660 -1465 10334 END
START 3648 6132 8196 -4464 691 11364 END
START 3136 5244 6764 -4899 2378 12559 END
START 2508 4456 5104 -5376 3963 13883 END
START 2108 3560 3480 -5543 5257 15074 END
START 2044 2748 3072 -5416 6442 16072 END
START 1312 2372 4280 -6285 7052 16177 END
START 568 1672 5616 -8498 8098 14256 END
START 732 -396 5568 -10228 8821 11477 END
START 836 -3176 5500 -10838 9427 9680 END
START 1104 -4964 5044 -10354 11097 9128 END
START 924 -6288 5816 -8628 12584 9232 END
START 800 -7384 8868 -7433 12992 9171 END
START -80 -8748 12364 -7453 14234 7689 END
START -672 -10700 13960 -6446 14072 6273 END
START -1356 -12408 16000 -4100 13071 5363 END
START -3540 -11376 17280 -2097 12729 4222 END
START -1484 -12088 15520 2138 13765 6282 END
START -2428 -9260 16408 5756 15764 7500 END
START -2648 -6124 21264 8080 13509 6228 END
START -3940 -2956 22632 5230 11785 3666 END
START -3996 -5480 23188 4189 13344 909 END
START -3292 -6316 22376 2821 11767 -709 END
START 1112 -5768 21360 5113 10829 -626 END
START -2884 -4664 20892 7054 8970 -992 END
START -2968 -3560 18084 8730 8722 -1844 END
START -2828 -1580 16400 10168 9192 -2243 END
START -1628 1324 14716 12137 10092 -1540 END
START -832 4264 13236 13292 11676 464 END
START -632 6940 12420 13041 12931 3062 END
START -1116 10308 12416 10545 14757 4631 END
START -1164 11648 11044 8052 15028 4802 END
START -1820 11776 10448 3610 16155 1995 END
START -2344 9472 9200 -187 15837 -1132 END
START -3252 7116 11440 -2553 14959 -3583 END
START -2740 3648 14308 -3955 15175 -5188 END
START -2540 444 17096 -3396 14573 -5590 END
START -2788 -1216 20092 -1695 13483 -4955 END
START -3128 -924 22960 -119 13259 -3432 END
START -4384 -360 24812 -241 15101 -3897 END
START -5740 -724 23732 1168 14712 -4151 END
START -8212 592 24144 1295 12137 -3836 END
START -10600 116 26940 693 11164 -3239 END
START -8224 392 28380 -65 9681 -2820 END
START -11736 992 28776 833 8119 -2666 END
START -13428 424 28816 246 5412 -2556 END
START -13092 772 27708 1710 3051 -3765 END
START -12380 1336 28512 1860 703 -4216 END
START -10736 996 26520 3421 203 -4167 END
START -10156 1712 24792 4881 185 -3498 END
START -10616 2928 22412 6485 137 -2321 END
START -9932 3860 19660 6682 246 -2044 END
START -9288 3416 16976 4705 1067 -2678 END
START -7808 3592 17024 3509 1884 -3213 END
START -9848 1444 15548 3374 -3379 -2297 END