START -1244 1024 15140 283 3029 282 END
START -492 1960 16060 1131 3425 729 END
START -780 2756 17512 1264 4437 -161 END
START -940 2496 18076 1095 4923 -1477 END
START -1664 2712 19100 1587 4892 -1882 END
START -2064 3100 20492 1781 4728 -2441 END
START -2720 3244 21200 1780 4647 -2763 END
START -1436 3580 21432 3181 3799 -463 END
START -4240 5892 22944 3939 2320 577 END
START -5108 8060 22840 3695 1340 1296 END
START -4788 9960 23552 3225 -738 1063 END
START -4492 10336 23632 2228 -953 253 END
START -4396 11196 24516 846 -2356 212 END
START -3184 11200 24344 891 -3273 619 END
START -2544 11268 23380 185 -3460 703 END
START -2848 11124 21800 831 -4174 1755 END
START -3008 11036 20320 1534 -4324 3450 END
START -3360 11600 18540 1834 -4153 5835 END
START -3756 12088 16484 735 -4295 7339 END
START -3612 11836 14792 -993 -4808 7943 END
START -2900 11104 13620 -2968 -5025 7849 END
START -2184 9632 12196 -4675 -4712 7883 END
START -1292 8168 11012 -6341 -3764 8242 END
START -804 6860 9484 -7357 -2630 9183 END
START -764 5864 8352 -7371 -1520 9996 END
START -340 4732 7500 -6669 -300 9906 END
START -48 3652 7448 -6454 1002 9542 END
START -44 2484 7396 -6811 2539 9774 END
START -268 1808 6876 -7246 3970 9993 END
START -772 1128 6388 -8026 5589 9397 END
START -1124 272 6104 -8278 7386 8373 END
START -1436 -852 5860 -8330 9193 7841 END
START -2316 -2068 5588 -8200 11106 7496 END
START -3060 -3628 6180 -7837 12140 6368 END
START -3140 -5624 7360 -7684 12513 4549 END
START -3312 -8140 9256 -7495 12866 2824 END
START -3472 -9572 12300 -6683 12401 1647 END
START -4472 -9928 15820 -6103 12069 171 END
START -4580 -9880 18940 -5541 11855 -1738 END
START -4964 -9568 23200 -5374 12831 -5292 END
START -5528 -10120 26528 -2647 10442 -7526 END
START -88 -9916 30052 -1582 9993 -9592 END
START -5836 -9660 32767 1081 5901 -10056 END
START -6904 -5848 32767 3749 3473 -8475 END
START -7648 -1272 32767 5523 837 -8080 END
START -11176 2212 32767 7410 -696 -7748 END
START -11668 4992 32100 7731 -3211 -7616 END
START -11384 7024 28840 7405 -5135 -6427 END
START -9360 9136 27276 6347 -6415 -5559 END
START -8312 9836 23096 5066 -8849 -4138 END
START -6540 10108 21900 2549 -10091 -5191 END
START -4864 8652 18696 850 -10971 -6071 END
START -4008 8208 17072 511 -11274 -5062 END
START -4976 7480 15220 -491 -11123 -4884 END
START -2440 6720 12728 -529 -11214 -4452 END
START -800 5776 11852 -1520 -10127 -4088 END
START -196 4296 10232 -1571 -9073 -3488 END
START -240 3352 9128 -1174 -7978 -2493 END
START 668 2832 8244 -986 -6391 -1353 END
START 320 3212 7512 -1565 -4836 -421 END
START 464 2796 6680 -1957 -4011 -631 END
START 1232 1724 5620 -2321 -3360 -1897 END
START 3252 848 5576 -2228 -2461 -2710 END
START 2572 872 6712 -2055 60 -2712 END
START 2440 548 6744 -1923 2840 -2467 END
START 1476 288 6172 -1934 5817 -2606 END
START 1224 -460 5780 -1574 8183 -2133 END
START 684 -1008 5060 -677 9904 -477 END
START -24 -396 5340 242 10765 1161 END
START -912 1068 5920 703 11847 1618 END
START -1460 2668 6488 1093 13387 1922 END
START -2360 5080 7508 1220 14754 2061 END
START -2592 6820 8076 1352 16006 2302 END
START -3020 8460 9980 1461 16760 2492 END
START -2696 9024 11460 904 17476 3915 END
START -3108 10556 14140 96 17314 6307 END
START -2856 11312 15912 -99 17783 9070 END
START -3376 12536 19584 -527 17754 11608 END
START -8616 14952 24156 -2923 17810 10966 END
START -8876 12520 29284 -2265 15189 12835 END
START -12832 10616 32767 -3770 11209 12011 END
START -11648 6424 32767 -12506 10357 5127 END
START -14392 1392 32767 -6942 3613 5378 END
START -15884 -2400 32767 -5265 -1187 4269 END
START -14952 -5112 32767 -3529 -4876 3444 END
START -13752 -8180 31448 -1636 -8543 3533 END
START -12368 -11484 28660 -502 -9969 1328 END
START -11564 -13276 24444 2277 -11014 -35 END
START -9956 -13592 20380 7371 -10795 -369 END
START -3188 -13868 16968 12044 -10185 -198 END
START -5568 -11460 14812 16112 -7528 89 END
START -5320 -8692 9716 15127 -188 -2569 END
START -5652 -4768 4936 14019 5595 -3220 END
START -5964 -1472 1992 13309 7452 -3169 END
START -7036 68 1128 10795 7083 -5069 END