START -7704 -5412 30048 -5779 -2936 -800 END
START -7748 -5680 32528 -4958 -4639 -1346 END
START -7844 -4260 32767 -2717 -7317 -2612 END
START -7532 -2456 32767 740 -8441 -2711 END
START -4116 -888 29216 3758 -10388 -3100 END
START -8484 3048 28964 5532 -9034 -3435 END
START -7448 6248 26656 7985 -9273 -912 END
START -8080 9860 24724 8111 -9553 2339 END
START -8336 12916 22168 6840 -10816 4613 END
START -7796 15332 19796 4595 -12021 6322 END
START -6768 17216 17704 877 -13230 6803 END
START -5992 16624 16136 -3705 -14994 5010 END
START -4056 14572 13580 -5595 -16675 3772 END
START -2224 12704 12256 -6322 -15973 4335 END
START -948 10572 10680 -6688 -14403 5359 END
START 3132 8420 7996 -6139 -13103 7301 END
START 1508 7932 8044 -5122 -11006 8827 END
START 1752 7388 6912 -4651 -8520 10370 END
START 2068 6144 5188 -5279 -6701 12024 END
START 1624 5244 4444 -5722 -4832 14031 END
START 1348 5120 3780 -6438 -3235 15478 END
START 1356 4712 3212 -7801 -1701 15169 END
START 1208 3852 2504 -9247 254 14057 END
START 428 2832 1480 -9738 2176 12652 END
START 712 1612 1528 -9386 3434 11155 END
START 1356 224 1980 -9330 5455 10327 END
START 1204 -1300 1824 -8680 7339 10942 END
START 936 -2560 1908 -8166 10377 11411 END
START 36 -3624 2132 -8010 13169 11687 END
START -760 -4256 2808 -7596 15415 12218 END
START -2020 -4928 2796 -7328 17324 12951 END
START -3072 -5424 2972 -6820 20023 12090 END
START -3940 -6200 4152 -6308 22249 10389 END
START -5604 -6848 5560 -7120 23305 7483 END
START -5864 -9308 6708 -7207 25109 4821 END
START -7488 -11980 10392 -7120 25796 2704 END
START -9076 -14676 12368 -7162 24442 -871 END
START -10220 -18520 17532 -4969 21248 -1886 END
START -15056 -17744 25028 -3602 22608 -2341 END
START -12108 -20112 29464 -5361 17410 -7216 END
START -13008 -19008 32752 582 12523 -9368 END
START -13612 -16372 32767 3650 7653 -14232 END
START -12252 -14780 32767 5981 3695 -18215 END
START -9124 -13252 32767 11476 1548 -19733 END
START -13928 -8512 32767 13208 442 -14657 END
START -18924 -1960 32767 16750 -3498 -7796 END
START -16316 5708 32767 17322 -3860 -5910 END
START -19116 11508 32767 15014 -8644 -5668 END
START -15892 11960 27316 9541 -14788 -6763 END
START -12164 13128 28104 4010 -18096 -10664 END
START -9156 10792 22796 637 -20462 -12947 END
START -6448 8636 20272 426 -21011 -11431 END
START -6008 7300 17512 2316 -21726 -8807 END
START -4152 7220 15512 2195 -20365 -6437 END
START -2900 6880 12468 2787 -19345 -4628 END
START -1408 6436 10068 3410 -18312 -3150 END
START -688 6200 8924 2032 -16998 -2860 END
START 600 4940 7528 1430 -15359 -2247 END
START 260 4344 6520 1057 -13763 -1819 END
START 1072 3376 5004 -304 -12440 -2029 END
START 1756 1884 3564 -1591 -11318 -1864 END
START 2648 812 2852 -1140 -10206 -1118 END
START 3732 332 2816 -192 -8002 -787 END
START 4244 -192 3296 61 -5573 -1121 END
START 4336 -604 2748 610 -2767 -1423 END
START 5068 -1380 2308 1706 404 -1121 END
START 4828 -1300 2220 2434 3208 -958 END
START 4524 -1108 2308 2771 6037 -788 END
START 3696 -1000 1892 2238 8685 -834 END
START 2640 -612 1904 2242 10299 286 END
START 1544 972 2520 2073 12016 1382 END
START 476 2144 3280 1293 14502 1158 END
START 148 3284 3360 678 16245 -283 END
START -200 2872 3724 411 18965 -954 END
START -796 3092 4692 1220 21153 462 END
START -1420 3840 4852 1715 23818 1330 END
START -2648 4840 5476 3084 25415 3534 END
START -3540 7884 7464 4061 26738 7395 END
START -4188 11228 9840 4999 28004 10486 END
START -5228 13324 13208 5645 28674 13741 END
START -6396 14664 16532 2962 29212 13089 END
START -8724 15796 20360 257 27536 11284 END
START -8756 14460 22696 -456 24987 10953 END
START -7716 12832 26208 -1480 21474 11413 END
START -10764 11108 32208 -2014 20215 13912 END
START -13336 9376 32767 -2340 17367 15844 END
START -19416 6240 32767 -2430 14362 17955 END
START -22104 4432 32767 -5205 11201 16029 END
START -22532 996 32767 -2602 2731 14782 END
START -23620 -208 32767 -1532 -3461 12531 END
START -20576 -3504 32767 -1429 -9452 9852 END
START -19136 -7060 32767 1742 -13928 9397 END
START -17292 -9112 31972 3325 -15430 7527 END
START -15240 -9752 28148 7168 -15789 6702 END
START -13256 -9560 23424 11259 -15012 7285 END
START -14820 -5800 19700 11948 -15106 6413 END
START -12400 -5684 14504 11510 -14691 3614 END
START -10888 -5012 11932 8580 -14233 194 END
START -10492 -3552 7968 7147 -14536 -3332 END
START -8312 -2552 5500 5642 -13466 -8726 END
START -5028 -2492 2628 5364 -11792 -13586 END
START -2892 -1280 404 5883 -6049 -15914 END
START -3276 -1680 -316 7497 498 -15786 END
START -5228 -1856 184 8259 3186 -12547 END
START -5660 1232 1612 7896 2372 -5976 END