START 84 7152 15756 224 5949 -3573 END
START 1936 7296 17888 1333 8419 -2913 END
START -1916 7676 21076 233 7522 -3753 END
START -3668 8388 23624 529 6429 -2395 END
START -5120 9844 26652 67 4870 -1383 END
START -5688 10936 27756 600 2633 44 END
START -5300 12556 27892 1224 -468 981 END
START -5292 13520 28000 2811 -1823 2021 END
START -6020 16684 27772 2427 -2790 3666 END
START -5936 18052 26732 507 -3747 4434 END
START -5572 17044 24748 -1702 -5741 5302 END
START -4748 15260 23100 -3835 -7248 6097 END
START -3676 13696 21084 -4491 -8575 7640 END
START -2508 12600 19200 -4689 -8718 9363 END
START -3032 11864 17308 -5256 -8790 11216 END
START -3060 11348 15660 -5974 -9123 11728 END
START -2172 10244 14076 -6936 -9422 11613 END
START -836 8516 12784 -7298 -8652 11571 END
START 396 7176 11168 -6570 -6934 12599 END
START 72 6168 9492 -6355 -4803 14003 END
START 68 5424 7956 -7456 -3021 15143 END
START -192 4388 6440 -9085 -1540 16094 END
START -848 3400 4532 -9859 -1047 16536 END
START -1908 2696 3768 -10238 243 16043 END
START -1292 1252 3124 -10678 1560 15462 END
START -540 216 2860 -10744 2786 14989 END
START -320 -204 2400 -11141 5083 14420 END
START -292 -1244 2512 -11481 8148 13415 END
START -668 -2344 2844 -11782 10395 12124 END
START -1656 -3904 3312 -11944 11759 10447 END
START -2276 -5732 3284 -11540 13373 8053 END
START -2672 -7840 3604 -10444 14753 6055 END
START -2760 -9716 4316 -6854 17251 7328 END
START -3596 -10328 5288 -4196 19408 8533 END
START -4968 -9940 6820 -3049 21040 8547 END
START -6200 -9596 9828 -1903 21328 7700 END
START -7656 -10588 12800 -3570 21384 3454 END
START -9124 -12400 16276 -4117 19930 -1627 END
START -9260 -14484 20264 -2899 16936 -6404 END
START -8528 -17032 24336 -157 14153 -9776 END
START -7572 -17200 31116 2990 11400 -12016 END
START -6680 -15812 32767 7209 10058 -12815 END
START -6240 -12356 32767 11347 9347 -12579 END
START -6224 -8740 32767 14954 8568 -12808 END
START -11848 -2012 32767 16174 6934 -11385 END
START -14612 3868 32767 16921 3132 -8984 END
START -16512 8724 32767 15075 -1086 -7847 END
START -16536 12644 32767 12068 -6801 -8175 END
START -13920 13632 30784 7921 -11097 -8339 END
START -10496 13752 27504 4643 -15180 -7981 END
START -6760 12904 24352 1726 -17047 -8523 END
START -5216 10844 21648 1390 -17464 -7637 END
START -3236 9272 18876 175 -16970 -6395 END
START -2936 7744 16624 874 -16296 -5001 END
START -2556 6768 14388 341 -16050 -4849 END
START -2384 6228 12488 -36 -14972 -5131 END
START -816 5052 9664 96 -14051 -4978 END
START -304 4432 7532 -173 -13043 -4428 END
START 516 3356 5612 -506 -12331 -3683 END
START -272 3224 4720 -272 -11470 -2093 END
START 156 3260 4036 -809 -10525 -1018 END
START -20 3324 3348 -1769 -9044 -1306 END
START 964 1940 3112 -2439 -7268 -2497 END
START 2196 768 2032 -2115 -4998 -3040 END
START 2428 -112 1700 -657 -2088 -2700 END
START 2640 -12 1440 -417 894 -2516 END
START 2948 140 1396 -641 3567 -2780 END
START 2532 316 1464 -472 6047 -3226 END
START 2060 608 1832 -526 9076 -3846 END
START 1828 956 2200 -737 12226 -5053 END
START 1272 492 1512 -756 15132 -6253 END
START 124 -1136 756 -303 17187 -5616 END
START -640 -88 1512 1713 18566 -753 END
START -1472 3076 2132 3347 20779 3782 END
START -2628 7572 3644 4446 24233 6144 END
START -2380 11220 4540 3730 28145 6931 END
START -2616 13932 6500 5381 28637 10310 END
START -7124 16268 11740 3711 29247 10954 END
START -6376 15744 16912 -869 27242 11095 END
START -8564 14932 27092 -2808 25012 12356 END
START -9312 13828 32767 -5225 20217 12956 END
START -16400 9768 32767 -9195 13271 8379 END
START -17188 4948 32767 -7448 5720 4126 END
START -18012 -1120 32767 -7652 -433 1190 END
START -15972 -6600 32767 -4217 -4524 -93 END
START -15044 -10176 32767 -261 -6842 696 END
START -15696 -12152 32767 6692 -9718 4481 END
START -11908 -10288 32767 13266 -9015 8428 END
START -10896 -7440 29764 16813 -6759 8571 END
START -10640 -4232 22712 17587 -3871 7374 END
START -10296 -2112 15436 15002 -1141 4594 END
START -11620 -1428 10024 12822 -554 1269 END
START -8820 -2780 5756 9501 -1581 -2956 END
START -8664 -2720 2680 7929 -4332 -4778 END