START -12940 -212 28152 4930 908 -7486 END
START -14396 2484 29264 5363 -588 -7411 END
START -15468 4512 29524 5352 -3599 -6210 END
START -14840 6808 28196 5712 -6463 -5079 END
START -14740 10332 27780 4672 -10038 -4496 END
START -13608 13024 26624 3612 -13463 -4407 END
START -11540 14652 25492 2784 -15526 -3841 END
START -10832 16864 24216 2412 -16927 -2678 END
START -10036 17612 22372 634 -17172 -1653 END
START -8972 17052 19492 -1965 -17385 -1095 END
START -7328 16144 16564 -3069 -18683 213 END
START -5740 15456 14176 -4303 -18726 1668 END
START -4464 14320 11968 -5403 -18164 3047 END
START -3248 13180 9544 -6318 -16912 4164 END
START -1916 12228 7600 -6440 -15417 6020 END
START -1528 11372 6148 -6477 -13653 7762 END
START -228 10368 4568 -6804 -11163 9006 END
START 240 9520 3420 -7343 -8746 9753 END
START 600 8236 2220 -7754 -6730 10650 END
START 656 6988 1148 -8576 -4204 11493 END
START 448 5392 -64 -8772 -1833 12001 END
START 848 4276 -880 -9114 363 11592 END
START 1840 3024 -1284 -9742 2663 10996 END
START 1224 1312 -1044 -10247 5336 10592 END
START 848 -436 -888 -11082 7860 10020 END
START -980 -1848 -760 -11592 10289 9111 END
START -1668 -4464 36 -11707 12338 7519 END
START -1684 -7468 64 -10322 14964 5881 END
START -1880 -9236 792 -7788 17966 4464 END
START -1584 -10972 1188 -5003 20846 4070 END
START -3652 -10820 3428 -2321 22578 4215 END
START -5176 -11564 5680 -770 23962 5258 END
START -8148 -10496 10976 -829 23099 5187 END
START -9592 -8792 17404 -1487 20831 1241 END
START -12968 -9568 26204 -3801 13449 -4842 END
START -15940 -9400 32767 -5912 10652 -13684 END
START -15980 -13420 32767 -7436 4698 -18886 END
START -14000 -13280 32767 2389 -1315 -14725 END
START -20028 -7280 32767 6189 -5949 -9520 END
START -12940 -4740 32767 14136 754 -3306 END
START -16164 848 32767 16460 -182 -507 END
START -16512 6960 32767 15451 -29 552 END
START -16320 10688 30096 14177 -2546 1711 END
START -14284 11888 25344 9965 -6737 1642 END
START -12888 12132 23352 3685 -12214 -1774 END
START -9272 9064 19756 -1326 -15896 -5516 END
START -7356 7428 19416 -3174 -17921 -6072 END
START -6216 5184 17696 -4115 -18346 -6336 END
START -2920 3548 16008 -3077 -18198 -5331 END
START -1052 2672 13368 -2075 -16775 -4260 END
START 428 2864 11308 -867 -15180 -3308 END
START 1756 3180 9696 -171 -13481 -3107 END
START 2040 3272 8488 -86 -11498 -3390 END
START 1772 3044 7864 -446 -9847 -3400 END
START 2692 2512 7080 -1126 -8557 -3119 END
START 2628 1216 6008 -1785 -7674 -2929 END
START 2548 1212 5552 -1804 -6499 -1648 END
START 2560 1604 5532 -1811 -4786 -1147 END
START 2612 1536 5616 -1639 -2959 -1629 END
START 2896 1392 5348 -961 -848 -2280 END
START 3028 1376 5128 -288 1371 -2780 END
START 2728 1452 5480 525 3817 -2792 END
START 2752 1696 5276 777 6291 -2720 END
START 2268 1440 5108 897 8339 -2711 END
START 1452 1756 5100 934 10206 -2205 END
START 532 2792 5264 400 11968 -1987 END
START 700 2676 4940 953 13537 -555 END
START 848 3368 5404 881 15740 -6 END
START -968 4480 5756 823 18549 -187 END
START -2480 5756 6336 960 20344 370 END
START -3876 6556 7528 578 21796 199 END
START -4436 5628 7780 -351 22879 24 END
START -5160 4916 8272 -476 23889 1562 END
START -5240 5300 10072 209 24640 4421 END
START -6536 6900 11940 1025 25795 6871 END
START -7084 7308 13868 1789 27164 8702 END
START -11492 8936 19536 1308 27525 9968 END
START -9980 9240 21848 711 26938 12828 END
START -14812 11336 23968 -536 24005 13966 END
START -22044 12072 28288 -1140 21909 14276 END
START -21800 9408 30800 -3728 17569 13984 END
START -22884 8484 32767 -3560 9191 14331 END
START -23500 3680 32767 -5908 4567 8802 END
START -23480 -2500 32767 -5972 -1138 5269 END
START -20252 -9300 32767 -782 -7071 5942 END
START -16956 -11084 32580 4755 -9716 6481 END
START -14244 -10916 28608 10058 -11636 8039 END
START -13564 -8576 24772 13655 -12696 8141 END
START -12704 -6616 19268 14862 -11869 6511 END
START -11904 -4540 15524 13403 -11870 4012 END
START -10216 -5744 11692 14965 -11744 3464 END
START -9320 -4696 8920 14906 -10756 3088 END
START -9484 -1656 6304 14030 -10826 2074 END
START -7820 1340 3384 9969 -9141 -1504 END
START -8920 2364 1668 8494 -7619 -4379 END
START -5956 3844 1952 5754 -4856 -9597 END