START -3032 5860 19824 1973 -906 -452 END
START -2032 6572 20092 560 -1659 -1337 END
START -1992 6728 20732 57 -2650 -1775 END
START -1556 7320 22060 420 -3649 -1311 END
START -1552 8196 23196 208 -4224 -1037 END
START -1156 9252 23096 914 -4759 -121 END
START 600 9992 22600 1032 -5120 1143 END
START -644 11440 22652 493 -5818 2154 END
START -1096 11940 22216 -937 -6146 2253 END
START -1492 11940 21204 -1938 -7203 2472 END
START -1668 11400 20252 -3471 -7476 1795 END
START -1412 10304 18984 -3599 -7716 1972 END
START -992 9748 17492 -2790 -7532 3272 END
START -1080 9628 16164 -1778 -7029 5044 END
START -1208 10028 14664 -1350 -6226 6485 END
START -1348 9896 13312 -1461 -5631 7290 END
START -1376 9032 11476 -2371 -4907 7649 END
START -1288 8640 10096 -3646 -4212 7508 END
START -1292 7268 8236 -4484 -3424 7818 END
START -984 6344 7204 -4810 -2319 8659 END
START -536 5440 6572 -5010 -485 9473 END
START -504 4944 5308 -5129 1330 10144 END
START -456 4472 4388 -5382 3147 10521 END
START -772 3880 4104 -5996 4516 10548 END
START -1048 2672 3896 -7120 5746 10061 END
START -1272 1444 4348 -8409 6449 9117 END
START -1240 -156 4568 -9445 7173 8057 END
START -968 -1620 4748 -9666 8398 7368 END
START -844 -2672 5164 -9409 10094 6837 END
START -900 -3560 5108 -8771 11992 6067 END
START -1040 -4584 6424 -7595 13136 5168 END
START -1992 -5796 8424 -7800 14282 3192 END
START -1800 -7704 9160 -5193 15627 4872 END
START -3576 -7976 10536 -5091 18203 3699 END
START -5396 -8684 12596 -4790 18317 1121 END
START -6844 -10008 14812 -3876 16650 -671 END
START -7552 -11244 17544 -3114 14407 -3071 END
START -6836 -11716 21564 -1334 11696 -5465 END
START -6396 -11088 25452 -1142 12318 -8436 END
START -6956 -9912 27548 3553 10038 -7991 END
START -8544 -6848 31720 3581 8461 -11080 END
START -6908 -4548 32767 6537 6858 -12004 END
START -7324 -1540 32767 7747 5234 -11673 END
START -8776 2908 32767 8587 3833 -9758 END
START -11176 7500 32767 9753 1570 -6731 END
START -13492 11472 32767 8633 -1547 -5637 END
START -13104 13384 32432 4948 -4931 -5562 END
START -11932 14432 30880 2234 -9705 -6843 END
START -8460 12280 26760 -203 -13083 -7293 END
START -4896 10460 25872 -646 -15043 -6232 END
START -2876 8348 24080 -1211 -14150 -5180 END
START -2548 7340 21064 -204 -14732 -3527 END
START -2388 6548 18656 -211 -13032 -1920 END
START -2388 6412 16056 -255 -13033 -757 END
START -1900 5644 13812 -714 -13437 -683 END
START -1620 5028 11692 -1742 -13556 -1033 END
START -1016 4180 9868 -2340 -13360 -1383 END
START 244 3404 9068 -2380 -12355 -1576 END
START 1264 2224 7840 -2729 -10886 -1924 END
START 1224 1088 6880 -2011 -9373 -1741 END
START 1632 284 6060 -1356 -6703 -1225 END
START 1472 120 4996 -1130 -4262 -934 END
START 1088 -164 3668 -954 -2451 -703 END
START 968 -720 2944 -847 -1070 -696 END
START 1060 -940 2364 -278 429 -326 END
START 804 -500 2424 248 2379 -6 END
START 1120 40 2768 -16 4365 -336 END
START 724 188 2564 -425 6448 -1110 END
START 392 380 2608 -101 8305 -1322 END
START -60 684 2888 -44 10525 -1621 END
START -348 904 3100 63 12145 -1438 END
START -972 1492 3432 96 13752 -836 END
START -1784 2212 4188 15 15309 -481 END
START -2044 2688 5192 385 16726 300 END
START -2092 4160 7508 925 18096 1163 END
START -2132 6148 9212 2308 19343 2620 END
START -1764 8452 10988 2546 21132 3773 END
START -1768 10904 12932 3288 22076 5091 END
START -2328 12584 15980 3536 22329 6664 END
START -4288 14232 20172 1973 21961 8420 END
START -8848 16136 24740 -1389 20714 8584 END
START -6500 14256 25724 -3623 19070 10305 END
START -7412 13564 28992 -4949 16111 10539 END
START -9920 13056 32767 -7506 14676 10019 END
START -13744 10088 32767 -10737 11557 7947 END
START -14964 5676 32767 -11607 6410 5992 END
START -14252 1164 32767 -11946 4068 4686 END
START -15092 -2344 32767 -8227 576 7129 END
START -14872 -4324 31728 -5911 -2130 8943 END
START -13800 -7296 30680 -5133 -4568 7993 END
START -13656 -10280 28064 -3650 -6464 5541 END
START -12620 -12788 26348 -1294 -8819 1541 END
START -10260 -13912 22964 2827 -8958 -1217 END
START -10356 -13200 18732 8266 -8867 -2004 END
START -7580 -12932 13716 9582 -4049 -3370 END
START -6684 -11608 9420 9085 532 -4941 END
START -8552 -10480 5760 10826 952 -3406 END