START 1464 9944 17432 1792 -2213 -448 END
START 568 11164 19324 2148 -1581 1305 END
START -3664 12440 20556 2277 1883 2223 END
START -1736 13088 19244 2059 -1330 2179 END
START -340 13576 18880 758 -2620 2439 END
START -1240 13240 19624 -430 -2486 3740 END
START -1628 12404 19300 -1503 -3245 4358 END
START -1508 11364 18604 -2540 -4153 5242 END
START -1148 10604 17908 -3020 -4430 6081 END
START -420 9600 17080 -3376 -4137 6833 END
START 20 8792 15888 -3596 -3332 7535 END
START 596 8100 14524 -3718 -2344 8493 END
START 452 7540 12828 -4252 -1179 9347 END
START 412 7020 10912 -4737 -283 9845 END
START 224 6592 9444 -5402 644 10177 END
START 536 6316 8024 -5715 1909 10785 END
START 560 5892 6568 -6486 3682 11462 END
START 284 5552 5472 -7645 5427 12060 END
START -420 5012 4736 -8767 6770 12494 END
START -1208 4184 4200 -10174 8148 12209 END
START -1788 2412 4688 -11244 9273 11282 END
START -2436 136 4908 -12203 10197 9589 END
START -2896 -2528 5336 -12522 11143 7557 END
START -3584 -4832 5596 -12370 11247 4667 END
START -2372 -8004 6832 -10769 12454 3299 END
START -2336 -9524 9236 -8959 13852 3339 END
START -3144 -10484 11192 -7909 14970 1636 END
START -3524 -12536 13524 -7013 15282 -387 END
START -5280 -13868 17036 -4773 13964 -1862 END
START -5744 -14292 19960 -1369 12138 -2811 END
START -5916 -13060 24572 1854 10419 -4213 END
START -5604 -11360 28224 3802 8766 -6273 END
START -2780 -9480 31456 7874 6254 -7547 END
START -2304 -7208 32767 9316 5210 -10249 END
START -4168 -3732 32767 10287 3285 -11496 END
START -6116 -288 32767 11459 3100 -10723 END
START -8872 4352 32767 13428 1318 -8175 END
START -10764 8204 30940 12301 -1247 -6180 END
START -11936 11780 28652 9829 -5344 -4745 END
START -10320 13080 26000 6241 -9578 -5523 END
START -7024 12336 23300 2915 -13150 -7328 END
START -3716 10820 21708 1229 -14302 -7728 END
START -1084 8936 19612 171 -13532 -7247 END
START -292 7752 18152 345 -12366 -5619 END
START -196 6704 16024 12 -11332 -4410 END
START -3108 6020 14028 1006 -11208 -3196 END
START -84 5612 11824 458 -9456 -2879 END
START 36 4520 10120 332 -8476 -2703 END
START 424 3896 8804 344 -7556 -1935 END
START -68 4144 7852 360 -6653 -1265 END
START 552 3700 6852 143 -5688 -1480 END
START 1736 3160 6032 -120 -4714 -1961 END
START 1980 2752 5820 327 -3255 -2084 END
START 2420 2492 5452 407 -1111 -1728 END
START 2324 2336 5316 0 1372 -1356 END
START 2596 2052 4828 -221 3369 -1115 END
START 2168 2016 4316 149 5637 -557 END
START 1584 2332 3956 663 7856 -221 END
START 788 3312 4292 689 9900 -152 END
START 372 3860 4064 338 11874 -428 END
START 208 4284 4556 354 13454 -483 END
START 136 5220 5132 143 15068 -668 END
START 428 5436 5764 239 17050 57 END
START 36 6460 7272 134 18427 1234 END
START 232 7636 8272 69 19593 3354 END
START 460 9300 10604 860 20086 6140 END
START 156 11712 13256 1785 20818 8640 END
START -2712 15380 16704 2530 23669 10144 END
START -4800 17736 20320 1291 22480 10636 END
START -4784 17500 24248 -4904 19988 7987 END
START -9840 16048 29220 -8337 17105 6291 END
START -11704 12496 30096 -11599 11305 5750 END
START -12172 9376 32364 -11293 6986 7954 END
START -12868 6772 32767 -10246 3611 9211 END
START -12848 3724 32767 -9633 -725 8560 END
START -12460 628 32767 -9544 -3963 7584 END
START -12340 -2980 32767 -9154 -6330 6945 END
START -11440 -6132 31756 -7562 -7805 6500 END
START -10792 -8044 28752 -4155 -9620 7003 END
START -9640 -8352 25792 -2642 -9903 6149 END
START -9736 -9148 22700 -1050 -10881 4302 END
START -9688 -8036 20024 824 -12138 2894 END
START -8888 -8048 17116 2980 -12203 1535 END
START -5932 -6772 15556 4023 -9900 -1090 END
START -3700 -5484 12076 5537 -6022 -1917 END
START -5584 -4344 10212 6117 -3590 -4598 END
START -5976 -4296 8240 5650 -1456 -8359 END