START -2336 10792 28040 5221 -11303 2761 END
START -992 13204 24380 4984 -10908 4865 END
START -2056 15732 21836 2588 -11854 6721 END
START -3236 17728 19684 -85 -12204 6542 END
START -4332 18116 17248 -3697 -11717 5206 END
START -4656 16472 13952 -5244 -12428 4796 END
START -4584 14380 11836 -7148 -12051 5246 END
START -4016 11972 9296 -7533 -10793 7662 END
START -3908 10764 7748 -6846 -9123 10363 END
START -3176 9704 6620 -5772 -6988 12198 END
START -2364 8780 5700 -5290 -5088 13181 END
START -2376 7820 4792 -6140 -3375 13370 END
START -2116 6220 3276 -7069 -2029 13477 END
START -1604 4688 2356 -8335 -907 13083 END
START -708 3180 1920 -9131 354 13136 END
START -4 1808 2088 -9811 1859 13106 END
START 520 880 1936 -10328 3542 13084 END
START 964 -428 1908 -10767 5702 12365 END
START 948 -2340 1680 -10638 7495 12266 END
START 1140 -3608 1876 -9758 9740 12668 END
START 1620 -4264 2636 -8164 11426 13162 END
START 1412 -4676 4072 -7436 13806 13055 END
START 392 -5088 5488 -7756 16339 12087 END
START -500 -5596 6408 -8153 17970 9860 END
START -1472 -6996 7428 -8484 18929 6816 END
START -2308 -8980 8160 -8394 19740 4190 END
START -3496 -10696 10468 -7803 20003 2439 END
START -5108 -12840 13192 -7570 20284 1134 END
START -6712 -13996 16388 -7719 18335 -2735 END
START -11228 -15432 21172 -3766 18333 -1950 END
START -7596 -15432 23620 -4016 15588 -4401 END
START -8004 -15708 25424 -1317 14137 -5885 END
START -6916 -14672 29260 1018 12155 -7748 END
START -8220 -12500 31356 2221 11510 -10769 END
START -7572 -12076 32767 4919 9844 -12240 END
START -11028 -9508 31876 7645 4456 -11278 END
START -8188 -6060 32767 14361 5593 -8444 END
START -8836 -1216 32767 17052 3232 -5882 END
START -9732 3552 32767 18076 1412 -4865 END
START -11232 8512 32767 16881 -944 -3996 END
START -12980 13036 31544 13854 -4373 -3764 END
START -11644 14432 29428 8239 -8156 -6520 END
START -10960 14332 25548 5736 -13496 -8659 END
START -8288 12988 22776 3093 -15987 -9752 END
START -5644 11160 20792 2716 -16527 -8140 END
START -3316 9464 17608 2035 -15926 -6056 END
START -1296 8428 14816 3088 -15784 -3182 END
START 300 8108 13220 3380 -14961 -1457 END
START -3260 8152 12224 2253 -13432 -268 END
START -836 7684 9216 -673 -12161 -254 END
START 768 6232 6640 -2480 -12003 -799 END
START -456 5268 6052 -3100 -11568 -1294 END
START 1016 3680 4316 -3586 -10373 -1187 END
START 1956 2168 3760 -3553 -8752 -383 END
START 1708 1208 4108 -2801 -6046 525 END
START 948 912 3788 -2802 -4224 432 END
START 2148 388 3312 -3485 -2480 -375 END
START 2404 -112 3284 -3721 -704 -1364 END
START 2644 -896 3112 -3810 1253 -1934 END
START 2848 -1872 2904 -3760 3595 -2307 END
START 2356 -2320 3060 -3327 6221 -1856 END
START 1692 -2164 3132 -2845 8395 -958 END
START 668 -1228 3488 -2502 10089 76 END
START -116 -404 3888 -2010 11929 838 END
START -776 1360 4620 -1423 14085 1505 END
START -1240 3504 5236 -831 16402 2045 END
START -2188 6184 6604 -361 18874 2224 END
START -1428 6544 7044 2262 20608 4270 END
START -2532 8580 10692 2413 22672 6136 END
START -3400 10212 14308 3749 23686 10161 END
START -3052 12552 18456 3351 24144 14003 END
START -4616 14196 24620 3098 21592 16173 END
START -5796 14000 32748 787 19281 16021 END
START -7892 12624 32767 -3692 15127 11176 END
START -12088 7616 32767 -11403 12592 5817 END
START -13772 1300 32767 -5707 3810 7076 END
START -12828 -2732 32767 -8441 904 3996 END
START -14876 -7152 32767 -4132 -3972 3780 END
START -14672 -9644 32767 670 -8388 5677 END
START -13788 -9796 32767 5578 -10119 7535 END
START -11584 -9244 30704 9355 -12099 8323 END
START -9292 -7120 25924 12155 -11889 9831 END
START -3824 -6636 20764 13677 -11117 11801 END
START -6196 -3292 16632 12463 -10117 9400 END
START -7668 -2224 11436 11009 -9611 7175 END
START -5396 -1632 6616 8455 -10251 3001 END
START -3520 -1368 4600 8990 -9596 1201 END
START -2752 -816 3036 7711 -7729 -3199 END
START -1600 -720 -1608 6035 -1229 -8102 END
START 264 584 -1512 6578 5264 -12627 END
START -456 -168 -1584 7517 8192 -14986 END