START -7364 -3608 28972 -1585 -2389 -15114 END
START -8544 -2296 31696 -721 -3562 -16819 END
START -8988 -1148 31372 -505 -4290 -18464 END
START -10600 704 30128 4242 -4378 -14514 END
START -11520 4424 29392 6721 -4800 -10423 END
START -13020 8960 28332 7088 -6316 -7547 END
START -12736 12148 26660 6496 -8847 -6413 END
START -11808 14548 25508 4303 -11218 -6481 END
START -11364 15760 23304 3898 -14660 -5102 END
START -8680 16152 22044 1794 -15823 -4274 END
START -6776 15600 19812 1348 -17197 -1854 END
START -4776 15040 18108 471 -17093 60 END
START -3148 14436 15904 -292 -15959 1245 END
START -2164 13232 13060 -118 -14879 3498 END
START -1164 12680 11092 304 -14514 6373 END
START -240 12352 9572 -408 -13126 8373 END
START 104 11332 8004 -1684 -11688 9668 END
START 692 10116 6080 -3006 -10437 10667 END
START 832 9100 4912 -4223 -8848 11195 END
START 1292 7736 3108 -5080 -7297 11854 END
START 1700 6508 3156 -5328 -5441 13360 END
START 1912 5112 2196 -5554 -3070 14524 END
START 1980 3812 1584 -5851 82 15091 END
START 2280 2540 1300 -5375 2582 15961 END
START 2076 1800 1536 -5179 5043 16240 END
START 1596 1100 1540 -5276 7622 16263 END
START 1044 -492 1068 -6371 9521 15784 END
START 192 -1428 1056 -7280 10731 15315 END
START -176 -2516 1464 -7602 12519 14530 END
START -932 -3388 2664 -8150 14870 12835 END
START -1304 -5128 3740 -8139 17116 10768 END
START -2052 -7416 5200 -7812 19160 8485 END
START -2644 -9700 6668 -7294 20932 7011 END
START -3992 -11132 8956 -7138 21814 4266 END
START -4816 -14028 12204 -4389 21987 4013 END
START -6892 -15952 17044 -4759 21109 1097 END
START -8056 -17412 20624 -3317 19510 -679 END
START -11552 -16380 24376 -3905 18738 -4839 END
START -11084 -15872 27032 -1786 15463 -7683 END
START -11716 -15528 32584 -62 11714 -10631 END
START -11256 -13928 32767 764 9784 -12970 END
START -13868 -10288 32767 959 6951 -15170 END
START -15052 -7752 32767 8363 4564 -11853 END
START -16548 -4256 32767 10289 2298 -9205 END
START -18896 2128 32767 11411 -1501 -7559 END
START -19152 7012 32767 11492 -6724 -6809 END
START -17700 9744 30804 8248 -11202 -7862 END
START -13340 9844 27320 4479 -15409 -9592 END
START -10048 9100 24720 2998 -18353 -10662 END
START -5440 6872 21676 1054 -18550 -10393 END
START -3428 6212 19628 2072 -18588 -8719 END
START -1656 5124 16600 1253 -17227 -8739 END
START -588 4520 14104 2577 -15002 -7374 END
START -816 3764 11388 2749 -13587 -5550 END
START -588 4312 9096 2349 -13056 -4009 END
START -268 3984 7660 1424 -12391 -2707 END
START -476 4148 6472 886 -11550 -955 END
START 56 4368 5792 -447 -10491 -212 END
START 388 4420 5100 -1225 -9275 -393 END
START 1260 3736 4216 -1487 -8311 -1032 END
START 2484 2632 3556 -1289 -6472 -1910 END
START 2684 1692 3072 -378 -4524 -1889 END
START 3460 884 2884 289 -2229 -1167 END
START 3608 356 2416 1250 505 -235 END
START 3580 548 2572 1646 2873 124 END
START 3552 528 2688 1848 4969 98 END
START 3240 644 2684 2081 7133 128 END
START 3380 600 2860 2267 9421 238 END
START 2972 572 3056 2233 11651 446 END
START 1292 1744 3340 1749 13549 471 END
START 1028 1676 2976 2397 16166 1638 END
START -592 3040 4356 2513 18193 2568 END
START -844 3060 5060 2812 20185 2090 END
START -2076 3092 5996 2714 21599 1562 END
START -3040 3456 6992 3569 22151 2681 END
START -3812 5332 8616 5785 22091 5328 END
START -3124 6864 10728 8480 22909 8943 END
START -2940 9824 13876 10952 24465 12336 END
START -3504 12352 15648 13101 26359 14684 END
START -6300 14980 20952 13029 25831 16766 END
START -7588 16560 24952 10552 25497 17394 END
START -11996 17060 29156 7728 22900 14927 END
START -18224 15268 31444 4064 20331 11717 END
START -18804 9396 26668 444 15362 10264 END
START -18908 8800 30504 807 8612 11203 END
START -19692 6620 32767 -599 4053 10326 END
START -19784 2600 32767 -5007 173 9028 END
START -21812 -968 32767 -5862 -2226 7055 END
START -21416 -5280 32767 -4879 -6720 4169 END
START -19076 -8652 30936 -1005 -10303 1914 END
START -15964 -9704 30056 2775 -13731 895 END
START -13380 -9696 28048 4755 -14804 411 END
START -11676 -8676 25444 6747 -13971 764 END
START -10908 -6636 21528 8337 -12270 4 END
START -9372 -6320 17664 10675 -11811 56 END
START -9912 -2056 13444 9135 -8298 -2338 END
START -8980 -64 9516 7705 -5860 -3310 END
START -8312 1636 6960 7110 -5070 -4896 END
START -6928 3292 5560 4509 -5425 -8709 END