START -1552 14092 16944 1533 -2558 335 END
START -3676 14568 18376 1065 -2212 2224 END
START -4860 15412 18512 -196 -3494 3912 END
START -5596 15448 17728 -2359 -4570 4920 END
START -3764 14976 15320 -2641 -4658 6144 END
START -5932 14504 14512 -4309 -6055 8085 END
START -4364 13828 14060 -6279 -6345 7998 END
START -3768 11408 13032 -7679 -5829 7376 END
START -2628 9460 11468 -8104 -5423 7722 END
START -1984 7844 10504 -7881 -4290 8511 END
START -1180 6376 9504 -7361 -3287 9544 END
START -520 5604 8908 -6915 -1962 10749 END
START -152 4448 8384 -7142 -109 11282 END
START 172 3380 7432 -7516 1230 11729 END
START 264 2596 6948 -8141 2535 11926 END
START 152 1912 6328 -9006 4165 11954 END
START -12 920 5600 -9644 5727 11440 END
START -564 88 5408 -9758 6936 10178 END
START -568 -1312 5328 -9922 8136 8798 END
START -788 -2284 5392 -9851 9450 8266 END
START -840 -2920 5436 -9416 10861 8065 END
START -588 -3336 5516 -9073 12835 7164 END
START -656 -3628 5200 -8726 15296 5943 END
START -1108 -4064 6732 -8118 16934 5086 END
START -2452 -4424 8308 -9147 18873 4303 END
START -4640 -5460 9900 -11060 19010 1102 END
START -4312 -9368 10340 -8732 18550 899 END
START -4980 -10820 13712 -7196 18590 287 END
START -5516 -10752 17496 -5344 18484 -1459 END
START -6424 -10724 21872 -4677 18522 -4349 END
START -8248 -10836 25416 -3378 17832 -6539 END
START -8320 -10724 29876 -5276 16548 -9831 END
START -10180 -10284 32148 -4149 13956 -11898 END
START -10356 -10192 32767 -2121 9333 -12239 END
START -19136 -5572 32767 -1221 4666 -13592 END
START -13976 -5388 32767 3310 3368 -11815 END
START -15732 -1660 32767 6199 -43 -10368 END
START -17348 3368 32767 5819 -2672 -9934 END
START -17248 6128 32767 8043 -6251 -7912 END
START -17200 8944 32500 8168 -9973 -7463 END
START -16192 9620 29288 6064 -14070 -6957 END
START -13144 10048 28020 5199 -16511 -6548 END
START -11268 8432 22580 3216 -18749 -6450 END
START -8652 7612 19420 3655 -21217 -4431 END
START -5984 7092 17116 2721 -21695 -3989 END
START -4300 6660 14520 2203 -20504 -3684 END
START -480 5784 12164 2272 -20111 -2512 END
START -984 5536 11580 1661 -19702 -2338 END
START -1884 4056 10572 -48 -18782 -3403 END
START -764 2288 7968 -488 -17761 -3706 END
START 444 1360 5876 418 -15962 -3014 END
START 1180 992 4360 1025 -13745 -2524 END
START 2148 728 3200 2082 -11797 -1382 END
START 2208 1108 2460 2486 -9902 -796 END
START 2160 1236 2768 1290 -8164 -823 END
START 2572 1248 2920 -377 -6240 -1683 END
START 3020 436 2200 -1042 -4472 -3191 END
START 3900 -564 1916 -1028 -2492 -4129 END
START 4084 -1148 1764 -720 492 -4156 END
START 4256 -1208 1652 -338 3466 -3838 END
START 4180 -952 1576 382 6387 -3283 END
START 3688 -368 1872 1081 9127 -2608 END
START 3116 680 2060 1380 11942 -1689 END
START 2464 1888 2216 1405 14357 -622 END
START 1848 2968 2004 1139 16286 -268 END
START 1180 3648 2212 603 18767 -494 END
START 208 4332 3156 11 20589 -266 END
START -852 5176 4288 -903 22339 13 END
START -2056 5720 4640 -1609 24283 874 END
START -2368 6520 5076 -1120 25800 1910 END
START -2652 7304 6080 -761 27250 3376 END
START -2664 8792 8684 3215 28679 8154 END
START -3320 11344 12192 4547 31654 11155 END
START -5152 13460 16436 5269 32767 12880 END
START -8724 14764 20088 2321 32767 13798 END
START -10820 13940 24244 1451 31127 14545 END
START -12000 12696 27208 -374 29102 16039 END
START -12700 11924 28948 -388 28494 16929 END
START -22664 12584 32412 1737 22068 19804 END
START -24140 11596 32767 -337 14942 18182 END
START -24312 5944 32767 -8568 7946 12271 END
START -29844 952 32767 -8473 73 9015 END
START -28312 -3284 32767 -6227 -8882 6759 END
START -24500 -6580 32767 -3085 -14706 5611 END
START -19184 -8596 32767 798 -18013 5746 END
START -15164 -9452 28796 4237 -18637 5580 END
START -9600 -10280 23016 8638 -18677 7440 END
START -11988 -7800 20600 11173 -17687 7759 END
START -10912 -6836 15556 11063 -15500 6347 END
START -10240 -5088 11940 9918 -14776 3409 END
START -8644 -3844 8692 9050 -15123 -294 END
START -7024 -2712 5076 7846 -14486 -3244 END
START -7192 -1788 2936 5411 -10947 -7656 END
START -5664 -1568 1096 5431 -8390 -12100 END
START -1968 -2792 228 5920 -4971 -15175 END