START -3692 8828 24880 3246 3786 -2436 END
START -6112 10836 28164 1783 1828 -2699 END
START -7424 12652 27640 -759 -689 -4105 END
START -7872 11952 29052 -42 -2343 -3747 END
START -7908 12976 28892 257 -4093 -2545 END
START -8016 14136 28288 1154 -5250 -512 END
START -7364 14640 26616 1191 -6414 1475 END
START -6680 15052 24572 486 -7383 3326 END
START -6068 15328 22732 -590 -8055 5182 END
START -5808 14624 19712 -1515 -9118 6751 END
START -4752 13792 18360 -3641 -9701 7585 END
START -3732 12336 16044 -5615 -10068 8284 END
START -3104 10788 14160 -6674 -10360 8586 END
START -2216 9180 12480 -7348 -10026 8600 END
START -1268 7400 10480 -7149 -9353 9025 END
START -788 6128 9408 -7032 -7982 9455 END
START -88 5132 7976 -6486 -6352 10418 END
START -540 4196 6236 -5981 -4779 11626 END
START -732 3560 5336 -5780 -3162 12648 END
START -620 2940 3872 -5948 -1220 13179 END
START -452 2628 2668 -6258 427 13122 END
START -120 2000 1664 -6626 2050 13002 END
START 240 1164 1048 -7225 4038 12326 END
START 448 -132 596 -7588 5982 11653 END
START 0 -1168 928 -7657 8065 10639 END
START 48 -2540 1252 -7776 9889 9845 END
START -244 -3996 1796 -7297 11402 9296 END
START -192 -5564 2788 -6735 13125 8087 END
START -536 -6808 3680 -5973 14864 6726 END
START -880 -7960 4980 -4908 16599 5486 END
START -892 -8164 6608 -3390 17560 4154 END
START -1892 -9528 9276 -3307 18551 2199 END
START -2316 -10772 13304 -927 18770 2667 END
START -2844 -11172 17320 -1685 20586 522 END
START -5288 -10668 21808 -1044 18399 -2322 END
START -9404 -9476 28092 -910 18688 -7259 END
START -8732 -9308 30048 -1956 14098 -12341 END
START -8336 -10200 32767 -1273 11669 -14010 END
START -11252 -8448 32767 2081 8961 -12869 END
START -13544 -2748 32767 2079 5955 -12771 END
START -18148 -284 32767 6506 3781 -8590 END
START -19340 3020 32767 8450 157 -8931 END
START -19088 5236 32767 7928 -5150 -8866 END
START -16272 8048 32767 5797 -9560 -8682 END
START -13464 8948 31752 4035 -12812 -8430 END
START -10064 8380 28392 2233 -14975 -8383 END
START -7540 8036 24892 2030 -16306 -7795 END
START -5996 7884 22652 2113 -17280 -6510 END
START -5732 6792 18484 168 -16307 -5684 END
START -4344 5924 15056 149 -17143 -4677 END
START -2288 5000 13112 -671 -17090 -4483 END
START -788 4844 10944 -1325 -16456 -4565 END
START 636 4120 8724 -1377 -15357 -3796 END
START 1400 3804 7540 -2036 -13893 -4109 END
START 2320 2952 6084 -1782 -12574 -4403 END
START 3048 2364 5320 -1341 -10729 -4262 END
START 2884 2016 4572 -1509 -8355 -4367 END
START 2892 1200 3816 -1689 -6085 -4650 END
START 3140 36 2544 -1370 -4065 -4191 END
START 3024 -216 2028 -563 -2253 -2894 END
START 2972 232 2044 324 -165 -1540 END
START 2620 768 1804 392 2269 -1248 END
START 2028 1364 1444 130 4808 -1659 END
START 1968 1556 1432 148 7053 -2456 END
START 1640 1540 1612 314 9268 -3142 END
START 1276 2008 1848 402 11402 -3708 END
START 1164 1868 1764 539 14278 -3377 END
START 148 1984 2112 299 16779 -2128 END
START -804 2260 2420 57 18770 -382 END
START -2220 3856 3300 330 19635 1816 END
START -3128 6028 4832 171 20449 2915 END
START -3504 7792 6876 415 22026 3239 END
START -4072 9936 9896 1764 23533 4000 END
START -4336 11380 11544 1906 25666 4022 END
START -5032 12720 14868 2460 25661 5379 END
START -6056 12600 18664 1643 25106 8370 END
START -8824 13928 24664 -419 24107 10154 END
START -8508 14144 28188 -2632 20189 12531 END
START -11804 14004 32767 -5425 20561 11845 END
START -16068 12028 32767 -6778 15391 12482 END
START -18740 11668 32767 -5874 9530 11258 END
START -18816 7616 32767 -7546 5697 8429 END
START -17660 1760 32767 -7870 327 8532 END
START -15752 -4640 32767 -5926 -2128 10738 END
START -15940 -7188 32767 -5197 -4987 10692 END
START -16968 -9424 32767 -1147 -9277 9098 END
START -14068 -11320 31084 1399 -12823 8400 END
START -12908 -11384 29276 3756 -14608 8209 END
START -11068 -10360 26192 5124 -15372 6562 END
START -11496 -10576 20928 5620 -16728 3784 END
START -9940 -9536 17504 6031 -17100 1048 END
START -8496 -9084 14192 6485 -16764 -1672 END
START -6336 -7800 11240 7140 -15767 -3563 END
START -4828 -6584 8060 8657 -12391 -4450 END
START -3416 -5412 5468 9210 -8988 -7399 END
START -1268 -3956 852 9279 -4978 -6527 END
START -808 -1288 -3396 6676 1958 -7802 END
START -792 2328 -4172 6069 8019 -7568 END
START -1268 4220 -3772 6236 8720 -8492 END