START -8580 2184 26868 -3416 2077 -8431 END
START -8168 1432 30308 -623 -616 -8052 END
START -9784 4056 31708 1621 -2958 -6619 END
START -9824 8040 32688 3006 -3773 -3685 END
START -7320 12388 29244 7785 -3735 -1131 END
START -11460 15256 26512 4265 -6440 2605 END
START -10572 18468 23884 3158 -8856 4585 END
START -9672 19344 21352 507 -10432 5662 END
START -7376 19560 19712 -1385 -11518 5662 END
START -5400 17216 15840 -4104 -12635 6074 END
START -3412 14732 13164 -6763 -11059 6449 END
START -2340 13180 11976 -6977 -10190 7730 END
START -2192 10952 10056 -7685 -9600 8259 END
START -1696 8756 8432 -8051 -8488 8792 END
START -1368 7188 7008 -8684 -7438 9352 END
START -1296 5580 5988 -9059 -6071 9840 END
START -1228 4076 4648 -9401 -4686 10019 END
START -884 3088 3704 -9531 -3381 10424 END
START -608 1964 3136 -9691 -1572 10664 END
START -316 932 2840 -9336 990 10860 END
START -184 4 2156 -8753 4032 10923 END
START -668 -960 1424 -8424 7034 11083 END
START -932 -1968 384 -7821 9835 11306 END
START -1304 -2756 216 -7280 12190 11232 END
START -1668 -3472 648 -7156 14360 10523 END
START -1980 -4660 2336 -6406 15583 10588 END
START -2912 -5808 4172 -7168 17334 8401 END
START -3628 -7456 5932 -7617 18745 5165 END
START -4372 -9124 8148 -7084 19725 1536 END
START -6028 -10960 11196 -6603 20821 -1937 END
START -8200 -13452 14060 -5591 20562 -3825 END
START -9476 -15244 18136 -1722 18637 -2941 END
START -11788 -14280 25548 -560 15910 -4473 END
START -9620 -11948 31960 -1194 15100 -9653 END
START -13764 -11748 32767 -1031 10433 -11904 END
START -12544 -10184 32767 2061 5933 -12711 END
START -21436 -7100 32767 3534 -1537 -13214 END
START -16200 -4196 32767 10075 1681 -10574 END
START -18260 -764 32767 11041 -825 -7811 END
START -16912 4064 32232 12324 -4022 -5913 END
START -20508 8744 31444 9553 -9545 -3760 END
START -17820 10916 28348 6173 -14817 -5673 END
START -13480 10224 23588 2363 -20413 -8868 END
START -7604 8680 22124 -160 -21597 -11320 END
START -4676 6356 19680 -702 -21299 -10767 END
START -2600 5144 15632 -254 -20143 -9063 END
START -184 4388 13060 579 -19812 -7528 END
START 552 4380 10520 736 -18033 -6266 END
START -128 4660 8212 984 -15666 -4796 END
START -680 4792 6228 959 -13956 -4061 END
START 908 4988 4536 1093 -12339 -3995 END
START 1184 4816 4124 1239 -10526 -4116 END
START 2252 4028 2980 935 -8367 -3652 END
START 2380 3972 2056 611 -5752 -3032 END
START 3168 3604 1324 293 -3201 -2708 END
START 3708 3016 824 -213 -542 -2704 END
START 3732 2256 108 -592 1477 -2723 END
START 3892 1988 -48 -1034 3974 -2448 END
START 4608 2100 236 -1154 6476 -2244 END
START 3816 2044 360 -1612 9537 -2790 END
START 3380 1360 -264 -1916 13101 -3053 END
START 2148 1552 -220 -1014 16288 -1543 END
START 1568 2700 444 374 19185 1385 END
START -100 4796 1980 617 20886 2180 END
START -28 5200 2680 1951 22919 4225 END
START -1320 7412 4900 2081 25098 5487 END
START -2508 9664 6192 2041 27564 5811 END
START -4060 11288 7796 1422 29280 5602 END
START -5792 11796 9584 796 30273 6522 END
START -6200 11304 12424 101 30975 8508 END
START -8472 10848 15220 -754 31641 12343 END
START -11020 11716 19796 -705 29204 15720 END
START -13160 12472 24332 -738 26024 17053 END
START -14412 11992 29508 -1152 22908 16889 END
START -16220 9100 32767 -380 22139 14928 END
START -23600 7852 32767 -5289 17949 12123 END
START -26136 2476 32767 -7485 12255 8335 END
START -27516 -3096 32767 -3960 4464 10211 END
START -25776 -6352 32767 1663 -1379 16180 END
START -27000 -4584 32767 1004 -7798 14315 END
START -25880 -4512 32767 1987 -12701 8306 END
START -20780 -7948 31604 4211 -15963 6298 END
START -18016 -9480 27368 6832 -17319 7896 END
START -15440 -8836 23012 10296 -17306 10092 END
START -14960 -4708 17480 11757 -17535 8793 END
START -11968 -3456 14272 12222 -16235 9505 END
START -10220 -1708 11140 11715 -14370 9771 END
START -10428 1092 8444 9305 -14326 6242 END
START -8264 2692 5836 6092 -14193 2623 END
START -8660 2880 3572 2417 -14618 -2559 END
START -4520 1592 1092 801 -14122 -8305 END
START -3384 52 304 1851 -10602 -10690 END
START -1240 716 -1684 2183 -4441 -10638 END
START -2084 1648 -2216 4302 1212 -9696 END
START -3376 4132 -568 3918 4467 -11037 END
START -3680 4472 468 3382 5102 -9998 END