START -1852 10684 26776 1694 939 -807 END
START -2960 12844 25032 1894 963 1033 END
START -3240 15620 26668 2180 -1348 3099 END
START -3528 16480 25648 1215 -2507 3427 END
START -4960 17836 26012 -1203 -4636 3780 END
START -4864 17660 25140 -2276 -6682 4721 END
START -4144 16524 24012 -4509 -7639 4724 END
START -3484 14804 22424 -5227 -8933 5611 END
START -2928 13276 20444 -4747 -9753 7467 END
START -2528 12396 18700 -4856 -9476 9228 END
START -1996 11300 16204 -4980 -9245 10877 END
START -1756 10260 13872 -5512 -8747 12036 END
START -796 8676 11472 -6588 -7896 12372 END
START 28 7364 9760 -7106 -6803 12719 END
START 400 6052 8272 -7535 -5277 13186 END
START 336 4816 6396 -8086 -3550 13457 END
START -140 3760 4736 -8315 -1607 13671 END
START -156 2824 3176 -8305 -198 13502 END
START -76 1848 2144 -9006 1006 12450 END
START 396 188 1304 -9568 2275 12058 END
START 428 -944 1508 -9843 3201 12078 END
START 536 -2176 1680 -10410 4529 11761 END
START 940 -3536 2048 -10984 6450 10813 END
START 848 -5052 1936 -11108 8504 9687 END
START 628 -6296 1976 -10281 10418 8572 END
START 724 -7000 2320 -8932 12537 7484 END
START 548 -7720 2888 -7654 14741 6674 END
START 88 -8040 4408 -6632 16164 5897 END
START -500 -8680 5796 -6630 18035 4499 END
START -396 -9524 6992 -6199 19151 2590 END
START -2112 -11360 9276 -6523 19930 671 END
START -3516 -12728 12648 -3902 20148 1315 END
START -4740 -13780 14768 -2935 19982 -580 END
START -6468 -13128 19512 -228 19434 -2997 END
START -6292 -12768 22608 868 18150 -5963 END
START -6940 -11576 28720 1756 16384 -9444 END
START -6700 -11192 32740 3659 14926 -10878 END
START -4988 -10936 32767 4193 11979 -10655 END
START -9128 -7340 32767 6016 10687 -10747 END
START -14172 -2744 32767 9400 8893 -8462 END
START -17024 2192 32767 12426 5288 -6909 END
START -16756 6440 32767 11659 541 -6591 END
START -16136 9240 32767 10284 -3824 -7025 END
START -12600 9976 32767 5734 -7132 -8435 END
START -10368 9864 32712 4435 -11822 -7708 END
START -8280 8624 29472 1581 -13684 -7603 END
START -6272 7680 26048 1811 -15328 -5897 END
START -4628 7076 23888 1774 -15685 -4169 END
START -3920 6620 21128 1967 -16624 -2450 END
START -3076 6168 19148 369 -16760 -2316 END
START -2124 5500 15720 -1337 -16516 -3106 END
START -1404 4796 13384 -2137 -16713 -3796 END
START -796 4028 11172 -1494 -16811 -3410 END
START 716 3208 9704 -1286 -16008 -3016 END
START 1296 2800 8680 -1428 -14451 -2712 END
START 1732 2544 7752 -979 -12819 -1986 END
START 2420 2496 6632 -684 -11213 -1401 END
START 2684 2188 6136 -1049 -9153 -1895 END
START 3048 1372 5268 -1324 -7327 -2325 END
START 2604 748 4580 -1280 -5486 -2882 END
START 3176 -284 3324 -916 -3860 -3044 END
START 3780 -1048 2896 -523 -2351 -2751 END
START 3696 -1276 2764 75 -542 -1714 END
START 3276 -936 2576 536 1166 -1193 END
START 2880 -512 2492 857 3350 -1424 END
START 1960 -36 2364 1007 5816 -1721 END
START 1504 300 1964 1335 8015 -2003 END
START 1128 536 1820 1752 10113 -2120 END
START 1052 752 1384 2235 12076 -2179 END
START 948 848 1392 2835 14186 -1854 END
START 832 1256 1724 2774 16155 -1363 END
START -24 2000 2444 2256 18146 -744 END
START -1384 3000 3516 1280 19555 -1172 END
START -960 2584 3680 1787 21531 99 END
START -1224 3816 5308 2078 23453 1421 END
START -1532 5840 6496 2752 25566 2734 END
START -2080 8032 8476 4340 27507 5171 END
START -3648 10848 12448 5773 28218 7814 END
START -5732 13372 17116 5996 27718 10053 END
START -5220 15856 22720 2085 26539 8595 END
START -12164 14980 28760 691 23168 10443 END
START -14600 15588 32767 -3516 15449 8535 END
START -17112 11044 32767 -6442 11820 4592 END
START -18752 6104 32767 -13030 9195 543 END
START -19080 1588 32767 -4562 230 4064 END
START -16932 -880 32767 -4813 -2560 3804 END
START -15828 -4576 32767 -4399 -4973 3740 END
START -14896 -7692 32767 -1017 -7464 4856 END
START -13276 -9980 32767 2151 -7998 4685 END
START -12484 -9420 29904 6115 -9181 4979 END
START -11832 -8312 25056 7450 -9968 4647 END
START -8228 -7512 20576 8506 -10419 4678 END
START -8692 -5772 17500 8186 -9965 4070 END
START -7292 -4092 13124 7579 -9323 2734 END
START -6020 -2932 10972 7042 -9612 648 END
START -4880 -2596 8840 6232 -9323 -2245 END
START -3228 -2744 6760 5831 -7741 -4295 END
START -3068 -3040 4488 5595 -5294 -5318 END
START -2792 -2648 2820 5794 -3554 -5877 END
START -2072 -1968 2612 6144 -2164 -6582 END
START -452 -1044 1700 5453 -79 -7316 END
START -20 512 2336 5264 2830 -8468 END
START -492 1316 3036 5538 4628 -9026 END
START -572 1700 3968 5225 6672 -9736 END