START -7964 4412 26412 -2808 -209 -7650 END
START -7708 4272 25784 -2146 -641 -7844 END
START -6968 5680 27136 1183 -3394 -4854 END
START -11352 7300 28240 1860 -4456 -3009 END
START -8088 9352 26848 2732 -5317 -846 END
START -9288 11984 27228 3087 -7095 704 END
START -9032 13880 24900 1959 -8408 847 END
START -9312 14860 22528 988 -10154 898 END
START -8692 15468 20652 542 -11648 1982 END
START -7692 15728 18420 -1337 -11546 2087 END
START -6052 14924 16084 -1547 -11462 3206 END
START -4704 13912 13428 -2418 -10792 4324 END
START -4148 12864 11004 -2843 -10280 6675 END
START -3160 12284 9440 -3165 -8921 8946 END
START -2248 11912 7904 -3928 -7838 10283 END
START -1192 11124 6716 -5628 -6687 10547 END
START -1616 9712 5396 -7635 -5361 9772 END
START -1220 8268 4172 -8582 -4411 9551 END
START -180 6044 3292 -9074 -2759 9467 END
START 296 4448 2960 -9581 -782 9504 END
START 548 3140 2592 -9899 1595 9807 END
START 624 1956 1900 -9839 3719 10464 END
START 256 1016 1724 -9506 5663 11405 END
START -48 752 1608 -9183 7417 12192 END
START -544 96 1196 -9117 10157 11806 END
START -1116 -676 1284 -8333 12747 10729 END
START -2148 -1712 1972 -7717 15404 9325 END
START -1968 -3780 2804 -7564 17383 8293 END
START -2820 -5032 3972 -7252 18989 7743 END
START -4020 -6456 5580 -7403 20900 5794 END
START -4088 -8472 6008 -5352 22295 5676 END
START -5652 -8588 9636 -3891 23208 5324 END
START -8256 -9444 13388 -4572 22990 2665 END
START -10040 -9808 17168 -5439 22069 -1788 END
START -12548 -11248 22528 -3762 17893 -4770 END
START -15696 -11476 27672 -4640 13378 -10976 END
START -16052 -12516 32767 -3486 7899 -14705 END
START -13532 -13624 32767 -3390 6531 -15612 END
START -14164 -10388 32767 842 2333 -12721 END
START -11940 -7852 32767 6627 3410 -14835 END
START -15796 -3596 32767 7521 -2081 -10824 END
START -16472 1768 32767 10299 -2237 -8971 END
START -17508 5552 32767 11566 -4501 -5995 END
START -17772 10160 30876 9934 -8108 -5534 END
START -17228 11992 26232 6333 -11745 -5216 END
START -14076 12192 22040 3136 -15627 -5514 END
START -10608 11668 19060 298 -17935 -5991 END
START -6556 10380 16728 -1179 -19543 -6014 END
START -4984 8640 13564 -2381 -18380 -5888 END
START -2352 6800 10788 -3029 -17577 -4822 END
START -1512 5644 9092 -2754 -16516 -3805 END
START 72 4752 6784 -3538 -14525 -3573 END
START 752 3744 4996 -4181 -13027 -3384 END
START 1220 3096 3740 -3810 -11888 -2528 END
START 1896 2280 3436 -4450 -10065 -2444 END
START 3268 1252 2424 -4165 -7592 -2106 END
START 4008 888 2216 -3729 -4943 -1738 END
START 3824 608 1552 -2980 -2206 -1751 END
START 4316 -124 1160 -2023 682 -2169 END
START 3984 -640 1288 -1252 3251 -2448 END
START 3756 -504 1456 -584 6239 -2425 END
START 2792 -440 1900 -313 8826 -3027 END
START 2632 -580 1892 -201 10526 -3879 END
START 2120 -1648 2036 580 12807 -4228 END
START 1408 -1408 2976 2150 15512 -2882 END
START 404 -64 3388 4221 18523 -790 END
START -148 2096 4272 6470 21178 1392 END
START -648 5020 5152 8770 24206 4291 END
START -1692 8340 6216 9849 27141 6952 END
START -6652 12100 9168 10088 29161 9042 END
START -4584 14016 11572 7531 28950 10118 END
START -6948 14864 16112 4953 27859 9045 END
START -9480 16032 20224 2485 26063 8707 END
START -8528 15948 23656 2641 25269 10953 END
START -7236 15948 24840 3993 26854 11163 END
START -13360 16764 29524 1227 22692 14561 END
START -19580 14188 32767 -2173 20452 13260 END
START -21656 7732 32767 -4465 14439 13083 END
START -23376 3072 32767 -10285 9838 10639 END
START -21656 -1716 32748 -8540 1064 10966 END
START -24316 -2960 32767 -7450 -5353 8408 END
START -23716 -6432 32767 -6680 -9947 4994 END
START -22260 -9524 32767 -4028 -15281 3609 END
START -19984 -11152 32767 -2000 -18086 3213 END
START -18592 -11220 32552 1031 -20470 3175 END
START -16212 -10076 28088 5599 -22602 3629 END
START -13324 -8492 23060 10096 -22507 4805 END
START -13872 -2396 18896 13475 -21189 5366 END
START -12652 -788 14440 11579 -19323 3952 END
START -10752 884 7580 9478 -18759 1982 END
START -9624 1280 4028 7341 -19087 58 END
START -6268 1412 -280 5725 -19267 -1711 END
START -4436 1604 -1636 4765 -17408 -3371 END
START -1984 2012 -3608 4815 -12921 -6187 END
START 480 2988 -4216 6863 -7368 -8108 END
START 1248 4536 -3144 7777 -2232 -8735 END
START 104 6192 -5228 4033 6027 -8594 END
START 2176 10832 -6696 3247 14793 -8142 END
START 504 9368 -4880 3877 19939 -8494 END