START -6432 13536 17472 -2412 -11553 6007 END
START -6084 12692 17940 -2150 -11214 6643 END
START -6484 10836 17176 -3202 -11481 6859 END
START -5348 8828 15036 -3013 -11434 8446 END
START -4284 7552 13140 -2542 -11718 10527 END
START -2588 7196 11732 -2024 -11328 12638 END
START -1440 6864 11196 -3115 -10079 13567 END
START 392 5912 9680 -4180 -8225 13686 END
START 1576 4904 8276 -4919 -6043 14371 END
START 2340 3980 6696 -5483 -3610 15391 END
START 2420 3696 5500 -6736 -767 16071 END
START 2064 3192 4072 -7941 2109 16541 END
START 1728 2676 2192 -8648 3856 16818 END
START 1636 2568 868 -8757 4938 17290 END
START 1264 2684 732 -9226 6417 17031 END
START 1816 2536 760 -10073 8427 15811 END
START 1864 1388 1912 -11208 10958 14337 END
START 1556 -68 3316 -12083 13841 13531 END
START 656 -1632 4168 -13141 16627 12897 END
START -316 -3256 4200 -14275 19587 11596 END
START -2556 -5304 2840 -13698 21914 10302 END
START -2384 -7196 3176 -11177 23212 8992 END
START -5032 -8116 6460 -9792 22040 6717 END
START -3980 -11448 8444 -8891 22706 6444 END
START -4764 -12964 12196 -9382 23628 4981 END
START -6024 -15188 14268 -8553 23883 1785 END
START -8644 -16828 18232 -7158 22131 -2249 END
START -6616 -19960 19940 -5240 19874 -6174 END
START -9900 -21304 23744 -550 16180 -8987 END
START -9040 -20676 27500 4794 13304 -8745 END
START -9416 -18508 30520 6694 13265 -10097 END
START -11028 -14980 32767 9206 12014 -11814 END
START -12516 -10784 32767 12133 9892 -13815 END
START -12396 -7328 32767 15107 5105 -12402 END
START -14452 -1024 32767 17127 2790 -9716 END
START -16540 5068 32767 17386 -702 -8237 END
START -18008 9732 32767 16018 -5598 -9093 END
START -16204 11732 30588 10983 -10088 -12402 END
START -13996 12136 26928 7514 -13674 -13512 END
START -10348 11792 23876 5785 -15898 -11228 END
START -6184 10656 21124 4334 -17749 -7629 END
START -4900 10412 20008 2570 -19169 -5749 END
START -3804 9084 18396 1372 -18875 -4648 END
START -2760 7976 16256 96 -18311 -3993 END
START -2188 6696 14376 -292 -17546 -3977 END
START -1520 5680 12244 -368 -16442 -3117 END
START 108 4772 9892 106 -15251 -2431 END
START -196 4124 9184 696 -14423 -1814 END
START 1120 3836 8364 245 -13125 -1266 END
START 2400 3428 7496 -80 -11244 -704 END
START 2156 2860 7144 -693 -9505 -527 END
START 2232 1992 6016 -924 -7532 -9 END
START 2576 1124 5320 -1238 -5407 19 END
START 2504 304 4912 -1245 -3863 -676 END
START 3060 -696 4044 -954 -2361 -1513 END
START 3452 -1116 3972 -527 -501 -2433 END
START 3556 -1420 4116 -400 1837 -3116 END
START 4448 -2316 3964 -694 3895 -3433 END
START 3000 -2956 4224 -615 6500 -2845 END
START 1944 -2716 4516 351 8780 -1047 END
START 1056 -1504 4348 1228 11521 244 END
START 148 -148 4420 1456 14543 477 END
START -668 1196 4380 1365 16675 -132 END
START -2684 2176 4656 939 18555 -1707 END
START -3216 2616 5600 983 19181 -2595 END
START -4164 2512 6644 81 20180 -3121 END
START -4520 3692 8032 1116 21089 -1129 END
START -5248 6068 9848 3254 23102 3360 END
START -5756 9536 10836 4357 25866 6923 END
START -5620 13124 12012 5719 27717 10772 END
START -12428 16820 17180 5602 28930 13675 END
START -8740 17372 20364 2420 25803 16304 END
START -10424 17800 23540 -4125 23391 14832 END
START -10476 14196 25764 -6564 20360 13756 END
START -12844 10768 31940 -10253 15720 11026 END
START -16200 5408 32767 -12333 10687 7381 END
START -17040 -1092 32767 -9611 5161 8342 END
START -16864 -4960 32767 -10247 1223 7723 END
START -16444 -10152 32767 -9091 -3603 4327 END
START -15288 -14520 32767 -4775 -8456 3040 END
START -13840 -16532 32767 858 -10103 2239 END
START -12400 -16708 31532 6542 -12394 1833 END
START -10324 -15776 25512 10854 -12492 555 END
START -10460 -14472 21920 14178 -12375 -1049 END
START -9048 -11528 15940 15920 -10230 -3484 END
START -8360 -9428 11624 16727 -9168 -5916 END
START -7052 -6608 8936 17837 -6745 -7165 END
START -7064 -3924 5684 17747 -4283 -9388 END
START -5684 -2420 2032 16631 888 -10831 END
START -6660 796 -960 15143 6024 -11153 END
START -7824 2064 -1272 16025 6797 -6497 END
START -9144 5900 -276 13985 4822 -1836 END