START -12536 10692 20044 -582 -10061 -428 END
START -11980 12620 20780 116 -10119 1584 END
START -11712 13604 20020 799 -11596 4385 END
START -10956 14476 18836 689 -11813 6879 END
START -10256 14796 18720 -583 -12010 8569 END
START -8180 13656 15172 -1105 -11424 9408 END
START -6484 12528 12600 -2377 -11119 10071 END
START -5560 11040 11672 -3355 -9884 10740 END
START -3860 9336 9560 -4589 -9118 11587 END
START -2752 7932 7912 -5582 -8019 12300 END
START -1688 6772 7032 -6541 -6501 13095 END
START -1320 5588 6236 -7707 -4735 13548 END
START -736 4452 5448 -8351 -2700 14462 END
START -208 4020 4632 -9865 -761 14461 END
START 100 3100 3920 -11288 1072 13977 END
START 404 1772 2728 -11993 3631 13534 END
START 480 824 2252 -12068 5873 13099 END
START 908 -188 1980 -12383 8121 11903 END
START 612 -1740 2000 -12358 10268 11016 END
START 48 -3440 2784 -12675 12375 10435 END
START -828 -4540 3248 -12535 14337 10174 END
START -2472 -5192 3816 -12527 16058 8815 END
START -3148 -7144 5036 -12116 17083 7580 END
START -4288 -8420 7688 -11413 17360 6844 END
START -5156 -9392 10688 -11449 17294 4619 END
START -5712 -10752 14724 -12096 16658 1159 END
START -7804 -11628 18588 -11941 16962 -3014 END
START -8024 -14504 20580 -10736 14970 -7172 END
START -10692 -15396 25192 -8893 13543 -10769 END
START -9104 -17164 25780 -5455 11032 -9958 END
START -10020 -16088 30112 -2330 9445 -8296 END
START -10256 -13980 32767 1683 6786 -6253 END
START -12472 -9832 32767 4091 5361 -6735 END
START -19076 -7100 32767 6504 163 -8443 END
START -14960 -3724 32767 8748 1278 -9360 END
START -15800 -1520 32767 10826 -1782 -8755 END
START -15680 1200 30632 11826 -4922 -7696 END
START -14840 3756 27860 11830 -8252 -6036 END
START -13248 5432 25120 9989 -10522 -5449 END
START -10868 6132 21904 8352 -13025 -5233 END
START -9068 6444 19996 6235 -15439 -6102 END
START -6804 5800 18264 4718 -16823 -6874 END
START -6620 4412 15732 3733 -17853 -7376 END
START -3212 3908 13472 2276 -17085 -7423 END
START -1524 2792 11460 1546 -15916 -7430 END
START -900 2548 9408 2361 -14400 -6329 END
START 188 2360 7852 2457 -12849 -5477 END
START 888 2480 6724 2541 -11252 -4619 END
START 788 2952 5880 1622 -9181 -4310 END
START 936 2968 4740 494 -7551 -4788 END
START 1756 2504 4172 -7 -6343 -5856 END
START 2012 1964 3584 -42 -4048 -7083 END
START 2216 1356 3456 79 -1149 -7269 END
START 2540 944 2772 534 2002 -6503 END
START 2496 928 2384 1356 5091 -5166 END
START 2620 1180 2088 1937 7898 -3478 END
START 2372 1504 2012 2075 10913 -1828 END
START 1652 2368 1944 2438 13572 -69 END
START 292 3944 1988 2163 16107 735 END
START -360 5152 2176 1567 17915 580 END
START -1308 5604 2160 249 20053 -197 END
START -992 5180 2640 -394 20983 708 END
START -2252 5152 3816 -1460 21446 2596 END
START -3340 6052 6492 -1555 20156 4815 END
START -4828 6848 9720 1133 21405 8851 END
START -4504 8468 12748 3093 22228 11363 END
START -7696 11696 17812 6136 23425 13230 END
START -7840 14148 21228 7706 23259 13920 END
START -9044 14908 25772 6327 24223 14489 END
START -10004 14816 27876 5161 22053 17110 END
START -7132 11540 28024 4152 21416 16754 END
START -18668 12604 28840 3052 15994 19268 END
START -19952 10756 32767 2455 9847 19569 END
START -22740 8432 32767 -1077 7011 15721 END
START -23340 3984 32767 -854 486 13455 END
START -21296 484 30628 -69 -3767 10133 END
START -20128 -1836 28792 -421 -7373 8123 END
START -18176 -3736 27464 2058 -10324 7086 END
START -15968 -5952 24256 4098 -10998 7401 END
START -14500 -6940 20660 5582 -11241 8587 END
START -13268 -6648 17156 6796 -11326 7997 END
START -10980 -6416 14324 7196 -11656 6664 END
START -10532 -6024 12292 6829 -10697 4805 END
START -8780 -6064 10080 5542 -10512 1430 END
START -6148 -4860 8824 4900 -8520 -1100 END
START -4600 -4080 7504 3823 -5546 -4196 END
START -3624 -4024 6172 3689 -2134 -7722 END
START -2100 -3224 4908 3254 1816 -9830 END
START -2188 -2304 4252 3545 5587 -11958 END
START -1364 -2120 3832 4258 8511 -13377 END