START -6648 8720 24964 4469 -10022 5876 END
START -6784 10528 23724 5328 -9769 8384 END
START -6368 11448 20848 4467 -10115 10400 END
START -5856 11736 18384 1942 -10438 11271 END
START -5800 11256 15760 -929 -11283 11702 END
START -4564 9840 13248 -3238 -11943 11582 END
START -3792 8548 12172 -5087 -11707 11272 END
START -2456 6860 10556 -5523 -10356 10550 END
START -1536 5064 9252 -5652 -8200 10466 END
START -612 3616 7840 -5155 -6446 11762 END
START -600 2912 6536 -4674 -4895 13486 END
START -632 2616 5492 -4635 -3107 14532 END
START -428 2400 4744 -4982 -1254 15388 END
START 200 1992 4144 -5811 397 15408 END
START 760 1232 3540 -6931 2259 14965 END
START 548 524 3040 -7977 4298 14590 END
START 712 -576 2332 -8137 6311 14234 END
START 472 -1264 2436 -8597 8172 13758 END
START 540 -2128 2764 -8886 10681 12978 END
START 380 -3312 2808 -8604 12822 11868 END
START -516 -4716 2936 -8117 14704 11127 END
START -936 -6268 4068 -7188 15881 10532 END
START -1568 -6444 4780 -5921 16726 9070 END
START -400 -8620 5832 -5007 19268 7885 END
START -1076 -9208 7856 -3588 22153 7715 END
START -2420 -9828 8628 -3120 23940 5856 END
START -4440 -10848 10744 -2671 23808 3939 END
START -6208 -11612 13308 -1614 23213 1957 END
START -8360 -12692 15444 -1072 21963 -1106 END
START -9420 -13720 17940 704 20322 -3261 END
START -10988 -13212 21912 2261 20118 -5010 END
START -11544 -13516 24856 3624 16651 -5259 END
START -13012 -11860 29144 3986 14507 -7176 END
START -13536 -12048 31992 4273 10938 -9140 END
START -15276 -8824 32767 6110 8782 -11606 END
START -18768 -7944 32767 9871 6333 -12280 END
START -16816 -4484 32767 10671 5572 -11717 END
START -17380 -1320 32767 13485 4088 -8417 END
START -18480 3112 32767 15828 -154 -6229 END
START -18532 6880 32660 13260 -4909 -6777 END
START -17336 8956 31520 8984 -8931 -8844 END
START -16052 8944 28780 5717 -13005 -10807 END
START -13888 7624 26536 3481 -17680 -12465 END
START -12200 6800 24304 1980 -20078 -12842 END
START -9624 5704 21152 2488 -20474 -11118 END
START -9328 5268 18400 3937 -21613 -9309 END
START -6004 5636 15760 4272 -19821 -7848 END
START -3540 5952 13100 4424 -18867 -6107 END
START -3188 6380 11468 4012 -18370 -5044 END
START -1696 6804 9536 4028 -17588 -3867 END
START -1096 7184 8360 3205 -16466 -3369 END
START 76 6628 7188 1349 -14868 -3511 END
START 1212 5896 6028 414 -13569 -3662 END
START 2188 5328 4748 -141 -12279 -3695 END
START 2784 4756 4016 -1126 -10492 -3558 END
START 3368 4200 3292 -1016 -8923 -2430 END
START 4044 4084 2920 -1260 -7022 -1831 END
START 4528 3564 2408 -1689 -4502 -1670 END
START 4508 3184 2372 -1776 -1755 -1035 END
START 3972 2744 2484 -1678 512 -532 END
START 4016 2340 2768 -1824 2803 -981 END
START 3844 2064 2996 -1813 5272 -1948 END
START 3428 1796 3156 -1762 7652 -3006 END
START 3204 996 3068 -1467 9872 -3810 END
START 2336 816 3232 -1686 12410 -4277 END
START 632 1000 3232 -1930 14727 -4665 END
START 292 264 2312 -221 17445 -1956 END
START -908 952 2716 695 20350 1216 END
START -2112 3276 2856 2281 22691 4453 END
START -2748 6916 4076 3156 25367 6111 END
START -3728 10184 5124 3250 27803 6718 END
START -4280 11272 5804 3706 29494 8737 END
START -5888 13404 9436 2776 30932 10614 END
START -3632 14284 12484 -964 31611 11228 END
START -11984 14268 16292 -1133 31823 14042 END
START -13308 15480 19732 -923 28684 17279 END
START -14992 16740 26940 -416 24577 18964 END
START -13780 16360 32767 -7395 20818 16397 END
START -20764 10796 32767 -13117 18483 13088 END
START -24580 4252 32767 -13028 9697 10239 END
START -25028 -1044 32767 -14514 4655 4992 END
START -20780 -11432 32767 -4026 795 12956 END
START -21800 -10360 32767 50 -4003 16434 END
START -21824 -8676 32767 4955 -6567 14313 END
START -20856 -8592 32767 3599 -10949 10610 END
START -17832 -9384 30916 3178 -13484 7603 END
START -16312 -9480 25112 6342 -15724 9332 END
START -14940 -8988 19856 8101 -16014 7122 END
START -13048 -5464 16796 8358 -17047 4849 END
START -11168 -5676 13360 8646 -16386 2357 END
START -8396 -5060 11200 7567 -14821 -378 END
START -7144 -4168 8484 7577 -11741 -1987 END
START -6656 -1884 5832 5559 -9340 -5778 END
START -3876 -2004 2020 4996 -7626 -8108 END
START -2864 -184 76 2413 -3924 -11295 END
START -2424 144 612 1486 -547 -14417 END
START -1916 236 -16 1041 1849 -17804 END