START -5556 504 26836 -5060 4168 -6575 END
START -5468 -1284 28228 -4970 2739 -8924 END
START -7028 -2264 30900 -1994 -42 -8711 END
START -7952 -1564 31524 987 -953 -7217 END
START -7368 1584 31208 4108 -4509 -5361 END
START -7720 3036 31144 7214 -3965 -2793 END
START -8536 6776 30160 6311 -5978 -2318 END
START -7984 9956 29856 5053 -8999 -3171 END
START -7092 11396 27236 2387 -11686 -4008 END
START -5924 11832 24176 1996 -14087 -3985 END
START -5236 12596 23796 1175 -14340 -3093 END
START -5900 13792 22652 943 -13200 -347 END
START -6540 14708 19848 1029 -12758 2552 END
START -6632 15680 17688 397 -13438 3869 END
START -5520 15700 15624 -370 -13912 3858 END
START -3644 15068 13524 -584 -13592 3779 END
START -2644 13648 11868 -408 -12455 4723 END
START -2088 12256 10068 -546 -10913 7781 END
START -2116 11496 8440 -1291 -9881 10240 END
START -1848 10972 7088 -2597 -9176 12125 END
START -1760 10176 6160 -4179 -8083 12950 END
START -1344 8824 5232 -5665 -6237 13010 END
START -836 7208 4664 -6632 -4305 12559 END
START -424 5276 3736 -7095 -2479 12920 END
START 76 3552 3564 -7642 -236 13125 END
START 488 1760 3428 -8401 1901 13512 END
START 468 568 3300 -8655 3624 14267 END
START 548 -440 3260 -8296 5008 15414 END
START 308 -908 3972 -8608 6757 15590 END
START 472 -1288 4372 -9500 9333 15019 END
START 168 -1908 3864 -9929 12185 14617 END
START -1336 -2764 4216 -10245 14715 13744 END
START -3760 -4204 4148 -9424 16660 12726 END
START -5464 -5904 5072 -8377 17232 9675 END
START -4384 -8960 6452 -7091 17581 8573 END
START -4616 -9928 8804 -5970 18219 9791 END
START -5196 -9552 11448 -5582 18423 8619 END
START -6312 -9740 14184 -6905 18331 4958 END
START -7032 -10764 16388 -7179 17918 903 END
START -7680 -12428 18384 -5308 16604 -2390 END
START -9028 -14172 22012 -5596 14931 -7197 END
START -7092 -16244 24512 -3493 12554 -9849 END
START -8876 -16504 28624 94 8746 -10866 END
START -8328 -15732 32356 4018 5939 -9829 END
START -8884 -12860 32767 4833 5457 -10776 END
START -8288 -9512 32767 7408 3467 -11822 END
START -8668 -6864 32767 11213 1551 -12867 END
START -9924 -1176 32767 13592 124 -11508 END
START -11232 3716 32632 15047 -630 -9262 END
START -13656 8512 30692 14006 -3561 -7138 END
START -14520 11508 26936 10414 -7191 -6308 END
START -12836 13188 23888 6712 -10866 -6301 END
START -9352 13012 21212 4334 -14244 -6234 END
START -5548 11840 18496 1846 -15009 -7151 END
START -3380 9968 16504 1003 -15265 -6786 END
START -976 8852 15448 1449 -14825 -5555 END
START -408 8104 14664 862 -13231 -4585 END
START 68 7272 13448 169 -11507 -3857 END
START -80 5796 10912 -749 -10228 -3673 END
START -388 4888 9500 -923 -9495 -3083 END
START 492 4140 8308 -851 -8414 -1789 END
START 308 3948 7540 -1117 -7117 -1187 END
START 776 3440 6656 -1261 -5978 -1055 END
START 912 2524 6060 -1168 -4545 -1780 END
START 2184 1724 5580 -821 -2832 -2108 END
START 3048 1128 5528 -241 -728 -1768 END
START 3580 624 5460 -24 965 -1646 END
START 3404 340 5112 285 3118 -1561 END
START 3264 416 5364 248 5823 -1540 END
START 2588 900 5064 60 8472 -1361 END
START 2016 704 4992 -196 10557 -1248 END
START 1624 924 4624 -184 11837 -557 END
START 600 1636 4588 32 13388 235 END
START -288 2556 4140 212 15098 1081 END
START -1292 4176 4584 596 16898 2387 END
START -1956 6356 4792 1599 18632 4253 END
START -2656 8892 6120 2574 21102 6898 END
START -3908 11468 8636 2027 22857 8543 END
START -4908 12400 11332 -191 23538 8599 END
START -6440 11972 13424 -3597 23998 8766 END
START -8468 11588 15392 -6578 22875 9732 END
START -6124 10440 18112 -5772 19738 11518 END
START -9948 11620 24756 -4712 17106 12650 END
START -12784 9620 30144 -5197 15057 12543 END
START -12808 5816 32767 -8734 12816 9861 END
START -15052 500 32767 -9126 9268 8060 END
START -15112 -4080 32767 -6750 5561 7515 END
START -16620 -7428 32767 -5725 2876 6072 END
START -16552 -10840 32767 -2269 -2971 4492 END
START -15516 -13720 32767 1610 -8168 3600 END
START -14008 -14612 31192 4086 -10416 3348 END
START -12800 -14064 28104 7646 -12169 2654 END
START -10712 -12352 23504 11586 -12880 1126 END
START -8576 -10512 20312 15157 -11638 -903 END
START -7228 -8036 18032 18267 -10973 -2718 END
START -6288 -6112 13656 17949 -8551 -5259 END
START -8192 -3716 8756 16639 -2930 -6594 END
START -7120 -1880 4972 16033 567 -6960 END
START -9976 20 3152 16616 -145 -8185 END