START 44 7196 18004 -621 -5040 2545 END
START 224 9044 19460 -1197 -4668 2600 END
START 384 9864 19796 -1426 -5261 2739 END
START 388 10016 19772 -3145 -5220 2619 END
START -400 9672 19368 -4526 -4679 2446 END
START -900 8668 17916 -4587 -4659 2610 END
START -1120 7748 17264 -4277 -4717 2975 END
START -720 7024 15952 -3643 -4576 4279 END
START -404 7020 15316 -2980 -4174 5908 END
START -216 7276 14144 -2389 -3213 7149 END
START -352 7472 13064 -1855 -2283 8086 END
START -260 7268 11832 -1992 -1430 8334 END
START -460 6816 10620 -2593 -583 8638 END
START -428 6252 9184 -3295 401 9084 END
START -264 5580 7940 -3983 1260 9526 END
START -368 4916 7012 -4652 2109 9978 END
START -184 4360 6280 -5225 3415 10327 END
START -224 3844 5472 -5948 4937 10469 END
START -332 2788 4364 -6246 6625 10246 END
START -204 1816 3776 -5782 8174 10073 END
START -60 900 3640 -5679 9938 9908 END
START -16 -60 4292 -6122 11373 9467 END
START -472 -1608 5052 -7111 12297 8668 END
START -892 -3572 5580 -7949 13108 7489 END
START -1512 -5468 6752 -8191 13988 6527 END
START -2600 -6036 7396 -7344 14284 5245 END
START -1784 -7616 8044 -5117 16367 4857 END
START -2756 -7784 11340 -3250 18532 4865 END
START -4184 -8840 12972 -3250 18883 2382 END
START -4976 -10404 14936 -1976 18597 892 END
START -5632 -11064 17380 -1530 17538 -959 END
START -5884 -10328 20100 -911 17614 -3530 END
START -7836 -8728 22876 2459 16339 -3884 END
START -8388 -6588 26124 3174 14264 -6648 END
START -8548 -6340 29028 1928 13553 -8781 END
START -8584 -5668 30368 3118 11196 -11447 END
START -9924 -4172 32767 5439 9198 -12374 END
START -9000 -1264 32767 8287 6052 -10600 END
START -10308 2532 32767 11488 5078 -5324 END
START -12728 8464 32767 10640 2583 -2773 END
START -14600 12120 32767 6576 -1004 -3630 END
START -13600 12876 32767 1300 -5501 -6484 END
START -11988 12424 32384 -860 -10343 -9033 END
START -8760 8892 29236 -3804 -12682 -10010 END
START -6128 7260 28252 -2100 -13847 -7765 END
START -5040 6648 26056 -998 -13213 -5653 END
START -4200 6564 23576 1149 -13127 -2666 END
START -4688 6196 20124 692 -13179 -986 END
START -4812 6172 17500 -86 -14471 319 END
START -3984 6064 16048 -2115 -15376 -654 END
START -3000 4452 13852 -3305 -15902 -2286 END
START -1920 2992 12572 -3007 -15596 -2734 END
START -280 1560 11532 -2022 -14490 -1956 END
START -340 1124 10420 -823 -12327 -1168 END
START -156 1092 8840 959 -10733 121 END
START -508 1312 7444 1477 -9115 322 END
START -256 1136 6580 1628 -8141 -136 END
START 532 948 5932 1262 -7158 -274 END
START 1024 336 5524 915 -6304 -335 END
START 1336 -112 5552 479 -4964 -463 END
START 1872 -576 5636 461 -2953 -477 END
START 1956 -440 5192 884 -714 -44 END
START 1736 -172 4628 898 1251 -205 END
START 1744 -4 4264 855 3039 -832 END
START 1616 -104 4184 906 4834 -1355 END
START 1036 72 4160 781 6889 -1303 END
START 376 372 4076 449 8389 -949 END
START -400 568 4400 -7 9536 -498 END
START -768 864 5192 -496 10625 -261 END
START -1180 1308 5616 -1164 12119 -401 END
START -1740 1632 6000 -1907 13886 -1101 END
START -2208 1548 6164 -2008 15444 -2446 END
START -2836 1572 6768 -1368 16783 -3079 END
START -3620 1292 7772 -456 19005 -2041 END
START -4640 1872 9028 536 20252 -102 END
START -5736 3484 10288 1908 20904 2143 END
START -6336 5968 12708 2599 21488 4308 END
START -6556 7608 14260 3131 21464 5444 END
START -6420 8380 16528 2277 21701 5894 END
START -8652 10148 19436 1952 20880 5662 END
START -5844 10552 21652 1425 19577 6011 END
START -7124 11116 24844 1827 17770 8654 END
START -7260 11548 29144 1182 16553 9491 END
START -8816 11480 31064 -1961 15474 9516 END
START -9212 9892 32767 -5669 13859 7380 END
START -13280 6844 32767 -5595 9138 6774 END
START -15220 3756 32767 -6837 5804 4615 END
START -15148 696 32767 -6267 1929 3230 END
START -14300 -2488 32767 -4559 -826 3403 END
START -13276 -4504 32464 -2069 -2035 4661 END
START -13344 -5340 29816 222 -3619 5851 END
START -13460 -6252 27032 1230 -5111 4775 END
START -12864 -7376 22872 2441 -7073 3220 END
START -11712 -8092 19572 4361 -8680 1414 END
START -9928 -7720 16716 6859 -9243 133 END
START -11212 -7756 14568 9908 -8409 41 END
START -6952 -6780 10820 9294 -6416 -2914 END
START -4864 -6060 7800 8602 915 -6762 END
START -6432 -5928 4152 8966 4590 -6990 END
START -6664 -5300 1588 10274 4801 -4928 END