START -188 10164 22092 -1438 -554 -1182 END
START 484 10836 24788 -2607 -2924 -1994 END
START -836 11048 25844 -1513 -3578 -1269 END
START -1376 12200 25920 -659 -4221 -377 END
START -3540 13932 26768 -443 -3783 831 END
START -1808 14556 24068 578 -4340 2964 END
START -2988 14820 22148 -212 -4941 4206 END
START -3456 14620 19688 -2021 -6198 5137 END
START -3180 13504 17456 -3914 -7423 6279 END
START -2560 12636 15044 -5505 -7735 7399 END
START -1888 11644 13116 -6399 -6949 8635 END
START -1632 10884 10688 -6559 -5766 9700 END
START -1360 9696 8936 -6597 -4386 10406 END
START -336 8236 6952 -6544 -2930 11036 END
START 196 6852 5844 -6735 -928 11782 END
START 480 5956 4304 -6951 1191 12823 END
START -92 5120 3580 -8134 3402 13103 END
START 16 3352 2004 -9178 4875 13055 END
START -504 1704 1840 -9898 5678 13032 END
START -640 404 1572 -10895 6846 12503 END
START -884 -744 1508 -11348 8297 12117 END
START -804 -1992 1452 -11673 10313 11495 END
START -1112 -3324 1136 -11635 12745 10748 END
START -1764 -4400 1468 -11231 15371 10086 END
START 748 -5916 500 -10290 16445 9839 END
START -3892 -7248 3516 -8659 17951 9330 END
START -3872 -9336 6488 -9949 19743 6306 END
START -4924 -12780 6980 -8068 21669 7641 END
START -7012 -14164 9500 -5811 21906 6372 END
START -8100 -15460 13356 -3679 20344 3945 END
START -9108 -16084 18004 -3053 19806 105 END
START -9456 -16888 21384 -2429 18565 -4798 END
START -10408 -18452 25904 661 15301 -9094 END
START -10168 -19312 30076 3954 13168 -10904 END
START -9760 -17968 32767 6318 12130 -11005 END
START -11880 -13648 32767 10593 10488 -9860 END
START -10856 -9348 32767 13951 9076 -10326 END
START -13296 -2428 32767 15142 6200 -9621 END
START -14416 3100 32767 15874 3107 -9531 END
START -17104 7960 32767 14873 -630 -9901 END
START -16428 10064 32767 11736 -5005 -9675 END
START -15292 12528 30948 8165 -9255 -9137 END
START -13592 13792 28876 6283 -13425 -7642 END
START -10884 13936 26168 4240 -16161 -7015 END
START -9084 13036 24260 2075 -17778 -6569 END
START -7432 10912 21384 665 -18216 -5201 END
START -5960 8820 18020 -212 -18811 -4726 END
START -3952 7592 15396 -349 -18887 -4000 END
START -2424 6652 12628 -451 -18306 -2910 END
START -1308 6036 10788 336 -17435 -2450 END
START -672 4712 9040 34 -15947 -2549 END
START 452 3896 7884 43 -13571 -1933 END
START 488 3568 6924 -540 -11835 -1617 END
START 1164 2860 5544 -814 -10461 -1486 END
START 1772 1836 4660 -1200 -8752 -1543 END
START 2736 1192 3928 -1156 -6943 -1334 END
START 2984 696 3436 -1042 -4696 -1011 END
START 2824 292 2824 -1101 -2278 -1846 END
START 3348 20 2408 -834 -142 -2822 END
START 3984 -556 2316 -597 1904 -3292 END
START 3476 -1200 2024 -75 5046 -2501 END
START 2268 -1344 2012 191 7934 -1104 END
START 1148 -348 1832 504 9843 882 END
START 628 1012 2264 51 11645 1693 END
START 228 2196 2476 -855 13621 1218 END
START 100 2712 2120 -1033 15496 326 END
START -516 3788 2696 -568 17272 -358 END
START -996 4776 3604 -272 19722 -1043 END
START -1540 5308 4532 -225 21852 -704 END
START -1452 5624 5596 569 24054 2572 END
START -2692 8308 9400 1594 25231 7060 END
START -3468 10748 12548 1098 26137 9839 END
START -4856 13872 16900 233 26388 11202 END
START -8576 15344 22916 782 24599 12166 END
START -9572 15484 29408 -1016 20602 11654 END
START -10704 13448 32767 -5869 15344 6261 END
START -16692 9796 32767 -7739 11280 4060 END
START -16944 3532 32767 -7517 6731 4594 END
START -17292 680 32767 -5174 743 8992 END
START -18424 -44 32767 -2254 -4995 12224 END
START -18404 -2316 32767 -2685 -7693 10988 END
START -16948 -5836 32767 -329 -11408 9030 END
START -14464 -7768 32767 3922 -14828 8570 END
START -10356 -7808 30208 7523 -15860 9672 END
START -8024 -5136 26076 11807 -13716 12198 END
START -5876 -4428 22840 13236 -9591 10732 END
START -5224 -2820 16248 12611 -3777 8092 END
START -6524 -2608 8636 11290 -202 7493 END
START -9244 -840 6704 9569 -1873 4606 END
START -7180 -424 4304 5496 -2875 1781 END