START -7696 -2436 17628 -1551 11914 -3270 END
START -9232 -2672 20464 -1314 9815 -6469 END
START -9428 -2968 22564 -118 7999 -8405 END
START -10964 -2248 26028 334 7450 -10501 END
START -11680 -2040 27228 1757 6294 -10284 END
START -12692 -16 29788 3371 3758 -9622 END
START -14768 2088 30036 3676 1074 -9729 END
START -13780 5980 30316 4020 -2399 -10204 END
START -14572 8244 31120 5789 -5384 -8676 END
START -13412 12132 30148 6783 -8471 -7919 END
START -12332 14556 28816 5247 -10843 -7130 END
START -10928 15796 24568 4086 -14129 -6057 END
START -9696 17160 23132 1558 -14596 -5931 END
START -8788 17980 19532 666 -14749 -3244 END
START -6880 18624 17800 -715 -14836 -704 END
START -5636 18800 16232 -2595 -15366 1017 END
START -4308 17968 13888 -4651 -15165 2098 END
START -3660 16568 12492 -6119 -14437 3216 END
START -2396 14860 10580 -7210 -13533 4290 END
START -2848 13460 9100 -7685 -12443 5366 END
START -3156 11520 7348 -8741 -11279 5373 END
START -3124 9152 5656 -8891 -10733 6268 END
START -2548 7372 4484 -8035 -9846 8398 END
START -2140 6364 3852 -7281 -8488 10060 END
START -2260 5808 3504 -7455 -5846 10807 END
START -1484 5036 2648 -7436 -3442 11593 END
START -740 4040 1760 -7492 -927 12219 END
START -32 3232 1112 -7559 1774 12494 END
START 468 2560 552 -8244 4578 12268 END
START 448 1448 156 -9071 7397 11668 END
START 512 0 508 -9500 9661 11037 END
START 1052 -1712 864 -10088 11482 10568 END
START -160 -4116 2292 -10906 14145 9748 END
START -1500 -6220 3276 -10813 16137 8883 END
START -3200 -7364 4680 -9846 17912 7304 END
START -4444 -8568 6148 -9688 19276 4310 END
START -5860 -9832 9560 -9685 20575 545 END
START -7396 -11348 11344 -9521 21012 -2409 END
START -10316 -14396 15232 -9151 19848 -5970 END
START -11652 -15832 19664 -6821 16123 -8182 END
START -13348 -17044 24712 -4648 11111 -9709 END
START -12948 -16040 30568 -3587 9335 -11653 END
START -14028 -14612 32284 -3148 7637 -13696 END
START -14024 -12632 32767 2535 3262 -15147 END
START -8208 -11704 32767 7243 2725 -16329 END
START -13160 -6072 32767 12119 808 -12071 END
START -14384 -1060 32767 15964 330 -7398 END
START -15740 4988 32044 17676 -1126 -4637 END
START -17044 10452 27240 16528 -4992 -2935 END
START -15644 13808 23488 12898 -8333 -3190 END
START -11872 14380 19140 8784 -12763 -3791 END
START -8116 14024 18128 3186 -14717 -6612 END
START -4784 11364 15544 -24 -15662 -7102 END
START -5156 9544 15448 -2658 -17036 -7347 END
START -776 7552 12872 -3703 -15555 -5475 END
START 332 5776 11228 -5127 -13458 -4695 END
START 528 4372 9712 -4835 -11656 -3436 END
START 204 3180 8808 -3992 -10211 -2053 END
START 12 2784 7868 -3790 -8942 -727 END
START -424 2884 7412 -3265 -7632 -73 END
START -172 2572 6468 -3302 -6567 -278 END
START 484 2136 5972 -3690 -5207 -1004 END
START 592 1196 5500 -3456 -3516 -1390 END
START 820 380 5152 -2463 -1613 -741 END
START 1356 296 4740 -2004 567 -396 END
START 1256 84 4484 -1521 2833 -145 END
START 1416 -32 4004 -981 5265 537 END
START 1156 140 3792 -319 7590 634 END
START 1368 476 3688 446 9359 296 END
START 956 812 3992 719 11218 -445 END
START 680 1144 4216 1019 13293 -573 END
START 328 1252 4016 768 15720 -874 END
START -244 840 3844 813 18289 147 END
START -1660 2104 4676 1646 20423 2855 END
START -2592 4748 4948 3102 22818 6101 END
START -5232 8096 7064 2678 25428 7283 END
START -5916 10148 9164 3336 26439 8738 END
START -7592 12012 12520 2642 26329 8545 END
START -8468 12576 16332 -189 26022 7270 END
START -12996 10980 21404 -988 24467 9240 END
START -12988 8876 27440 -1773 20483 12902 END
START -15784 7128 32767 1189 17301 18760 END
START -18916 9528 32767 2721 19357 15768 END
START -22452 4716 32767 -1414 9249 15531 END
START -24964 544 32767 69 2252 11066 END
START -24284 -4548 32767 -307 -3426 6678 END
START -21360 -9504 32767 3605 -9792 7399 END
START -18000 -11256 32767 7400 -13667 7731 END
START -16008 -10628 29384 10373 -15231 9333 END
START -13900 -7804 25188 14987 -16044 11314 END
START -11960 -4148 20220 14530 -17418 9501 END
START -10948 -3988 15332 13859 -15684 8054 END
START -11072 -2788 12444 12540 -14031 7280 END
START -9024 -2496 8196 10740 -13752 3833 END
START -6520 -2288 5468 9895 -12970 -43 END
START -6396 -1532 3416 9456 -12683 -2054 END
START -4744 -508 1108 6422 -8588 -4784 END
START -3444 -644 -1076 5345 -4650 -6083 END
START -2024 880 -384 4523 -2390 -8855 END
START -680 1244 -504 3315 -495 -11481 END