START -1340 -348 16732 3996 -4992 -6504 END
START -1996 1160 19800 6219 -4535 -5523 END
START -1952 2920 20352 6806 -3435 -4539 END
START -2584 5564 20892 8014 -3619 -2098 END
START -3272 10092 21720 8855 -3743 189 END
START -4084 14068 21096 7625 -3706 829 END
START -4760 16800 19384 6073 -4972 680 END
START -4840 17756 16944 2941 -7370 64 END
START -1892 18228 17420 2137 -7913 24 END
START -596 17216 17456 385 -8611 1270 END
START -64 16344 17440 -2808 -6918 1901 END
START 428 15084 16420 -3545 -6807 3839 END
START 804 14564 15132 -3462 -6382 5922 END
START 168 13688 14188 -3264 -5492 7781 END
START -136 13004 13220 -3172 -3953 9313 END
START -476 12128 12044 -3370 -2431 10309 END
START -640 11188 10572 -3924 -1210 10887 END
START -836 9856 8616 -4636 -777 12057 END
START -660 8564 7948 -6433 296 12002 END
START -492 7288 6756 -8187 1456 12115 END
START 72 5776 5408 -9799 3134 12483 END
START 168 4808 4772 -10801 4827 12997 END
START -504 3576 4164 -11549 7106 13251 END
START -844 2756 3616 -12064 9545 12972 END
START -312 988 3120 -11933 11706 12117 END
START -592 -1112 3456 -12280 14151 11605 END
START -1276 -2964 4216 -11504 15896 12080 END
START -2360 -4348 5252 -11255 17870 11498 END
START -3464 -5452 5660 -11480 20785 10183 END
START -5444 -6624 6396 -11302 21569 8915 END
START -6424 -7492 8540 -11900 21771 6245 END
START -8460 -9964 10916 -12846 23073 2685 END
START -8200 -11600 12408 -12847 22623 -480 END
START -9632 -13820 15212 -12505 21146 -4035 END
START -10804 -15724 18568 -10689 20050 -6460 END
START -11144 -16656 23564 -8071 19380 -7321 END
START -10328 -17004 26012 -7260 17742 -7915 END
START -12724 -16324 30568 -4977 15496 -8666 END
START -13000 -13508 32188 -6999 10456 -13936 END
START -13220 -13892 32767 -1422 8837 -14714 END
START -12728 -11116 32767 1926 5828 -15708 END
START -13880 -8312 32767 4065 4314 -16180 END
START -15340 -4684 32767 6257 2637 -14734 END
START -17268 -436 32767 6809 -665 -12925 END
START -18832 3976 32767 5341 -4957 -12318 END
START -18216 5564 32672 4210 -10254 -13147 END
START -17288 6800 30152 2997 -15395 -15160 END
START -14064 6220 26656 2706 -19372 -15334 END
START -10548 5684 26236 3888 -22008 -14196 END
START -7860 4704 23348 2714 -21602 -13163 END
START -6096 4352 20200 4893 -22460 -10426 END
START -5052 4640 17468 5399 -21456 -8863 END
START -3736 5364 13864 4935 -20641 -8153 END
START -3852 4764 10920 5598 -20647 -7252 END
START -3488 4944 8672 5430 -20508 -5773 END
START -1512 4844 6872 5164 -20046 -3776 END
START -156 4960 5924 4467 -18347 -2728 END
START 232 5380 4684 4118 -16544 -2461 END
START 432 5256 4460 2900 -14266 -2431 END
START 1376 4144 2928 2285 -11735 -2323 END
START 2216 3048 2156 2258 -9721 -2423 END
START 2924 1796 1508 2455 -7486 -1882 END
START 2732 920 1176 3144 -4854 -892 END
START 3724 496 820 3694 -1944 69 END
START 3720 -64 348 3791 514 892 END
START 2948 104 860 3119 2279 1547 END
START 2780 284 524 2731 3470 2232 END
START 2204 632 1636 1717 5331 1697 END
START 2720 220 1812 767 7262 166 END
START 3260 -240 2192 745 8783 -1242 END
START 3720 -740 3152 815 11307 -2088 END
START 2736 -1180 3668 1096 14629 -2330 END
START 1616 -844 3300 1658 17554 -1650 END
START 328 112 3420 2363 20384 -752 END
START -264 1900 2656 3592 21655 374 END
START -756 2948 3696 4067 23663 1870 END
START -1684 4864 5672 5591 24769 5666 END
START -2528 7128 7168 5550 26501 8179 END
START -3880 10344 9844 4991 27514 9159 END
START -3720 11876 13104 4188 28120 9232 END
START -4232 13028 16576 4529 28390 10907 END
START -8548 14708 20508 4852 29006 11426 END
START -6816 14456 24224 3874 26982 12961 END
START -12512 16256 28092 1193 24511 13537 END
START -13144 15632 30224 145 20228 15510 END
START -12652 14920 32752 -2325 19980 12643 END
START -18376 10136 32767 -5790 14286 13319 END
START -19684 6940 32767 -7352 9045 12292 END
START -20180 880 32767 -10416 3987 7747 END
START -21460 -5368 32767 -10607 -2397 5057 END
START -16900 -12968 32767 -3236 -5813 10766 END
START -18136 -11376 32767 -850 -9750 10441 END
START -16532 -9952 32767 4182 -13827 7856 END
START -13228 -10144 27608 5028 -15865 6785 END
START -11192 -9728 24572 8551 -14193 7111 END
START -10144 -7240 20724 10619 -12899 8035 END
START -8816 -5264 16272 10675 -12978 6089 END
START -8036 -3908 13436 8921 -11833 3198 END
START -8248 -2580 10528 7151 -11368 515 END
START -6968 -2756 8144 6356 -11317 -2157 END
START -6084 -2152 6276 4745 -10663 -5420 END
START -4408 -1948 5312 3497 -9239 -8181 END
START -3136 -912 4356 2676 -6166 -9903 END
START -2228 -1564 3508 2769 -3976 -11478 END
START -160 -1116 3712 3158 -874 -12678 END
START -780 -996 3536 3436 2089 -13156 END