START -864 1360 11528 2570 3319 -730 END
START 276 2524 11944 3965 3047 1008 END
START 120 4096 13652 3734 2739 1257 END
START 420 5868 15988 2843 2863 485 END
START 2108 6324 16740 1770 1936 -86 END
START 1076 7660 20720 648 2542 -1104 END
START 104 8576 23484 256 2977 -1565 END
START -1052 9132 23772 676 2020 -633 END
START -916 10884 25576 1225 1983 1030 END
START -3672 12612 26148 2236 1319 2317 END
START -4736 12888 25072 728 -969 3179 END
START -5092 14144 25180 1091 -1788 4132 END
START -5492 13480 23876 1025 -3618 5107 END
START -5088 12984 22388 34 -5102 5822 END
START -4640 12124 20932 -795 -5920 7107 END
START -3148 10792 18976 -1901 -5889 7697 END
START -2200 9120 16752 -2957 -5722 8521 END
START -1748 7520 14356 -3856 -5375 9278 END
START -900 6792 13004 -4252 -4725 10124 END
START -552 5676 10740 -5131 -3414 10527 END
START -228 4948 9136 -5525 -2083 10529 END
START -248 4588 7436 -5292 -482 10690 END
START -120 4100 6060 -5348 1093 11082 END
START -132 3288 4756 -6120 2570 11080 END
START -44 2096 4248 -6396 3618 10973 END
START -212 664 4548 -7585 4763 10399 END
START -280 -724 4808 -8351 6160 9542 END
START -576 -2384 4884 -8196 7756 8895 END
START -724 -3652 4932 -7724 9274 8071 END
START -804 -4484 4680 -6831 11019 6703 END
START -964 -5176 5800 -5822 12711 4932 END
START -2272 -5812 7436 -6382 13481 2081 END
START -1736 -8780 8280 -5131 14567 1456 END
START -2552 -10452 10180 -4979 15653 652 END
START -3508 -11548 12396 -3324 15385 -444 END
START -4160 -12000 15824 -958 14380 -1026 END
START -5004 -10996 19016 460 13737 -3220 END
START -7016 -8720 24024 1705 13913 -6830 END
START -5952 -8600 25676 2948 11659 -8691 END
START -6112 -6256 30772 4999 8969 -10024 END
START -7036 -4116 32767 5879 8042 -10571 END
START -9132 1180 32767 6477 4487 -10399 END
START -9796 2308 32767 7394 4608 -8879 END
START -13872 7444 32767 7644 1702 -7177 END
START -13692 10336 32767 6246 -2081 -6455 END
START -11664 11504 32767 4384 -6975 -5613 END
START -9536 12840 32767 1384 -9803 -7431 END
START -7788 11072 29764 1064 -11680 -7307 END
START -5944 9700 28464 1524 -12833 -5526 END
START -5560 8740 25032 792 -13109 -4403 END
START -4956 7832 21336 326 -14100 -3526 END
START -4016 7068 18652 152 -15131 -2711 END
START -2968 5996 15836 -450 -15004 -2260 END
START -2088 5780 14156 -962 -14468 -1898 END
START -1112 4904 12160 -1337 -13788 -1658 END
START -112 3836 10660 -1137 -12967 -937 END
START 352 3232 9212 -1465 -11628 -601 END
START 684 2756 7996 -1108 -10127 -36 END
START 632 2816 6732 -1160 -8740 487 END
START 920 2544 6140 -1427 -7734 502 END
START 1156 2472 5840 -1732 -6758 413 END
START 2476 2260 5308 -2052 -4976 361 END
START 1964 1408 5188 -1985 -3673 -261 END
START 2140 432 5212 -2685 -1819 -709 END
START 1856 48 4784 -2395 -70 -905 END
START 1660 -660 4732 -1574 1506 -971 END
START 1740 -568 4756 -1049 3426 -981 END
START 1496 -328 4684 -380 5434 -862 END
START 964 476 4964 -77 7280 -882 END
START 548 672 4712 -259 8710 -1186 END
START -44 1064 4904 -426 10012 -1368 END
START -288 1868 5192 -687 11070 -1931 END
START -504 1640 5832 185 12436 -682 END
START -980 1976 6608 -429 14319 -310 END
START -1928 2676 7412 -601 15840 -501 END
START -2276 2892 7844 -819 16919 -1258 END
START -2876 3464 8512 -13 18264 -1545 END
START -2876 3776 9280 1221 20213 -779 END
START -3448 4580 10676 1418 21608 338 END
START -4360 5444 12500 1336 21686 1613 END
START -5352 6336 14920 841 21365 2604 END
START -6332 7784 17364 789 20720 3305 END
START -5868 8620 19656 1527 20589 4425 END
START -6048 10720 22528 1126 20668 4859 END
START -7056 13348 24364 533 18656 4913 END
START -11816 13832 30184 1249 18575 5530 END
START -12304 12752 32036 -2864 15741 7452 END
START -15348 12000 32767 -5708 14724 6956 END
START -17648 8936 32767 -6650 9947 8208 END
START -18032 6868 32767 -5778 2592 9206 END
START -17564 4344 32767 -7498 -190 7637 END
START -16096 1380 32767 -4687 -5599 7732 END
START -13604 -908 32767 -2159 -8222 8605 END
START -12100 -2320 32767 449 -9580 9681 END
START -10920 -2836 30532 3590 -10770 11231 END
START -10716 -2944 26716 4875 -10904 11747 END
START -10580 -2972 22460 5071 -11751 11013 END
START -11092 -3584 19176 4853 -12999 9132 END
START -10476 -3556 15944 4518 -14416 5643 END
START -9400 -5116 12208 4916 -15229 1553 END
START -7400 -5672 9204 6703 -14929 935 END
START -6884 -6152 8852 6313 -13757 -706 END
START -4744 -5496 6748 7056 -11930 -2268 END
START -4356 -4320 4936 8089 -10234 -2948 END
START -4572 -2468 4200 8630 -7289 -3680 END
START -3620 -1080 1896 6387 -2694 -6163 END
START -4604 976 1428 5832 926 -9464 END
START -3344 980 836 6190 1936 -11782 END
START -3320 968 1856 4992 2866 -13864 END