START -7504 7756 21392 1140 -941 -5589 END
START -9296 9156 22024 1417 -2087 -4185 END
START -10844 11488 22892 1851 -4012 -1749 END
START -10256 12932 23576 1056 -6788 9 END
START -10728 14536 25104 -700 -8561 507 END
START -9512 15684 22732 -182 -10839 1509 END
START -8392 16520 21788 -566 -11584 2650 END
START -6460 16208 19704 -810 -11863 4147 END
START -5104 15092 17520 -1020 -11716 5549 END
START -3780 14140 15268 -1700 -10583 7223 END
START -2948 13636 13072 -1494 -9838 9414 END
START -2496 12948 11176 -3141 -8930 10365 END
START -1280 11464 9140 -5467 -8396 10128 END
START -1200 9388 7276 -7021 -7942 10452 END
START -672 8016 6600 -7614 -6601 11272 END
START 432 6616 5636 -8733 -4617 11259 END
START 744 5264 4620 -9266 -3017 11072 END
START 392 4076 4188 -9651 -799 10275 END
START 1156 2432 3100 -9977 1431 9906 END
START 1564 820 2224 -9530 3604 10184 END
START 1844 -128 1460 -8937 5673 11110 END
START 1296 -608 1216 -8452 7936 11948 END
START 1092 -788 1000 -8389 10419 11893 END
START 400 -1524 600 -8514 12930 11542 END
START -296 -1836 252 -8457 15504 10734 END
START -604 -2176 1684 -8334 17462 9278 END
START -1720 -3488 2708 -9028 19406 7248 END
START -1988 -5572 3656 -8623 21233 5349 END
START -3112 -7676 5380 -8664 22969 3971 END
START -4700 -9780 7296 -8168 24573 3290 END
START -6972 -10148 10608 -7718 23665 624 END
START -9140 -12344 14436 -4433 22662 778 END
START -13320 -12684 20716 -5575 22528 -2440 END
START -15848 -13388 25076 -3345 17775 -4858 END
START -16828 -13212 30248 -4031 12922 -9634 END
START -17604 -12964 32767 -3075 6615 -13458 END
START -15612 -12080 32767 -4235 5317 -15438 END
START -16152 -11456 32767 2723 -2038 -12187 END
START -16612 -7684 32767 5867 -412 -12210 END
START -16712 -4292 32767 9788 -2106 -8958 END
START -17684 1244 32767 12990 -3046 -5477 END
START -18012 6380 32767 13424 -5061 -3453 END
START -17384 9984 29484 12046 -8726 -2007 END
START -15236 12364 26152 6130 -12638 -4112 END
START -12720 12080 22864 2622 -16710 -5473 END
START -10040 10592 19832 -1367 -18886 -7136 END
START -5600 8056 16824 -2297 -22163 -6737 END
START -5572 6768 15856 -3592 -21307 -6317 END
START -3616 5344 13156 -2907 -21536 -5051 END
START -1720 4436 10368 -2788 -20248 -4295 END
START -592 3628 8164 -2276 -18835 -3690 END
START 80 3096 6420 -2270 -17320 -4060 END
START 1376 2720 5260 -1447 -15607 -3815 END
START 2080 2012 4312 -782 -13268 -3255 END
START 3048 976 3456 -173 -10281 -2289 END
START 3068 676 2980 -204 -7468 -1861 END
START 2580 608 2860 -1420 -5003 -2373 END
START 3108 -128 2152 -2183 -3631 -3662 END
START 3804 -1592 1716 -2663 -2407 -5400 END
START 4816 -2956 1360 -2764 -1002 -6306 END
START 4216 -4020 1176 -2209 1554 -5636 END
START 3780 -3772 1380 -1038 4145 -4229 END
START 3216 -2768 2392 -25 7274 -3382 END
START 2736 -2004 2988 396 10388 -3607 END
START 1536 -708 3944 684 13302 -4017 END
START 556 212 4684 295 16114 -4958 END
START -972 460 4796 -338 17410 -6097 END
START -2172 380 5180 -1085 19127 -6673 END
START -3412 736 6064 -1523 20731 -7395 END
START -4068 348 5776 288 22279 -5959 END
START -3720 1164 6736 3011 24505 -2483 END
START -5128 4924 8116 6676 26766 2548 END
START -6264 9412 10852 10219 28958 8221 END
START -8776 14428 13528 10484 31517 11692 END
START -9028 16604 16784 8466 31965 12133 END
START -10296 16064 18788 5762 30476 10788 END
START -10928 15632 22404 2974 29784 9624 END
START -12844 13508 25596 971 25443 9838 END
START -14748 12432 30088 -2887 23411 10307 END
START -15172 10432 29532 -3716 20535 11236 END
START -15612 8104 28916 -4349 17911 11460 END
START -17236 6208 32767 -2833 14954 12275 END
START -19056 3580 32767 -6023 12324 10864 END
START -27368 544 32767 -9235 8037 8030 END
START -28872 -3004 32767 -10155 2393 6357 END
START -28992 -5960 31064 -5573 -6424 6105 END
START -25332 -7808 30524 -1523 -12470 4740 END
START -21736 -9576 28944 672 -16342 2840 END
START -18284 -10524 25228 3809 -17451 2669 END
START -14712 -11852 20768 7257 -18817 4063 END
START -13764 -7892 15320 8193 -18027 3548 END
START -12136 -6532 10616 10120 -16962 2571 END
START -10396 -5008 6328 10609 -15551 1404 END
START -7728 -4432 2320 11017 -13358 141 END
START -5308 -2548 -452 11076 -11783 46 END
START -3816 -76 -1540 10948 -10750 1524 END
START 1432 3412 -1736 8607 -6670 780 END
START 2008 5588 -1400 7311 -2490 -1415 END
START 1136 6584 -2824 5499 2490 -3020 END
START 592 6260 -4616 4489 6707 -4729 END
START 636 8512 -3272 3930 9789 -6041 END
START -772 10412 1692 4794 10492 -6072 END
START -4304 9088 9180 2322 10510 -8542 END