START -2684 10488 25276 3836 -1180 -1921 END
START -2040 11760 24188 3561 -3408 1132 END
START -5892 13940 26356 284 -4293 -707 END
START -5380 14156 25260 -867 -7168 -1617 END
START -4384 14220 24036 -747 -9038 -1159 END
START -3924 14216 23124 -468 -9104 274 END
START -3992 14308 21680 684 -9341 2718 END
START -3832 14572 19520 733 -9075 5087 END
START -4016 14284 17580 -216 -8836 6990 END
START -3756 13332 15104 -1305 -8780 8195 END
START -3652 11936 13156 -3036 -8632 8655 END
START -3004 10396 11272 -4157 -8464 9458 END
START -2280 8836 9844 -4864 -8035 10040 END
START -1248 7000 8704 -5127 -6807 10684 END
START -1104 5948 7516 -5203 -5218 10949 END
START -220 4752 6504 -4912 -3722 11398 END
START 260 3956 5316 -4841 -1698 11842 END
START 216 2928 4528 -5123 349 12083 END
START 28 1892 3428 -5497 2398 12382 END
START 1040 1224 2468 -6195 3993 12879 END
START 480 324 2004 -6865 6071 12588 END
START 128 -660 2016 -7323 6840 13063 END
START -32 -1996 1968 -8110 8450 12591 END
START -460 -3224 2904 -8639 10491 11727 END
START -1052 -4676 3696 -8613 12453 10173 END
START -1036 -6272 4260 -8184 14344 8525 END
START -856 -7408 5036 -7618 16319 7367 END
START -752 -8536 5404 -6863 19032 6503 END
START -2520 -9280 7520 -7479 20431 3370 END
START -3944 -12524 9896 -5533 21032 2292 END
START -5844 -14092 12364 -5108 19998 -615 END
START -6300 -15020 16860 -1923 16888 -1922 END
START -6968 -14148 22860 -2048 15066 -4946 END
START -7912 -14380 26816 -1801 13488 -9090 END
START -5392 -14236 31336 262 11375 -12551 END
START -4716 -13032 32767 3569 8797 -13540 END
START -5620 -10260 32767 5525 4729 -14647 END
START -7404 -7596 32767 7489 7333 -11819 END
START -12936 -916 32767 12020 4441 -8697 END
START -17444 4200 32767 14016 1048 -7027 END
START -18536 8984 32767 12538 -3076 -6591 END
START -16280 11352 32767 9095 -10119 -6268 END
START -12220 13264 32767 4699 -12665 -9687 END
START -10004 11288 28000 3138 -17512 -9050 END
START -6740 10292 25948 634 -17410 -8086 END
START -4680 9468 22364 615 -16645 -5180 END
START -3916 9260 18292 327 -15874 -3321 END
START -2256 8232 15008 589 -16463 -2209 END
START -1800 8112 12684 -132 -15907 -2975 END
START -1424 6544 10460 -1306 -15637 -3785 END
START -248 4868 8344 -2555 -15397 -4384 END
START 716 2800 6548 -3132 -14263 -5135 END
START 2376 1136 5044 -2459 -12998 -4345 END
START 2204 384 4000 -740 -10144 -2449 END
START 1896 568 3324 397 -7120 -640 END
START 1864 700 2752 594 -4317 144 END
START 1856 812 2024 886 -2068 581 END
START 1828 816 1160 857 -302 643 END
START 3172 532 -112 875 1476 617 END
START 1464 948 -560 1051 3782 227 END
START 1944 848 -864 905 5957 442 END
START 2712 984 -1252 25 8028 418 END
START 2568 1436 -1188 -573 10122 -69 END
START 2284 1620 -1292 -879 12384 -371 END
START 2252 2128 -1068 -1079 14907 189 END
START 1100 3644 -324 -1483 17331 486 END
START 888 4688 228 -1345 20728 2027 END
START 152 6460 1132 -1866 24238 3234 END
START -700 7668 2548 -2276 26903 3861 END
START -1696 8296 4608 -1920 27759 5081 END
START -3168 9776 7984 -1465 27146 7776 END
START -9008 12408 13344 -987 27820 10614 END
START -10388 14780 19704 -95 27138 13912 END
START -8532 15936 27092 -2096 25017 14632 END
START -14172 16020 32767 -5626 22378 12341 END
START -19968 11868 32767 -10432 16037 6915 END
START -20632 5736 32767 -11056 8369 5742 END
START -19192 152 32767 -10242 1816 3936 END
START -20372 -3308 32767 -7280 -2116 3231 END
START -15660 -11584 32767 -4837 -6929 6682 END
START -17152 -12288 32767 1754 -11981 10202 END
START -14644 -14212 32767 2968 -13663 4050 END
START -12116 -13644 32767 6639 -14797 2035 END
START -9524 -15876 26688 15439 -14452 6797 END
START -8736 -12012 21092 16556 -9667 4891 END
START -9652 -9628 15456 18690 -8232 3424 END
START -9968 -7800 9724 17563 -8075 2143 END
START -10940 -5984 6096 15357 -8125 -390 END
START -10584 -4860 2496 13816 -8764 -4370 END
START -8596 -2760 -288 13134 -8383 -8749 END
START -2636 52 -112 11423 -4033 -12117 END
START -2456 1496 860 10774 1120 -13052 END
START -3228 2164 860 9961 3344 -12589 END