START -8168 9484 19332 -4688 -5605 5196 END
START -7672 11452 17756 -5301 -7608 6043 END
START -5836 13604 18220 -8446 -7902 5354 END
START -4548 10904 17096 -6877 -7748 6573 END
START -3020 9476 14292 -8082 -5596 7402 END
START -3916 7964 12068 -6466 -3453 9652 END
START -4144 6900 9952 -6058 -2183 12220 END
START -4100 5492 8384 -6375 -1453 13959 END
START -3788 4500 6668 -6768 64 14841 END
START -3772 3632 5004 -6286 1666 15172 END
START -3628 2540 4260 -5259 2852 14625 END
START -2364 1304 4012 -4566 3436 14189 END
START -1472 376 5072 -5180 4337 14011 END
START -1096 -512 4736 -5971 5642 13599 END
START -788 -1388 4512 -7333 7607 12444 END
START -1072 -2384 4856 -8157 9151 11516 END
START -1036 -3736 5868 -9455 10816 10333 END
START -1692 -5292 6212 -10495 12001 9657 END
START -2368 -7020 6368 -10484 12903 9164 END
START -2568 -8776 7500 -9453 14231 8116 END
START -3112 -9072 7748 -8378 14306 6508 END
START -1412 -11188 10156 -6896 15694 5947 END
START -2716 -11440 13628 -6664 17648 5971 END
START -4056 -11868 15924 -7543 18962 3750 END
START -5312 -12984 16912 -7445 18414 811 END
START -1600 -13644 19700 -8448 17931 -2900 END
START -8580 -14556 23952 -4276 16415 -4398 END
START -9704 -14728 26640 -4104 13947 -7586 END
START -10700 -15324 30532 -3529 10012 -9021 END
START -11520 -13620 32767 -2907 6138 -10151 END
START -11752 -12580 32767 -1697 3116 -11423 END
START -11376 -11164 32767 -126 905 -13704 END
START -9560 -9456 32767 4156 -759 -14452 END
START -10772 -7104 32767 6919 -1225 -13531 END
START -11508 -3620 32767 10554 -1598 -12213 END
START -13456 -792 31964 12348 -4016 -9248 END
START -14924 3604 28152 12882 -6990 -6371 END
START -14812 7000 25532 12083 -10571 -4042 END
START -13492 8936 22348 8756 -14674 -4472 END
START -11100 8736 19752 5217 -19097 -6354 END
START -6756 6748 16828 1804 -21332 -8922 END
START -4076 4904 13932 1965 -23211 -8769 END
START 1840 2820 12344 964 -21182 -8411 END
START 84 2352 10236 1843 -17892 -8286 END
START 1480 1724 8508 3732 -15572 -6277 END
START 1032 2012 7080 4494 -13241 -4747 END
START 1376 2384 5548 4807 -10489 -3838 END
START 1372 2680 3508 4110 -8167 -3738 END
START 2132 2544 2120 2785 -6349 -5184 END
START 2964 1588 1800 2374 -4900 -5828 END
START 3684 600 1228 1727 -2845 -5651 END
START 3856 -620 872 1058 -394 -4819 END
START 3628 -452 868 1022 1706 -3274 END
START 3248 200 796 964 3655 -2646 END
START 3176 816 1096 955 5468 -2743 END
START 2924 1244 1400 845 8009 -3229 END
START 2892 1900 1724 943 10585 -3161 END
START 2704 2800 2116 1430 13455 -2616 END
START 2136 4188 2488 1796 16652 -1819 END
START 1380 5452 3044 1525 19924 -1301 END
START 1004 6528 3336 1920 21960 150 END
START 716 7140 4752 1950 23293 2494 END
START -1192 8572 6776 1528 23591 5032 END
START -1136 10188 8456 3320 24752 9364 END
START -5220 13560 12628 3448 27089 12065 END
START -3316 15116 14012 2968 30109 14423 END
START -3936 16872 15612 3777 30672 16300 END
START -5576 17536 20712 3810 28875 16690 END
START -9300 16272 25904 -3125 27230 13616 END
START -13148 12276 28628 -9576 24156 8503 END
START -17340 5392 32767 -16904 21309 5047 END
START -19664 -396 32672 -11903 14813 7437 END
START -24576 -2452 32767 -6767 8256 11854 END
START -21824 -4412 32767 -7958 3043 9671 END
START -22508 -6592 32767 -5599 -2008 8632 END
START -22020 -9944 32767 -3381 -6376 6809 END
START -20168 -12616 32767 -1116 -10369 4051 END
START -18264 -13868 31276 3121 -13213 3023 END
START -15824 -13172 26836 7187 -15222 3248 END
START -12784 -12268 20872 11004 -15455 3729 END
START -9972 -9268 16328 13736 -15364 4802 END
START -9120 -7028 13380 13959 -12355 3818 END
START -8780 -3896 9700 12795 -9118 944 END
START -7192 -2100 5736 10865 -6762 -1746 END
START -5400 -428 2588 10540 -3663 -2215 END
START -4924 884 1000 10162 -524 -2231 END
START -3584 1580 696 6634 1230 -5714 END