START -4540 -2896 14704 -4243 7979 -2367 END
START -4812 -3760 17544 -2938 8458 -3225 END
START -5784 -4324 19616 -2756 9161 -4838 END
START -8680 -4992 21848 -1891 9597 -5964 END
START -8484 -6232 22532 -813 7596 -6136 END
START -9128 -6204 23616 -331 7636 -7118 END
START -10532 -5800 24144 2604 5823 -6723 END
START -10320 -3676 27040 5253 3258 -7147 END
START -11172 -1040 27664 5582 1738 -8951 END
START -11308 1616 27904 6224 -848 -9985 END
START -10436 4124 27760 6827 -2262 -11501 END
START -11660 6444 27892 5363 -4501 -10959 END
START -11440 8988 28224 5176 -7109 -9671 END
START -12296 11116 27660 2849 -9353 -8723 END
START -12668 13244 25352 1374 -12092 -7580 END
START -12108 15700 24188 928 -15096 -6503 END
START -10820 16940 21972 249 -16539 -5981 END
START -9556 17004 19260 909 -18089 -4347 END
START -7184 17080 18892 797 -17790 -2603 END
START -5728 16360 17264 -372 -16129 -273 END
START -4640 15592 14660 -729 -14995 2577 END
START -3868 14876 12584 -1133 -14496 4735 END
START -2540 14452 10880 -1883 -14245 6464 END
START -1592 13948 11064 -3632 -14357 7196 END
START -544 12456 10300 -6017 -13577 7332 END
START 64 10688 9244 -7076 -12303 7737 END
START 260 9236 8376 -7872 -10879 8269 END
START 420 7672 7180 -7643 -8896 9654 END
START 364 6856 6228 -7256 -7148 11450 END
START 416 6196 5780 -7148 -5419 12645 END
START 116 4996 4968 -7893 -3712 12939 END
START -112 3712 4536 -8407 -2281 13123 END
START -336 2400 3756 -8974 -513 13559 END
START -428 1456 2988 -9030 1104 14112 END
START -152 708 2800 -9092 2709 14079 END
START -116 -32 2580 -9007 4149 13766 END
START -176 -1076 2336 -9477 6511 12991 END
START -136 -2184 2240 -9620 8768 12238 END
START -332 -3380 2804 -9792 10513 11653 END
START -528 -4676 3368 -10612 12191 10775 END
START -1160 -6004 3408 -11099 14052 9490 END
START -1424 -7580 3024 -10692 16277 7971 END
START -1880 -9180 3724 -9078 17821 6881 END
START -2736 -10172 5212 -8659 19512 6427 END
START -3212 -10580 8056 -5391 20487 8631 END
START -4156 -10688 10668 -5307 22819 6360 END
START -5052 -11176 13316 -4648 23470 3238 END
START -6708 -12340 16620 -3791 22540 735 END
START -8704 -12644 19524 -3887 21516 -2939 END
START -13856 -12152 24572 -2617 23044 -6307 END
START -12704 -14024 27728 -1309 17736 -8568 END
START -14296 -14012 31452 -613 14640 -9624 END
START -15476 -12368 32767 1631 11104 -10188 END
START -15196 -10148 32767 3446 7426 -10648 END
START -16984 -7100 32767 3467 3791 -12895 END
START -17488 -5872 32767 7446 2441 -11348 END
START -18552 -2692 32767 10950 -695 -8938 END
START -18604 1360 32220 12218 -3294 -7775 END
START -17116 4572 29080 12862 -6430 -5691 END
START -15556 6880 26096 11117 -9476 -5139 END
START -12696 7988 22992 7607 -11934 -5785 END
START -10848 7432 19872 5051 -14946 -6467 END
START -7328 6416 17184 2692 -16223 -8182 END
START -5396 5280 15556 2313 -16165 -8155 END
START -3456 4188 12924 2480 -14541 -7517 END
START -4372 4464 11528 3283 -13498 -6076 END
START -2048 3896 9456 3545 -12205 -4135 END
START -1132 3468 7844 3139 -10802 -2538 END
START -1340 4252 7372 2358 -9749 -1743 END
START -1152 4140 6272 699 -8943 -2339 END
START -216 3312 5324 -626 -8605 -3349 END
START 580 2476 4516 -1155 -7941 -4067 END
START 1476 1420 4044 -1111 -6658 -4470 END
START 436 880 3928 -247 -4388 -4259 END
START 2456 476 3504 185 -1935 -3699 END
START 2968 688 3216 306 457 -3397 END
START 2940 572 3600 696 3391 -2925 END
START 2624 388 3512 1438 6302 -1977 END
START 2240 376 3520 1704 9205 -1221 END
START 1952 464 3424 2329 11134 -353 END
START 1224 680 3912 2618 12950 585 END
START 180 1484 4608 2796 14519 2049 END
START -980 2700 5620 3149 16280 3726 END
START -2144 4196 6740 3949 18182 4880 END
START -3636 5936 8032 4484 20397 4904 END
START -4496 7340 9480 5993 21973 6222 END
START -5588 9440 11256 6794 22976 8542 END
START -6576 11500 12856 6992 23849 10590 END
START -6456 12516 14288 7216 24474 13702 END
START -7424 14892 18604 6855 24256 16979 END
START -9412 16140 22612 4203 23633 18868 END
START -9100 14476 23836 2209 21654 18443 END
START -17060 15316 30888 -2356 18192 15137 END
START -20228 8832 32160 -8000 13743 8890 END
START -19696 1956 32767 -4504 7946 9128 END
START -20420 -2848 32767 -5563 3736 6968 END
START -21348 -6396 32767 -1665 -169 7661 END
START -21116 -8864 32767 3359 -4812 8554 END
START -20504 -10748 31988 5065 -7402 7098 END
START -18932 -11884 27296 7610 -10475 7865 END
START -16620 -10336 23548 10402 -13170 8955 END
START -13872 -7004 20352 10570 -14942 7747 END
START -10904 -3000 17056 11448 -14463 7958 END
START -8164 -2164 15580 8588 -12083 4722 END
START -7160 -596 11664 5597 -9744 -1298 END
START -5940 280 7348 3893 -6499 -5491 END
START -4376 -624 3732 3202 -3726 -8100 END
START -4380 -708 2292 4428 -1675 -8627 END