START -2624 240 19524 189 5498 -3420 END
START -564 768 20552 1057 4108 -3271 END
START -1244 1752 23468 1722 5208 -2887 END
START -1988 3464 25096 1890 4589 -3514 END
START -3980 4492 26448 1801 3443 -3906 END
START -5692 6168 28016 1584 1203 -3182 END
START -6680 8112 29520 706 -772 -3469 END
START -7116 8988 28724 1632 -3879 -2875 END
START -7380 11996 29760 1940 -5953 -1478 END
START -7224 13944 28104 3076 -7642 343 END
START -6588 15544 26484 3151 -8094 1723 END
START -5860 16436 24144 2785 -8613 3350 END
START -5756 16532 21416 912 -9191 4879 END
START -4500 15708 18932 -1143 -9217 5592 END
START -3764 14036 15628 -3278 -10230 7097 END
START -2636 12176 14292 -5609 -10930 7842 END
START -1772 10456 12884 -7440 -10578 7936 END
START -700 8548 11232 -8186 -9630 8086 END
START -12 7184 9832 -8347 -8457 8322 END
START 696 6012 9128 -8006 -7031 8848 END
START 1092 5004 7696 -7295 -5683 9881 END
START 1092 3752 6364 -7114 -3710 10360 END
START 1040 2784 5344 -6868 -1683 10725 END
START 968 2160 4288 -7146 319 11105 END
START 712 1340 3484 -7602 1884 11853 END
START 276 716 2576 -7976 3312 12610 END
START -112 304 2056 -8160 4887 12365 END
START -268 -392 1752 -7661 6360 10986 END
START 320 -1436 2424 -7725 7967 9341 END
START 696 -2688 3128 -7720 9598 8379 END
START 656 -3868 3416 -7549 11539 7754 END
START 452 -4744 3228 -7032 14487 6483 END
START 20 -6076 4016 -5883 17120 4939 END
START -604 -7168 4408 -4987 19318 3478 END
START -2360 -9040 6120 -5320 20477 1956 END
START -3140 -10820 8200 -2101 20007 3530 END
START -3760 -10700 11816 -1934 19536 3279 END
START -5136 -9772 16968 -2169 18448 932 END
START -5692 -9596 21580 -3620 16691 -4237 END
START -6080 -10260 27056 -6007 17019 -10172 END
START -10468 -10796 30384 -1873 16210 -11848 END
START -9124 -10404 32767 2661 11871 -11497 END
START -12272 -7644 32767 5280 10390 -9306 END
START -13408 -4256 32767 9658 7245 -7669 END
START -18088 1908 32767 10662 3887 -6317 END
START -18880 6360 32767 9680 -198 -8139 END
START -18032 8388 32767 9976 -5949 -7288 END
START -14448 9356 32464 6821 -9335 -7532 END
START -9784 9724 29408 5094 -11924 -6682 END
START -7220 9300 26308 4844 -13829 -4749 END
START -4012 9060 24308 2487 -13681 -5215 END
START -2188 7892 20588 1071 -13902 -4923 END
START -3188 6776 17892 202 -13304 -4622 END
START -2716 5624 14680 -415 -13253 -4280 END
START -2692 4296 12572 -1164 -13332 -4129 END
START -2364 3900 10580 -1532 -13426 -3249 END
START -1116 3640 8980 -1505 -13019 -2259 END
START -960 3500 8324 -1248 -11794 -1800 END
START 652 2664 7020 -1516 -10056 -2051 END
START 1524 2320 6664 -1426 -8034 -1951 END
START 1708 2144 5776 -1308 -6285 -1797 END
START 2296 2044 4772 -1702 -4332 -2109 END
START 2628 1440 3820 -1737 -2317 -2574 END
START 2628 884 3296 -1450 -368 -2704 END
START 3280 160 3112 -1060 1689 -2651 END
START 3028 160 3220 -645 3968 -2610 END
START 2644 488 3184 -183 6242 -2160 END
START 1952 944 3120 -300 8598 -2354 END
START 1128 676 3420 -327 10444 -2887 END
START 264 476 3688 74 12080 -2461 END
START -596 708 3860 755 13655 -953 END
START -1192 1832 4300 1427 15447 650 END
START -1616 3424 4952 1475 17598 1377 END
START -2584 5100 6056 2080 19359 2453 END
START -2720 6704 7484 2376 20344 3540 END
START -3616 8764 9948 1491 20929 3975 END
START -4572 9728 12272 -33 21331 4034 END
START -5768 9996 14164 -1610 21686 3784 END
START -9692 10684 16036 -2440 22350 4221 END
START -9388 11052 18068 -2016 21968 6994 END
START -10560 11400 22904 -1492 20449 8955 END
START -11096 11380 26820 -3102 18587 8818 END
START -15256 9044 32480 -4844 15482 8741 END
START -16468 7008 32767 -7830 13527 6621 END
START -15716 2236 32767 -7229 8115 6986 END
START -16640 220 32767 -6030 3146 6592 END
START -16492 -3044 32767 -4352 -284 5031 END
START -15180 -6360 32767 -1634 -3183 6824 END
START -15892 -6468 32767 2537 -5492 8892 END
START -13880 -7240 30532 4381 -7415 6513 END
START -12640 -7400 27440 6843 -8206 6965 END
START -11460 -6532 24612 9675 -8194 8389 END
START -11736 -5516 20400 10244 -8383 7087 END
START -10404 -4704 16216 10606 -9264 5732 END
START -10296 -5260 12868 9027 -10409 1678 END
START -10072 -5532 10564 7101 -10861 -3109 END
START -8876 -5984 7416 7425 -11019 -5239 END