START -5644 8708 19152 -3339 -5189 -780 END
START -5840 8820 19744 -3609 -5330 -781 END
START -5172 9324 20120 -2688 -6426 281 END
START -5276 9764 21028 -1886 -6894 1512 END
START -5984 10136 20756 -976 -6539 3832 END
START -7052 10256 19312 102 -7229 6793 END
START -7872 11132 17888 -29 -7646 9085 END
START -7040 10740 15000 -273 -9107 10758 END
START -5952 10868 14664 -1545 -9456 11138 END
START -4512 9444 13972 -2842 -9026 11320 END
START -2788 8192 11728 -3829 -7905 11776 END
START -1416 6640 10232 -4938 -6064 12283 END
START -588 4776 8496 -5172 -4398 13292 END
START -380 3700 6920 -5506 -2868 15025 END
START -256 2724 6036 -6041 -1201 16432 END
START 36 2088 5336 -7005 891 17403 END
START -592 1512 4308 -7755 2571 17537 END
START -800 856 3184 -8101 4511 16725 END
START -736 12 3032 -8113 6115 14975 END
START -520 -1292 3024 -8491 7747 13497 END
START -496 -2956 3132 -8566 10131 12925 END
START -656 -4176 2980 -8603 12648 12463 END
START -1028 -5252 3288 -8577 15008 11440 END
START -1416 -6280 4504 -8835 16896 10509 END
START -2016 -7704 5440 -9466 18685 9375 END
START -2880 -8820 6316 -9175 18894 7599 END
START -1904 -11412 7856 -8386 19834 5301 END
START -2800 -12656 11576 -6522 20927 4820 END
START -4084 -13720 13988 -6430 21771 2406 END
START -6320 -14272 17136 -6294 21327 -872 END
START -8048 -15148 19808 -5421 21351 -2352 END
START -10364 -15536 23900 -4730 18511 -4673 END
START -11084 -15748 27140 -4266 16728 -7816 END
START -11884 -15056 29924 -888 12843 -9125 END
START -12408 -13056 32767 1515 9676 -11113 END
START -12568 -11244 32767 2207 6832 -13347 END
START -14492 -8816 32767 3852 5117 -12971 END
START -17776 -5072 32767 5060 2692 -12083 END
START -17548 -2644 32767 8935 254 -9404 END
START -17320 1964 32767 11095 -3385 -7296 END
START -16700 5644 32292 10158 -7399 -6835 END
START -14520 7328 29724 7333 -11252 -8112 END
START -11812 7168 27524 4620 -15422 -9809 END
START -9380 6072 25640 3781 -17418 -9728 END
START -8500 5880 22996 3068 -18326 -8886 END
START -8280 5172 19104 3937 -19267 -6530 END
START -6112 4872 16332 3306 -19799 -5037 END
START -4304 4384 14068 2731 -19800 -4584 END
START -2692 3656 12160 2482 -19537 -3977 END
START -1816 3752 9564 1403 -18448 -4274 END
START -212 2512 7816 947 -17093 -4134 END
START 1024 1892 7116 1324 -15019 -3967 END
START 1340 1312 5892 1214 -12626 -4657 END
START 2568 700 4332 1507 -9698 -4705 END
START 2620 640 3176 2105 -6913 -4041 END
START 2764 -448 2024 1708 -4340 -3510 END
START 3116 -1108 448 877 -2343 -2046 END
START 2388 -676 528 1109 -586 279 END
START 1916 628 1172 1185 1612 2009 END
START 1364 1552 1408 -154 4055 1460 END
START 1192 1444 1680 -1159 5835 -177 END
START 952 1356 2284 -1881 8077 -2158 END
START 1160 632 2388 -2292 10240 -2888 END
START 1200 428 2780 -2073 12833 -2246 END
START 708 328 2844 -2317 15362 -1083 END
START 484 1172 2464 -2223 16622 -116 END
START 404 1800 2176 -863 19386 2314 END
START -716 4300 4416 1088 22085 5915 END
START -1268 7348 4056 2029 25561 8588 END
START -2536 10096 6156 1737 28008 9976 END
START -3600 11724 7820 1575 29025 11187 END
START -5424 13204 11784 1250 29398 13206 END
START -6660 13792 16052 -577 29577 14412 END
START -11480 14340 18740 -2882 28027 14275 END
START -13532 12032 25064 -4107 22588 13572 END
START -16636 8608 32767 -8225 17421 10428 END
START -17492 2852 32767 -11727 15561 5629 END
START -19028 -6212 32767 -12526 10629 4496 END
START -22132 -11864 32767 -1828 5462 8821 END
START -21096 -14408 32767 18 1497 8718 END
START -20976 -15512 32767 3393 -3076 9387 END
START -19968 -15968 32767 6392 -8017 9018 END
START -18776 -15508 32767 7940 -12042 6741 END
START -16920 -13176 26912 9218 -15624 4933 END
START -16440 -11664 20708 12025 -17542 4190 END
START -10772 -8756 16652 11120 -17659 642 END
START -9088 -6284 14996 12289 -15012 -78 END
START -6812 -5388 10340 11442 -9248 180 END
START -7116 -3024 6700 12034 -6082 1330 END
START -5856 -880 3868 10561 -2748 378 END
START -6012 -20 2736 10190 -476 68 END
START -5412 1756 2836 8593 762 -2063 END
START -4996 2680 1892 7001 882 -4940 END