START -4836 -6580 20408 1950 4206 -7648 END
START -7596 -5736 21988 5014 4120 -5596 END
START -7460 -3336 22316 5927 3827 -5557 END
START -8240 -1208 23188 6110 1613 -6763 END
START -8152 1048 23812 6307 -13 -8051 END
START -7620 3508 24624 5626 -881 -9272 END
START -7760 5404 25148 4336 -3124 -11241 END
START -8168 6428 26268 3823 -5260 -11249 END
START -8524 7684 26272 2914 -6393 -10817 END
START -8800 8876 25872 2968 -7268 -9338 END
START -9064 10680 25196 3745 -8185 -7120 END
START -8800 13184 24128 3951 -9333 -5415 END
START -7752 15088 23232 4068 -10562 -4203 END
START -7168 16136 21408 2698 -11788 -3864 END
START -6196 16588 19672 1456 -13089 -2588 END
START -4892 16952 17468 -78 -13765 -656 END
START -3588 16912 16040 -1365 -14283 1171 END
START -2712 16372 14548 -3183 -14634 2073 END
START -1772 15604 12872 -3846 -14108 3428 END
START -940 14596 11364 -4245 -12568 4621 END
START -212 13308 9600 -4315 -10961 5675 END
START -68 11720 8004 -3944 -9069 7641 END
START -568 11364 6912 -4265 -7642 9622 END
START -928 10432 5264 -4876 -6510 11135 END
START -576 9500 4104 -5659 -5000 12548 END
START -176 8476 3396 -6479 -3322 13389 END
START 24 7316 2776 -7404 -1424 13821 END
START 308 5984 2280 -8028 441 13565 END
START 836 4296 1720 -8052 2691 13146 END
START 900 2732 1124 -8428 4868 12629 END
START 1092 1268 776 -8292 6844 12503 END
START 840 -112 444 -8028 9237 13196 END
START 16 -1208 172 -7886 11872 13636 END
START -648 -2236 976 -7393 13748 13695 END
START -1720 -3092 2180 -7594 15616 13073 END
START -2640 -4252 3172 -8182 17522 11368 END
START -3524 -6104 4532 -8946 18695 8548 END
START -3840 -8136 5652 -8932 19839 5385 END
START -4540 -10168 7456 -9147 20586 1413 END
START -4844 -13408 10124 -6275 20920 441 END
START -6208 -15124 13296 -5114 20933 -1078 END
START -7744 -16580 17112 -3519 21071 -2040 END
START -14852 -15204 24528 -1296 20061 -4420 END
START -11088 -16484 27848 -789 15680 -7996 END
START -12036 -15212 30392 -346 13989 -10936 END
START -12292 -13828 32767 2131 11722 -13272 END
START -13260 -8676 32767 5533 5079 -13928 END
START -12948 -7496 32767 9460 5297 -12357 END
START -15948 -684 32767 11893 3027 -9334 END
START -18412 5616 32767 12194 890 -7335 END
START -18948 9856 32767 11093 -2981 -7197 END
START -19004 12812 31876 8141 -7759 -8586 END
START -15960 13796 30332 3927 -10781 -9929 END
START -12664 12532 27096 3098 -16198 -9006 END
START -9088 10976 25180 -418 -16804 -9602 END
START -6660 9132 25608 -482 -18157 -7000 END
START -5204 7948 21876 -842 -18386 -5664 END
START -3932 7124 19120 -273 -18125 -4134 END
START -2884 6696 16116 -175 -17507 -2856 END
START -2216 6808 13752 106 -16785 -1735 END
START -1736 6908 11808 -538 -15954 -1112 END
START -1056 6444 9504 -1467 -15165 -804 END
START -568 5832 8412 -2525 -14161 -877 END
START 280 4524 7080 -3327 -13217 -612 END
START 984 3516 6152 -3715 -11585 318 END
START 1704 3036 5568 -3368 -9784 2109 END
START 1664 2816 4936 -3879 -7641 2587 END
START 2240 1832 4048 -4384 -5896 2385 END
START 2980 924 3792 -4345 -4470 1791 END
START 3284 184 3660 -3717 -2667 1786 END
START 3076 -440 3752 -3616 -353 1581 END
START 2892 -1168 3920 -3674 1734 1027 END
START 2484 -1788 3820 -3856 3725 203 END
START 1964 -2876 3352 -3571 5390 -819 END
START 1896 -3888 3208 -2498 7108 -915 END
START 1392 -4068 3944 -1376 9188 -250 END
START 788 -3492 3740 -182 11564 253 END
START 444 -2428 3748 907 13581 177 END
START -288 -1084 3812 1455 15953 -157 END
START -616 380 3020 1485 18862 -202 END
START -1276 1312 3076 1353 20988 593 END
START -2668 2080 4192 435 22548 1384 END
START -3756 3336 5488 -319 23381 2553 END
START -4340 4364 7144 -423 25237 5249 END
START -5748 6780 9252 547 27035 8449 END
START -7088 10304 9940 440 28669 10240 END
START -7816 13072 12108 -813 29412 10563 END
START -12120 13604 15552 -2138 28536 11862 END
START -14668 13272 21180 -6124 25070 11353 END
START -15188 11164 25436 -8197 21511 11243 END
START -16140 9264 30700 -8587 18449 12118 END
START -16252 6724 32767 -5870 14442 14330 END
START -19512 4576 32767 -7957 13899 12887 END
START -22704 -1224 32767 -10224 8948 11822 END
START -20880 -6392 32767 1600 3518 19347 END
START -21560 -8120 31984 -497 665 14228 END
START -20912 -9092 32767 1895 -4362 10190 END
START -18248 -9492 29760 3995 -8077 8437 END
START -16132 -10444 26788 3495 -10701 6135 END
START -13288 -10956 24216 4268 -11889 5124 END
START -12668 -11756 20684 7300 -11138 6657 END
START -14640 -11564 18368 9866 -9936 6616 END
START -11468 -10540 13988 9438 -10399 2520 END
START -10932 -9512 12044 8770 -11100 -2499 END
START -8412 -8684 10220 9869 -12171 -5911 END
START -5876 -8824 9300 9171 -10216 -8757 END
START -5888 -7220 8120 8727 -7688 -10671 END
START -4696 -5816 6116 8832 -5214 -12992 END
START -2672 -3256 3776 9904 -474 -14274 END
START -4260 -136 3712 10728 4653 -14574 END
START -5424 2036 3480 9889 5760 -14438 END
START -6540 4204 3304 10444 7368 -11373 END