START -7620 15768 17992 6535 -4416 7584 END
START -8268 16644 18024 2421 -5570 7227 END
START -8160 16212 16280 -601 -5955 8362 END
START -7696 14536 14604 -3480 -6891 10109 END
START -6920 13592 13404 -6481 -7081 10843 END
START -5384 11836 12036 -8196 -7571 11547 END
START -3688 9472 10676 -10606 -7370 11096 END
START -2028 7200 9688 -12513 -6194 10510 END
START -592 4840 8248 -13014 -4837 10409 END
START 268 2996 7792 -12982 -2930 11041 END
START 692 1424 6440 -12925 -462 11647 END
START 616 616 5224 -12396 1525 11901 END
START 16 -328 4312 -11288 3510 12519 END
START 340 -244 3156 -10767 5276 11631 END
START 576 -856 2760 -9876 7572 10910 END
START 484 -1312 2976 -8835 9586 10557 END
START 48 -1980 4124 -8970 11582 10225 END
START -836 -2528 4764 -9155 13519 9413 END
START -1016 -4148 5320 -10181 15617 7823 END
START -1620 -6016 6008 -10341 18030 7268 END
START -2336 -8012 6016 -9586 19501 6349 END
START -3300 -9344 7648 -8044 20144 5061 END
START -4472 -10248 10264 -6057 20501 4095 END
START -5472 -10716 13852 -6332 21137 797 END
START -6792 -12492 16672 -5054 20768 -1035 END
START -7436 -14036 19392 -5715 19433 -4497 END
START -5704 -15164 23668 -7766 20064 -8080 END
START -12400 -16768 26100 -3176 13831 -6984 END
START -13184 -15684 29688 -1769 11128 -7894 END
START -12752 -13468 32767 1501 8158 -9299 END
START -11528 -9988 32767 3466 4424 -11934 END
START -11696 -7188 32767 6695 4993 -13586 END
START -13236 -4332 32767 8175 3749 -14069 END
START -16424 -1940 32767 9653 1435 -13791 END
START -18840 200 32767 10709 -2479 -11126 END
START -18940 3664 32767 12556 -7303 -5945 END
START -17928 8012 30584 11503 -11820 -2928 END
START -15884 10728 27248 8626 -16709 -2639 END
START -12680 11320 24648 4278 -21151 -6060 END
START -8696 7816 21212 1560 -24143 -7769 END
START -5884 6228 18356 1101 -25430 -7393 END
START -3928 4380 15260 -360 -23917 -7722 END
START -1616 3104 12328 1382 -22483 -5482 END
START -2800 3448 9616 3971 -21204 -2356 END
START 320 3464 8176 4334 -19611 -1358 END
START 1144 4092 6572 3826 -17942 -1765 END
START 1476 4424 5552 3595 -16208 -2054 END
START 1548 4736 4552 1991 -14223 -3408 END
START 1920 3712 3344 1326 -12350 -4736 END
START 4272 1884 2044 1453 -9860 -4593 END
START 2844 1100 2204 1916 -6865 -3854 END
START 4112 436 1248 1883 -4030 -2696 END
START 4264 32 728 1828 -1868 -1477 END
START 4092 348 400 1778 23 -680 END
START 4040 556 724 1795 1780 -622 END
START 4008 960 1016 1555 3985 -793 END
START 3524 1200 1532 1080 6539 -1372 END
START 2836 1820 1676 469 9089 -2206 END
START 2408 2044 2252 -6 11574 -3329 END
START 1912 1956 2636 -385 13955 -4476 END
START 1544 1716 2988 -406 16670 -5132 END
START 940 1724 2948 -12 19551 -4724 END
START -176 2644 2940 295 22467 -3810 END
START -1868 3716 2784 1064 25178 -1523 END
START -3736 5852 3664 1411 27230 139 END
START -2812 7360 3752 4620 27367 5023 END
START -3984 11552 7700 5895 28306 9097 END
START -4324 14156 10668 5757 30708 9939 END
START -5180 15068 14276 4726 31703 9879 END
START -3940 15208 17204 2647 30869 8551 END
START -6372 14556 20624 2911 31070 11288 END
START -9348 13552 26552 1331 29176 13634 END
START -15240 13016 30896 -2046 27394 16007 END
START -18604 11400 32767 -2625 22077 14986 END
START -24056 7996 32767 -10665 18015 10998 END
START -24884 3792 32767 -6956 9403 10823 END
START -24660 240 32767 -8661 3759 6596 END
START -24836 -3968 32767 -8996 -1350 4264 END
START -22688 -8204 32767 -6021 -6310 5057 END
START -18336 -11048 32767 412 -7422 9226 END
START -19900 -8396 31528 2794 -12087 8955 END
START -16552 -9388 27644 6077 -12728 7273 END
START -14544 -8068 24204 8509 -13202 8181 END
START -9844 -7928 19968 11230 -13593 7935 END
START -11544 -4468 16960 11718 -12616 5105 END
START -11180 -3312 12792 10055 -10822 3136 END
START -9912 -2348 8860 8105 -8956 98 END
START -9596 -2316 5580 7705 -8381 -2234 END
START -7280 -1480 4372 6382 -9058 -6481 END
START -7116 -1288 3008 6421 -8830 -9347 END