START -7068 -932 25780 13770 -2482 -9718 END
START -7556 3900 25848 12988 -4107 -9654 END
START -8904 7920 26168 9794 -6123 -10366 END
START -8204 11528 26160 7129 -7873 -11033 END
START -8508 14976 26440 6208 -11660 -9025 END
START -7700 17236 26704 5298 -12332 -7415 END
START -7648 18868 25312 4374 -12622 -5376 END
START -5484 21168 23916 3114 -13406 -2971 END
START -5620 22048 21760 1750 -13034 -827 END
START -5332 21568 19608 -4 -13198 1328 END
START -4772 20424 17564 -2671 -13442 2716 END
START -4408 18168 15312 -4513 -14559 4466 END
START -3464 15748 13804 -5722 -14902 6536 END
START -2400 14092 12088 -6700 -14256 8123 END
START -1428 11964 10352 -6825 -12868 8983 END
START -728 10156 8380 -6372 -11102 9371 END
START -348 8280 6792 -5348 -9567 10553 END
START -76 7260 5516 -5023 -7174 12004 END
START -648 6088 4228 -5285 -4935 13511 END
START -1268 5516 3048 -5935 -3815 15264 END
START -1644 5264 2624 -7313 -2441 15825 END
START -1548 4372 1564 -8952 -618 15236 END
START -760 2584 724 -10009 1844 14578 END
START -1828 1352 -128 -10596 4666 13450 END
START -1472 -628 -440 -9885 7114 12542 END
START -1152 -2796 216 -9546 9617 11696 END
START -1076 -4900 1168 -9110 11617 11421 END
START -1260 -6780 2020 -9005 13831 10807 END
START -1792 -8316 2240 -8907 15710 9531 END
START -2044 -9916 3528 -7826 17308 8601 END
START -2816 -10956 5604 -7792 18353 6238 END
START -3760 -12716 8772 -6170 19788 5410 END
START -5036 -13744 11400 -5540 20509 2062 END
START -5340 -15452 15824 -3975 19605 -1393 END
START -6440 -16116 21172 -3821 17491 -5038 END
START -9000 -15492 26708 -3074 16203 -8281 END
START -5944 -16436 31876 -2970 11236 -12439 END
START -5848 -15236 32767 -1232 9695 -15257 END
START -6748 -12760 32767 3448 5561 -15561 END
START -5988 -8112 32767 6596 1986 -17146 END
START -14648 -2216 32767 10989 3751 -14272 END
START -16112 1804 32767 13615 -62 -9863 END
START -16748 8308 32767 13426 -3289 -9629 END
START -16628 11024 32767 12363 -9820 -7933 END
START -12932 12608 30128 7932 -13452 -10207 END
START -9176 11472 24580 6110 -17834 -10018 END
START -6000 10756 23004 3997 -17938 -8780 END
START -3792 9888 19228 2824 -17241 -6481 END
START -2816 9376 17028 2530 -17381 -4507 END
START -2264 9088 14340 1153 -16830 -3859 END
START -2664 8344 11936 350 -15960 -3403 END
START -1260 7316 9332 -819 -14851 -2828 END
START -544 6240 6868 -1845 -13992 -2843 END
START 180 5560 5420 -2044 -13048 -2284 END
START 384 4908 4132 -2110 -12171 -1538 END
START 1244 4144 4092 -2255 -10558 -537 END
START 1868 3156 4124 -2780 -8448 -297 END
START 2436 2452 3448 -2923 -6203 -877 END
START 2760 1240 2672 -2632 -3935 -1561 END
START 3500 284 2004 -1779 -1324 -1665 END
START 3580 -448 1420 -906 1150 -1221 END
START 3528 -996 1400 -203 3640 -66 END
START 3000 -628 1624 59 5749 954 END
START 2412 -252 1860 -3 7767 1211 END
START 1744 184 1816 -67 9767 928 END
START 1280 672 2348 278 11532 589 END
START 1184 856 2304 484 13593 2 END
START 580 1584 2772 522 15211 -1132 END
START 1184 1200 2672 2399 18206 -104 END
START 1316 2768 3776 3386 21897 509 END
START -552 4376 4756 4848 25008 1519 END
START -1284 5960 5984 6004 26597 4214 END
START -3128 8752 7428 6121 27072 7666 END
START -1616 10704 10496 7367 26762 12863 END
START -4868 14668 17004 7014 25779 16513 END
START -5044 16728 21780 4679 24270 14917 END
START -4792 16840 27716 834 22398 11024 END
START -8400 13868 32767 -1557 17323 7973 END
START -11996 11260 32767 -5442 13930 6007 END
START -14660 3952 32767 -11456 13066 1819 END
START -16992 -780 32767 -2429 5479 6479 END
START -16360 -2976 32767 1286 1530 9841 END
START -17524 -2976 32767 3760 -2930 10991 END
START -17224 -3488 32767 4975 -7172 9112 END
START -15048 -5004 32767 4842 -8486 5557 END
START -12460 -6644 28660 7977 -9160 5034 END
START -12080 -5488 25192 12673 -8743 5696 END
START -10780 -3964 18844 13722 -8410 5610 END
START -6672 -2756 14484 10848 -5393 2777 END
START -7752 -2352 10216 8318 -2618 172 END
START -6868 -1340 7636 6395 -3420 -5399 END