START -10236 1664 27836 1184 -848 -5712 END
START -11800 3280 28676 2356 -2186 -3160 END
START -13736 6824 28588 3876 -4111 398 END
START -8212 8580 24204 5718 -5712 940 END
START -13144 12284 24068 2494 -9215 2037 END
START -10680 13136 22084 1739 -11702 2687 END
START -8684 13448 21332 -360 -12991 2515 END
START -6972 13292 19672 -967 -13377 3006 END
START -5820 12764 17396 -2022 -11972 3513 END
START -5208 12364 14576 -1659 -11109 5366 END
START -4116 12276 12356 -1437 -10479 7755 END
START -3824 12368 10728 -2862 -9302 8620 END
START -3504 12268 9136 -4842 -8598 8532 END
START -2972 11104 7704 -7215 -8203 7925 END
START -2152 9228 6544 -9200 -7454 7280 END
START -1628 7548 5596 -10079 -6401 7609 END
START -968 6004 5040 -10521 -4700 8497 END
START -756 4680 4772 -10950 -2331 9177 END
START -388 3488 4460 -10810 174 10124 END
START -88 2308 4104 -10286 3243 11174 END
START -496 1476 3836 -9681 5912 11629 END
START -1120 376 3920 -9503 8229 11674 END
START -1328 -868 3820 -9454 9872 11522 END
START -1332 -1892 3784 -9496 11423 11014 END
START -1452 -3168 3580 -9597 13614 9893 END
START -1900 -4148 3664 -9476 16151 8880 END
START -2940 -5216 4848 -9294 17696 7609 END
START -3904 -6816 5792 -9355 19467 6005 END
START -5304 -8092 8516 -8691 20505 4781 END
START -7264 -9768 10932 -9465 20591 1494 END
START -9196 -12420 13612 -8628 18824 -1531 END
START -10516 -14580 17300 -7548 16433 -4100 END
START -8528 -16004 21616 -6819 15062 -6400 END
START -12560 -15752 24304 -5888 12112 -8792 END
START -12584 -14652 30196 -2108 7435 -9817 END
START -12956 -13020 32767 -2239 5333 -13144 END
START -13616 -11360 32767 2171 2460 -12833 END
START -18312 -4888 32767 2935 -1456 -13106 END
START -16216 -3852 32767 9183 1364 -10810 END
START -18128 -316 31412 13021 -1230 -7537 END
START -18768 3960 26940 14602 -4694 -4677 END
START -15576 6280 24484 11728 -5313 -4845 END
START -12816 8488 20648 10993 -7974 -3916 END
START -11984 9688 16924 8346 -10766 -3315 END
START -8356 9460 16388 3709 -11613 -5380 END
START -6100 7544 14488 997 -12586 -6209 END
START -5428 6528 13652 -1408 -13907 -6737 END
START -3524 5156 11876 -1738 -13686 -5689 END
START -2192 4616 11140 -3075 -12371 -5805 END
START -1656 3556 9796 -3609 -11481 -6301 END
START -780 2600 9388 -3174 -10827 -6377 END
START -8 1732 8584 -2596 -9000 -5904 END
START -592 1112 7908 -1862 -6897 -5387 END
START -4 344 6912 -1080 -5110 -4728 END
START 260 152 6464 188 -3727 -3621 END
START 444 352 5992 1478 -1924 -2564 END
START 608 1040 5924 2148 145 -2019 END
START 548 1140 5348 2354 2371 -1961 END
START 956 1624 5172 2797 4743 -1955 END
START 948 1952 4904 3059 7246 -1690 END
START 1072 2492 4640 3329 10088 -682 END
START 920 3592 4736 3583 12882 349 END
START 572 4712 5500 4060 14959 1072 END
START -504 6116 6780 3811 17080 1636 END
START -2064 7120 8160 3299 19555 3041 END
START -4396 8388 9900 4074 20625 5955 END
START -7244 10672 12212 3641 21339 8000 END
START -6528 11728 14800 3900 20968 10214 END
START -9812 13968 18924 3787 18920 12470 END
START -13508 14076 24108 1065 16087 13093 END
START -15704 11248 29916 -2140 11674 12149 END
START -19972 6044 32767 -11396 7292 8693 END
START -17540 1132 32564 -4375 4701 11910 END
START -19584 -528 32767 -167 -148 13152 END
START -17780 -2060 32088 1946 -3516 11669 END
START -16032 -3204 32748 5194 -7577 11683 END
START -15100 -4940 30972 4619 -9201 10338 END
START -14184 -6324 26728 6822 -11148 10144 END
START -11448 -4964 23128 9181 -12443 9793 END
START -9572 -3752 21784 11713 -10750 11190 END
START -9048 -3172 17520 12108 -9110 9371 END
START -7452 -2312 14192 10966 -5779 4980 END
START -7888 -2364 9768 9439 -2365 1814 END
START -6812 -2080 7104 9215 -3293 -3 END
START -4968 -2272 4952 8152 -3751 -1646 END