START -4060 6400 25016 3655 -1220 -3221 END
START -5608 9472 25692 4375 -1854 -983 END
START -1168 13168 23160 4073 -3526 1263 END
START -6468 15696 23964 3126 -5552 1112 END
START -7176 17068 22768 888 -6534 1843 END
START -6388 17108 21356 483 -8490 4161 END
START -5352 16836 20396 -1827 -9064 4982 END
START -4312 15324 18636 -3851 -9436 5699 END
START -3072 14076 16496 -5246 -9642 6337 END
START -2016 12380 14548 -6213 -9248 6875 END
START -1080 10816 12800 -5913 -8765 8079 END
START -752 9348 11208 -6286 -7350 8771 END
START -712 8288 9556 -6154 -6171 10023 END
START -620 7480 7852 -6151 -4749 11239 END
START -592 6652 6808 -6394 -3125 11823 END
START -396 5732 5368 -6933 -1232 12223 END
START -244 4884 4456 -7578 632 12488 END
START -440 4040 3128 -8516 2577 12516 END
START -644 2616 2012 -9246 4618 11979 END
START -840 852 2028 -9181 6640 11379 END
START -1036 -392 2592 -8844 8219 11219 END
START -1408 -1724 3656 -8908 10495 10584 END
START -1580 -2972 4004 -8971 12509 9072 END
START -1844 -4628 4340 -9180 14467 7210 END
START -2080 -5972 4740 -8698 16745 6320 END
START -2316 -7044 4708 -7561 18579 5905 END
START -3104 -7864 6552 -6169 19638 5236 END
START -4808 -8364 8832 -5616 20111 3886 END
START -4864 -10144 11580 -4922 20654 2791 END
START -6784 -10804 15556 -4287 19416 946 END
START -7484 -11336 19312 -4697 17636 -2640 END
START -8312 -12660 23316 -4627 14937 -6297 END
START -13936 -12444 27548 -3773 18160 -9263 END
START -8188 -11528 30792 455 11748 -11123 END
START -9032 -11212 32767 1127 9749 -13645 END
START -6584 -9292 32767 2664 6413 -14695 END
START -11628 -8732 32767 4150 5151 -13609 END
START -14692 -3496 32767 6346 3615 -11460 END
START -17708 1112 32767 10532 -136 -8251 END
START -17704 4992 32767 10447 -3810 -7841 END
START -16204 7492 32316 9565 -9318 -6133 END
START -13904 10092 32056 7829 -11692 -6132 END
START -12120 10624 27848 5670 -13550 -5587 END
START -11220 11164 25656 3755 -16643 -4403 END
START -9252 10672 22192 110 -17656 -5691 END
START -7640 9324 18928 280 -18593 -4684 END
START -5672 8656 15788 -845 -18505 -3872 END
START -4148 8208 13656 -718 -18888 -2209 END
START -2784 7108 12360 -1745 -19358 -1897 END
START -2388 6312 11088 -2558 -19251 -1555 END
START -88 4948 10120 -3691 -18134 -1359 END
START 1616 3580 7792 -4041 -16424 -1649 END
START 2236 2692 7196 -3284 -14643 -1808 END
START 2248 2244 6228 -2946 -12378 -1890 END
START 2964 1268 5280 -2279 -9640 -1621 END
START 2896 604 4812 -1599 -7286 -1495 END
START 2752 516 4060 -2098 -5384 -1836 END
START 2480 528 3204 -3103 -3408 -2696 END
START 2784 -796 1840 -3975 -1916 -3972 END
START 3268 -2272 1500 -3669 -952 -3857 END
START 2804 -3032 1644 -1810 847 -1773 END
START 3272 -2528 2516 -9 3506 152 END
START 3084 -1544 3744 51 6815 339 END
START 2400 -532 3592 -208 9325 -364 END
START 1776 -136 3216 181 11883 -876 END
START 976 156 3976 125 13697 -1219 END
START 1108 76 3964 213 14902 -2103 END
START 108 552 4692 111 16751 -3038 END
START -608 1000 4784 218 19202 -3562 END
START -1368 1608 4852 1299 21855 -2357 END
START -2956 2740 6156 2363 23973 -30 END
START -4976 3668 7440 1776 25677 2643 END
START -6712 5540 8428 2976 26425 7699 END
START -7464 9040 10228 2999 27137 9630 END
START -9328 10656 11928 3315 26371 9975 END
START -9668 12356 14148 2473 26139 9231 END
START -10208 12216 17680 3272 25743 11221 END
START -12632 12972 22668 1862 24890 13444 END
START -15352 13024 25932 645 23522 15308 END
START -15076 11432 26740 -190 21231 16458 END
START -17860 9640 27540 -1966 18093 16184 END
START -17684 7344 31704 -957 12908 15161 END
START -20020 3960 32767 -4696 9222 9899 END
START -19784 -1556 32767 -7290 3930 6876 END
START -19172 -6292 32767 -6502 -996 5569 END
START -18148 -10328 32767 -1186 -3934 9173 END
START -17948 -10212 32767 3896 -8031 10416 END
START -16136 -9496 29976 7130 -11646 6038 END
START -13960 -8652 27916 6791 -13736 3581 END
START -12560 -7752 25076 7286 -14180 3335 END
START -11100 -6900 21016 7351 -14883 2321 END
START -9712 -5220 18084 7719 -15025 972 END
START -8656 -2432 15332 5428 -14017 -2762 END
START -7208 -1636 12696 5542 -12831 -4223 END
START -5564 -1340 11056 6153 -11239 -5453 END
START -5808 284 8604 6198 -7330 -6388 END
START -5836 2156 7136 5478 -4973 -7626 END
START -5236 2508 5828 4506 -3580 -9096 END
START -4504 2948 4832 4586 -2859 -7664 END