START -12596 10300 24268 -4035 -1575 -2287 END
START -13676 10292 24976 -5109 -4476 -847 END
START -14200 10964 25728 -6501 -6696 1032 END
START -12348 10012 20368 -3482 -11469 4796 END
START -12164 10960 21448 -2457 -11431 5609 END
START -9580 11104 20500 -67 -12558 7121 END
START -7016 10424 17936 -401 -12333 7111 END
START -4396 9840 15156 1832 -11894 9399 END
START -3400 10720 14016 1745 -10680 11784 END
START -1904 10564 10932 1378 -8247 13199 END
START -1304 10052 9492 43 -6834 14212 END
START -952 9620 8360 -2659 -5521 14183 END
START -548 8696 7460 -5537 -4690 13436 END
START -48 6820 6268 -8009 -3701 12041 END
START 724 5216 5560 -9812 -2289 10944 END
START 1088 3752 4880 -11468 -371 10271 END
START 1100 2068 4240 -12897 1907 9934 END
START 272 564 3420 -13009 4297 10164 END
START 356 -536 2948 -12951 6634 10748 END
START -188 -1524 2356 -12581 9467 11197 END
START -1404 -1800 1688 -12083 12309 10919 END
START -2324 -2592 1372 -11016 15392 9672 END
START -3160 -3508 2572 -9779 17332 7833 END
START -4616 -4804 4068 -9710 18683 5929 END
START -5992 -7456 4448 -9514 19569 4533 END
START -7576 -9120 6100 -8959 19158 3403 END
START -8012 -10952 7540 -7754 18768 2909 END
START -9216 -11236 12112 -6778 18379 1362 END
START -9484 -11300 16264 -5724 17436 -2042 END
START -10352 -11656 20552 -5227 17433 -5572 END
START -14644 -11508 26164 -3951 16246 -8803 END
START -12260 -12684 28584 -3296 12560 -12208 END
START -11504 -12464 32640 -1004 7673 -11718 END
START -13672 -9844 32767 3016 3803 -8863 END
START -14324 -6684 32767 6547 1812 -7148 END
START -22136 -2952 32767 7363 -4014 -7171 END
START -16628 1212 32767 10127 -2339 -8513 END
START -16600 2896 32767 11005 -5283 -7231 END
START -15804 5060 29748 11078 -8308 -5886 END
START -14268 6172 25464 9790 -11110 -4621 END
START -12724 6780 20960 8066 -14890 -3073 END
START -7724 7272 19168 3250 -15406 -5162 END
START -8212 6420 14640 3269 -17634 -5234 END
START -3828 6528 14720 112 -16641 -6889 END
START -1124 4596 11912 -636 -15577 -6844 END
START -552 4348 11312 -1297 -13358 -6087 END
START 340 3704 9016 -1610 -11034 -5330 END
START 352 3448 7748 -2299 -8956 -4897 END
START 708 2688 6336 -2247 -6981 -4552 END
START 396 2300 5032 -1908 -4929 -4088 END
START -528 2376 4408 -1078 -2796 -3497 END
START -428 2336 3692 -1031 -414 -3917 END
START -544 2116 3344 -1044 1150 -4330 END
START -360 1876 3288 -1146 3317 -4305 END
START 436 1664 3000 -1339 4754 -3690 END
START -72 1424 3000 -1575 6671 -2914 END
START -952 724 3424 -838 8623 -1247 END
START -1416 1380 3796 141 10612 994 END
START -1276 2612 4000 1400 13062 2411 END
START -1632 4368 4036 2609 15798 3061 END
START -1768 5980 4732 4198 18832 4049 END
START -2444 7920 6040 5611 21242 5616 END
START -3580 9540 7952 5065 23566 6209 END
START -4244 9984 9012 4444 25183 7878 END
START -6480 10540 11920 2380 25538 8893 END
START -6220 10984 14056 581 24821 10279 END
START -9308 12672 18336 1609 23148 14280 END
START -11804 14356 23468 1231 21183 17108 END
START -15804 13832 29068 -1807 19050 15838 END
START -24844 11096 32767 -5191 13691 12790 END
START -20236 4172 32767 -6081 10256 8666 END
START -20832 -1756 32767 -4450 4312 5938 END
START -18636 -5516 32767 -5209 918 5067 END
START -21692 -9588 32767 -957 -6876 8864 END
START -22364 -10792 32767 1284 -9049 9621 END
START -20388 -11276 29196 5829 -13115 7565 END
START -16248 -10412 25920 11570 -13342 5102 END
START -13016 -9896 20808 13692 -12064 5471 END
START -11364 -9224 15420 16159 -9461 6014 END
START -11196 -7188 10184 15973 -7230 3865 END
START -8364 -5224 5008 15951 -4370 3957 END
START -9120 -3872 1648 15923 -1786 4871 END
START -8008 -188 1020 11687 -1719 1295 END