START -2760 5740 24840 412 -288 -5496 END
START -4084 6160 26444 493 -861 -5766 END
START -5828 7988 28004 2048 -2553 -4961 END
START -5228 10436 28196 3027 -4962 -3499 END
START -5584 13756 27684 4382 -4973 -524 END
START -3632 17352 25008 5785 -7247 1100 END
START -7744 19092 24220 3154 -7913 3163 END
START -7292 19404 21700 1526 -8780 4196 END
START -6848 18524 19268 -52 -9832 4982 END
START -6320 17196 17372 -1745 -10164 6384 END
START -4872 15568 14796 -2991 -10304 8596 END
START -4012 13576 12412 -3953 -10071 10200 END
START -2868 12136 10840 -3716 -9062 11432 END
START -1832 10392 9364 -3825 -7477 12526 END
START -1140 8852 8208 -4481 -5745 13210 END
START -648 6740 6860 -5087 -4159 14404 END
START -704 5156 5776 -5554 -2195 15581 END
START -524 3368 4432 -5697 -347 16736 END
START -608 2568 3868 -5914 1745 17185 END
START -932 1508 2820 -6659 3980 17330 END
START -956 588 1728 -7151 5689 17759 END
START -984 -124 1184 -7868 7258 17230 END
START -1120 -1240 1760 -8976 8305 15764 END
START -876 -2676 2140 -10462 9633 13875 END
START -584 -4444 2720 -11547 11409 11917 END
START -296 -6276 2716 -11975 13821 10011 END
START -348 -7488 2868 -11339 16199 8835 END
START -980 -9040 2916 -10607 18715 8450 END
START -2464 -10456 4332 -9561 20279 9061 END
START -4264 -10048 7792 -8507 20097 8422 END
START -4996 -12128 11336 -6186 20698 9403 END
START -6572 -12092 15132 -6740 21685 5500 END
START -11512 -12300 19736 -8128 23986 -838 END
START -8600 -14828 20976 -5849 18537 -4695 END
START -8600 -16308 25544 -5930 15763 -10113 END
START -9908 -17048 31204 -3069 11472 -12594 END
START -9280 -16400 32767 791 9367 -12108 END
START -9196 -13772 32767 2915 8659 -12080 END
START -11372 -9396 32767 4160 5220 -13256 END
START -11652 -5900 32767 10299 4054 -11138 END
START -13776 -1492 32767 12692 2801 -9783 END
START -14176 3404 32767 14357 -849 -7495 END
START -14520 7472 32767 11857 -4071 -6499 END
START -14276 9808 32484 9028 -8479 -5900 END
START -12624 11724 29644 5763 -13017 -7707 END
START -9520 11032 25520 3644 -16540 -8596 END
START -7636 9484 22304 2133 -19378 -7663 END
START -4512 8172 20460 171 -18479 -7424 END
START -3548 7404 17768 369 -18540 -6001 END
START -2208 6608 14488 61 -17713 -5243 END
START -800 6332 12108 730 -16958 -4109 END
START -2496 6252 11000 876 -15239 -3602 END
START 1168 5888 8936 -55 -13761 -3426 END
START 1696 5056 7376 -1328 -12133 -3782 END
START 1528 3788 6292 -2325 -11328 -3968 END
START 1744 2188 4996 -3513 -9995 -3919 END
START 1780 640 4444 -3650 -8816 -2658 END
START 1980 264 4032 -2857 -7416 -649 END
START 2272 432 3896 -2775 -5327 -200 END
START 2320 344 3384 -2742 -3225 -509 END
START 2352 480 3104 -2499 -1307 -1275 END
START 2576 68 2976 -2071 438 -2302 END
START 3284 -624 2748 -1864 2475 -3123 END
START 3472 -1008 3468 -1667 4909 -3576 END
START 3152 -1368 3300 -1300 7945 -3614 END
START 1960 -1304 3380 -877 10808 -3200 END
START 1024 -556 3340 -551 12923 -2624 END
START 384 104 3644 -453 14648 -1930 END
START -412 1056 4144 -1161 16260 -2710 END
START -560 964 4088 88 17951 -855 END
START -1592 2408 4696 505 19893 668 END
START -1708 3724 4696 1347 22258 2651 END
START -3960 7140 5760 2319 24441 5580 END
START -5120 9988 6976 2856 25528 8361 END
START -4872 10756 9516 2727 26758 11034 END
START -6188 11848 14360 2525 27184 12886 END
START -11820 13260 17664 2 26646 10889 END
START -10916 11532 20588 -2716 23633 10888 END
START -10668 10776 23080 -1037 21482 11884 END
START -12360 11572 29896 -4190 21964 11249 END
START -14008 10288 31496 -2644 15793 13316 END
START -15216 7592 32767 -4674 13383 13715 END
START -17836 3536 32767 -7932 11152 11950 END
START -17476 -876 32767 -5037 5775 12184 END
START -17160 -3256 32767 -2789 767 11470 END
START -16248 -4736 32767 589 -3260 12665 END
START -15284 -4372 32767 4371 -7148 15629 END
START -16492 -3952 32767 3679 -9764 15374 END
START -17036 -5392 30096 1940 -10527 11164 END
START -15572 -9712 23616 4176 -13811 7832 END
START -12176 -11236 20120 7988 -16470 6721 END
START -9640 -11260 17760 9788 -16982 5452 END
START -5508 -12156 16036 11778 -14782 5010 END
START -7924 -9260 13876 12916 -13748 -189 END
START -6816 -9028 9792 12103 -8371 -5305 END
START -7296 -7144 5308 12121 -5376 -9173 END
START -5564 -3976 3068 12208 -2747 -10319 END
START -4872 176 3140 10656 -342 -12192 END
START -3552 1284 5120 9297 1724 -15033 END