START -1156 200 2652 -624 14320 -2841 END
START -3428 716 3488 1374 14381 504 END
START -5304 1236 3392 1306 18020 2524 END
START -5400 3140 2336 592 18239 3744 END
START -6476 3896 3336 -333 17741 4270 END
START -5536 4480 3748 -2776 16119 3512 END
START -5680 4320 5564 -6344 15901 837 END
START -5192 4088 6820 -9182 17059 -1534 END
START -5204 2968 7008 -9181 18027 -2055 END
START -5480 1596 7816 -7839 20315 -1567 END
START -5268 572 11320 -7610 20244 -2055 END
START -7792 -556 11212 -7641 18523 -1319 END
START -4328 -3264 14760 -6314 23569 3982 END
START -7044 -2484 16704 -6924 24940 6753 END
START -6192 -2124 18600 -6501 25778 8236 END
START -9552 596 19316 -4356 25245 8823 END
START -12920 952 20576 -4113 21301 5581 END
START -12420 -928 24304 -7921 18515 1254 END
START -15256 -1184 27000 -9412 21419 -458 END
START -16948 -5564 27960 -11816 18540 -2684 END
START -14284 -8444 29844 -12306 14236 -1274 END
START -16668 -6828 32016 -2829 10587 8457 END
START -15672 -3440 32767 2065 10925 11754 END
START -18352 -1044 31292 1005 9113 8130 END
START -20832 -2076 30200 -3109 4727 3402 END
START -21888 -4868 29936 -6161 1148 -125 END
START -19660 -8028 29084 -6462 -2147 -754 END
START -17492 -10784 28268 -4783 -4881 948 END
START -17476 -11436 25996 -379 -7426 4186 END
START -16736 -10156 24264 5349 -11388 7311 END
START -15472 -7580 22556 8302 -14234 6625 END
START -14976 -5940 20528 8520 -17192 4099 END
START -13904 -6072 18700 6926 -19861 320 END
START -11208 -6324 17784 6499 -22249 -2461 END
START -7956 -6176 17968 6616 -22744 -4030 END
START -5700 -6316 17348 8630 -20965 -4229 END
START -5344 -6136 15684 10484 -19408 -4466 END
START -4356 -5500 12392 12511 -19407 -3539 END
START -5344 -2644 10636 15305 -17606 -1098 END
START -2560 -2712 7712 13691 -19405 -3209 END
START -2536 -1552 6328 11777 -19704 -4197 END
START -656 -816 6204 11218 -20516 -7908 END
START 1076 -340 4604 11053 -19217 -8370 END
START 1372 1244 4028 12105 -15825 -6436 END
START 3312 672 3916 11338 -12443 -8648 END
START 3380 1712 3412 13091 -8894 -9201 END
START 4720 3464 4844 13465 -7166 -10698 END
START 5272 4840 5816 10465 -3236 -10951 END
START 6612 6064 6244 9693 883 -10517 END
START 5640 6368 6272 8071 5739 -10535 END
START 5176 7184 6748 7682 10326 -10804 END
START 1312 8764 9324 11790 11445 -11312 END