START 1572 976 3612 -3970 11628 1181 END
START 1552 316 3528 -4600 13245 365 END
START 1604 -216 4964 -5378 14726 620 END
START 404 -864 5512 -6698 16163 345 END
START -768 -1696 5784 -7377 17677 455 END
START -1752 -2064 6240 -7068 19114 634 END
START -2876 -2448 6668 -6312 20320 536 END
START -3372 -2528 7676 -5124 21591 1225 END
START -5472 -1504 8848 -4766 20903 767 END
START -4424 -3216 8624 -3781 21786 1091 END
START -3600 -2340 13128 -2895 22964 3513 END
START -6492 -2860 13584 -2574 24232 3606 END
START -8636 -2848 15440 -1047 24695 4293 END
START -8048 -2064 14980 -786 24504 3002 END
START -8684 -1388 15840 651 24557 2676 END
START -8776 40 17448 2130 23429 4018 END
START -9776 1344 20752 3342 23054 6022 END
START -11128 2108 22996 1363 22356 4066 END
START -12820 1412 24000 -416 21094 1719 END
START -14352 728 24472 -1677 19695 61 END
START -14872 308 25092 -1627 17306 -984 END
START -13856 68 27392 -709 14525 -369 END
START -15196 1152 29316 -543 13315 505 END
START -16148 1804 31112 -962 10033 220 END
START -17976 2572 32400 -3454 8679 860 END
START -17468 368 32767 738 6471 4746 END
START -18520 1572 30832 -615 4367 2639 END
START -19428 156 31848 -1768 -439 1006 END
START -18100 -808 30888 -3127 -3681 -1023 END
START -15868 -2700 29064 -3386 -5518 -2338 END
START -13644 -3892 28464 -1155 -8625 -1581 END
START -12756 -3872 27012 -1451 -9694 -2626 END
START -12204 -4300 25020 329 -11485 -1816 END
START -12020 -3908 22676 1338 -12632 -2085 END
START -11304 -4316 20060 2816 -13126 -2038 END
START -10716 -3868 17368 4426 -13895 -2056 END
START -9732 -3596 15252 5165 -14218 -2620 END
START -8720 -3920 13708 5418 -14249 -2715 END
START -8248 -4080 12644 6212 -14399 -2467 END
START -7936 -4376 12208 6174 -14233 -2591 END
START -7672 -4672 11176 6134 -13882 -3421 END
START -7128 -4788 9876 6613 -13930 -4241 END
START -6744 -4480 9192 6824 -13422 -5057 END
START -5576 -4000 7856 6967 -12658 -6041 END
START -4544 -3680 7292 7862 -11598 -6807 END
START -4236 -3040 6800 8025 -10147 -8286 END
START -3680 -2484 6748 8208 -8856 -9524 END
START -3220 -2412 6208 7776 -7721 -10434 END
START -2972 -2756 5064 7482 -6820 -10208 END
START -2804 -2476 4936 7697 -5621 -8793 END
START -2548 -792 4928 7984 -4120 -7349 END
START -2080 1024 4868 7512 -2235 -6924 END
START -1712 2588 4736 7632 -122 -7219 END
START -1280 4240 5064 7700 2414 -8170 END
START -1136 5504 4848 7660 5513 -8689 END
START -1176 7268 4060 7554 9169 -7888 END
START -1332 9500 3132 7731 12527 -5595 END
START -940 11776 2484 7256 16177 -2869 END
START -1324 14380 2684 5852 18123 -615 END
START -1480 15448 3876 3754 18864 99 END
START -2368 16100 7144 434 18726 -1195 END
START -4272 14636 10780 -4572 19294 -2940 END
START -7856 12264 15324 -8374 18645 -3486 END
START -17652 8704 21536 -8950 19728 -3541 END
START -17384 3316 23256 -10819 15668 -4513 END
START -17220 676 28156 -6223 10616 -2167 END
START -15180 140 30480 -4359 6379 -64 END
START -15476 884 32767 -3373 5603 227 END
START -18864 956 31940 -1151 298 1817 END
START -12652 776 32767 -2223 1039 -1542 END