START 192 872 3320 511 10324 3906 END
START 908 628 1972 -1288 11698 4462 END
START 592 1152 3088 -2310 12722 5258 END
START -1928 1528 3800 -3733 12907 3949 END
START -3344 1516 3524 -5122 14388 2334 END
START -3888 1280 3228 -6447 14134 555 END
START -2784 1472 4020 -5410 13881 174 END
START -2980 2408 5280 -5843 15688 -478 END
START -2980 2956 5680 -6227 17449 -260 END
START -3684 3088 6876 -7537 18475 81 END
START -4652 2228 7612 -9424 19687 1761 END
START -6780 1152 9168 -11147 19257 2990 END
START -5044 -840 9556 -8225 19513 6567 END
START -5992 1848 13236 -7356 22420 7027 END
START -6852 2060 11712 -4906 22022 6734 END
START -8772 3680 14856 -3591 21634 5788 END
START -11304 3972 17340 -6369 21443 2196 END
START -10276 1640 20052 -9972 21603 -648 END
START -11276 -596 21872 -11182 19632 -1325 END
START -10580 -3516 24892 -8351 19184 389 END
START -11140 -5228 28052 -6642 17638 1767 END
START -15484 -4116 30764 -4342 15344 3780 END
START -17212 -3676 30560 -5387 13814 3954 END
START -15676 -4528 32767 187 10601 7528 END
START -17788 -2760 32767 -529 8104 4340 END
START -17728 -2876 32767 -2459 3386 -302 END
START -17256 -3876 32767 -3506 697 -3609 END
START -16424 -6484 32767 -2910 -1523 -3040 END
START -17152 -6628 32468 -1457 -3454 -982 END
START -16692 -6744 30592 -820 -6161 -1226 END
START -15716 -7436 27616 1167 -8645 -936 END
START -15064 -6980 25940 2448 -10624 -1093 END
START -13444 -6452 22712 3455 -12001 -2105 END
START -11676 -6204 20224 5707 -13030 -1593 END
START -10148 -5840 18372 6858 -13107 -1885 END
START -9136 -5776 16428 7671 -13007 -2095 END
START -8412 -5676 15508 8696 -13506 -2130 END
START -7844 -5528 13616 8872 -12948 -2539 END
START -7032 -5392 11580 10274 -12793 -2341 END
START -5832 -4648 9964 11230 -12891 -2705 END
START -4716 -3140 8244 11190 -12660 -3780 END
START -3140 -1788 5488 12025 -11383 -2090 END
START -2440 -1220 4260 9994 -11996 -6205 END
START -1468 -772 3712 8475 -10585 -8909 END
START -208 -612 2100 9648 -8547 -9909 END
START 16 -80 2276 9654 -5435 -10873 END
START 524 900 1364 9683 -2598 -10626 END
START 432 1988 956 9407 344 -9733 END
START -20 2536 412 8907 2439 -9763 END
START 1560 2700 264 7980 4897 -9626 END
START 1160 3216 -280 6900 7919 -9442 END
START 512 4304 -496 6244 11173 -8626 END
START -772 6592 440 6328 14136 -7601 END
START -1572 9024 3404 6653 16260 -6506 END
START -2368 11240 7032 5370 17874 -5594 END
START -4324 13292 11088 3924 19957 -5915 END
START -9992 11284 12676 1062 15946 -10605 END
START -9564 9480 18816 -5020 22609 -12740 END
START -14344 6676 21560 -5826 32767 -12900 END
START -17824 3656 23496 -4840 24837 -10267 END
START -20252 5420 29132 6423 14544 4829 END