START 2420 -1124 6864 -1703 287 -1872 END
START 1984 -1032 6192 -972 2386 -1257 END
START 2140 -1284 5540 -1663 4089 -865 END
START 2020 -1220 5040 -1899 5345 117 END
START 2088 -832 5024 -2240 6568 1322 END
START 1644 -460 4992 -2887 7959 2167 END
START 1556 60 4880 -3417 9045 2794 END
START 1520 364 4852 -4235 10112 2757 END
START 1528 724 4840 -5007 11400 2609 END
START 1468 1124 5464 -5521 12985 2332 END
START 1428 1260 6244 -6617 14759 1686 END
START 980 900 6380 -7572 16271 1524 END
START 348 364 7364 -8191 18052 1815 END
START -292 -212 7916 -8584 20159 2308 END
START -1616 -692 8868 -7952 22438 2969 END
START -2256 -1324 9872 -7127 25287 3890 END
START -3856 -216 9944 -6313 26319 4137 END
START -3532 -816 8956 -6063 29084 5692 END
START -1740 -708 10616 -4980 29068 8285 END
START -5260 1372 11640 -3961 30162 10325 END
START -7416 1260 12488 -6085 29096 7735 END
START -9032 -528 14528 -7970 27234 5320 END
START -8476 -2956 17156 -10746 26897 1632 END
START -11760 -4180 18856 -9551 26000 1147 END
START -8820 -6020 19972 -6883 25180 2342 END
START -13156 -4808 22804 -3949 23701 3956 END
START -13800 -5016 24696 -3628 22269 3762 END
START -16456 -5408 26540 -3977 19134 3489 END
START -16832 -5912 27932 -5767 15282 1617 END
START -19808 -6468 29624 -4269 11914 3694 END
START -20824 -5716 30072 -2526 8763 1731 END
START -19952 -6392 31120 -2149 5664 1069 END
START -19804 -6900 30456 -842 2382 -685 END
START -19492 -7764 30372 -295 -1276 -1999 END
START -19148 -8584 29716 713 -3845 -2470 END
START -18808 -8996 27540 2908 -6532 -1364 END
START -18168 -7952 25216 5834 -9647 138 END
START -16840 -6712 22888 7180 -12342 248 END
START -15480 -5316 20704 7909 -14852 -517 END
START -13500 -4144 18676 7979 -17052 -1647 END
START -12000 -3964 16632 7940 -18419 -2564 END
START -10668 -4428 15224 8011 -18966 -3107 END
START -9700 -4372 14188 7744 -19304 -3541 END
START -8436 -4324 12796 8214 -19231 -3537 END
START -7440 -3816 11656 9332 -17835 -2434 END
START -6820 -3364 10056 8100 -19055 -4676 END
START -6632 -4124 10636 8217 -20255 -5770 END
START -6428 -4168 10880 6712 -20185 -7935 END
START -5272 -4324 9856 7203 -19637 -9091 END
START -3808 -4476 8956 7925 -18733 -9957 END
START -2216 -4124 8224 8614 -17047 -10612 END
START -1320 -3504 7488 10022 -14099 -9710 END
START -1336 -1892 5988 11224 -10068 -7836 END
START 8 -908 5548 11796 -9132 -9372 END
START -272 368 5628 11640 -7338 -9963 END
START -484 1636 5652 11110 -6286 -11171 END
START 336 2536 6204 9939 -5382 -12894 END
START 1348 2384 6608 8544 -3954 -14986 END
START 2836 1384 7164 6111 -462 -17337 END
START 1564 496 7140 5295 2928 -18381 END
START 3752 644 6252 5336 7292 -16567 END
START 2228 1720 6512 5543 11876 -13329 END
START 1264 3288 6804 6079 16201 -8830 END
START 32 5332 7240 3485 19030 -5834 END
START -1556 5444 6944 428 22173 -2956 END
START -3696 6512 7024 -540 22948 -2717 END
START -5396 7768 8352 -2030 26480 -2106 END
START -7776 9748 9188 -2524 27708 -2055 END
START -9432 9876 10268 -3230 27053 -1446 END
START -11388 9404 13472 -5761 24535 -3303 END
START -11968 7748 17644 -9296 22995 -5065 END
START -14784 6404 21220 -10574 21068 -5805 END
START -15772 5144 25280 -12267 21298 -6257 END
START -17844 1444 27992 -12382 18404 -6461 END
START -19340 -988 27492 -10158 21049 -5158 END
START -18200 -2864 27444 -7792 16335 -3443 END
START -20380 -4228 28476 -2010 6890 616 END