START 2612 1268 4396 3988 5490 4061 END
START 3324 1616 4780 2036 6149 3764 END
START 3504 2616 5532 1359 8115 3738 END
START 3248 3224 5488 -419 10782 2760 END
START 2448 2844 4560 -1030 11757 2901 END
START 1512 3072 5396 -2044 13513 2495 END
START 264 2956 5152 -3197 15152 2393 END
START -16 2976 5600 -4056 17125 2965 END
START -388 2664 5640 -4312 16851 2865 END
START -156 3224 7256 -4236 17399 3483 END
START -204 3684 8480 -4193 18420 4289 END
START -224 3752 9288 -4743 19591 4525 END
START -1060 3256 10508 -5686 21033 3857 END
START -2280 1788 11412 -7384 23711 2228 END
START -4400 988 12036 -7678 24241 553 END
START -5296 -120 12552 -4627 23523 2087 END
START -5312 684 16080 -1711 21949 5564 END
START -7116 3036 17852 -3186 21052 4640 END
START -8232 2308 18880 -4364 22370 4341 END
START -12032 1888 19016 -6208 21835 990 END
START -13352 -404 19388 -7018 19503 525 END
START -12656 -1696 23060 -5886 15068 2141 END
START -13304 -1060 28476 -6480 9626 -642 END
START -10684 -2452 30512 -3821 12067 3144 END
START -15020 -1952 32767 -1972 11991 4083 END
START -19248 -1832 32767 -3098 9870 1164 END
START -21736 -3624 32112 -3163 6718 1164 END
START -20644 -6284 32767 517 2824 3588 END
START -20332 -5248 32384 -292 -902 780 END
START -17584 -5372 32744 1559 -5509 175 END
START -16056 -4572 32008 1207 -7352 -1730 END
START -13808 -4912 30020 3154 -9134 -1695 END
START -12900 -4992 27900 3078 -9804 -3246 END
START -11712 -6440 23544 3684 -10488 -3711 END
START -10636 -6344 20976 6621 -11811 -1101 END
START -9872 -5000 19440 7997 -12538 615 END
START -8804 -3956 18036 9327 -13086 1090 END
START -7500 -2644 17232 10426 -13470 1398 END
START -6984 -888 15496 9166 -12997 -481 END
START -6100 -660 13840 8593 -13306 -2152 END
START -7016 -376 11060 9639 -8948 438 END
START -4588 -500 11792 6557 -13406 -4581 END
START -3576 192 10172 8336 -13927 -3795 END
START -1972 844 9564 7303 -12491 -4272 END
START -1516 1360 8576 7551 -11077 -3675 END
START -1440 2640 7868 7384 -9358 -3432 END
START -976 3688 6832 7071 -7845 -3482 END
START -1148 4560 6040 6471 -6679 -4336 END
START -1112 4864 5616 5423 -5756 -5843 END
START -1008 4976 5268 4050 -4750 -7615 END
START -744 4600 5004 2826 -3190 -9188 END
START -440 4280 4740 1718 -1188 -10226 END
START -28 4396 4408 1577 899 -10463 END
START 712 4408 4444 1556 3218 -10494 END
START 1040 4992 3880 1851 5716 -9594 END
START 1216 5604 4192 2233 8189 -8224 END
START 448 6292 4416 1384 11311 -7185 END
START -556 6516 4208 -499 14959 -7382 END
START -2044 6056 3672 -1127 17328 -7259 END
START -2564 5912 4440 -1839 19406 -7903 END
START -3072 5736 4724 -2827 20891 -8620 END
START -5168 5212 7740 -3465 20526 -8319 END
START -9008 5200 12412 -4700 16391 -9887 END
START -10420 3628 17508 -3582 20147 -5975 END
START -14396 3096 21388 -4321 21151 -8450 END
START -18064 -308 23736 -3959 21835 -8330 END
START -15272 -1076 23908 4372 14575 -1455 END
START -17300 4116 28952 758 9435 -2658 END
START -15228 5196 30820 -3721 3145 -7720 END
START -16152 5640 32767 -1277 5044 -4577 END
START -16160 4432 32408 334 4090 -5068 END
START -18140 4772 31380 -499 3771 -5468 END
START -18716 4448 29028 -1389 3258 -5359 END
START -15224 4044 25972 -2202 658 -4315 END
START -13936 3300 24920 -1022 -1757 -527 END
START -13684 3116 24988 -904 -1808 972 END