START 108 3776 6100 -4503 9969 4133 END
START -4 4288 5188 -4891 13748 2636 END
START -276 4356 4500 -5197 17663 1481 END
START -428 4156 4508 -6054 21282 348 END
START -652 3348 4448 -7569 24408 195 END
START -1572 2264 3896 -8384 27474 2052 END
START -5320 2016 5048 -11974 31822 3441 END
START -7752 160 6092 -14792 32112 5775 END
START -8448 -752 8068 -16683 32767 6370 END
START -16268 -2224 10408 -17135 31757 7035 END
START -17972 -3480 14572 -14980 25841 7799 END
START -20564 -4536 22088 -13567 20762 5491 END
START -19916 -8144 29740 -15352 15252 -2681 END
START -24352 -11188 32767 -18119 11015 -8679 END
START -20680 -17544 32767 -13427 9364 -8211 END
START -19260 -19888 32767 -4351 4175 -4807 END
START -20108 -18840 31832 3790 -3639 1858 END
START -17960 -15064 32767 8188 -8369 1918 END
START -16424 -12772 30532 9583 -11919 -1173 END
START -14304 -11560 27592 11289 -15101 -3278 END
START -12824 -9936 23976 12902 -16768 -4654 END
START -10208 -7644 20788 15030 -17838 -4222 END
START -9220 -6456 17312 15335 -17979 -4661 END
START -10260 -4572 13984 16087 -17882 -4051 END
START -7628 -3200 11312 15400 -18850 -4486 END
START -7796 -1556 9396 13899 -19045 -5211 END
START -5096 -1028 8140 12748 -19755 -7932 END
START -4112 -564 5720 13144 -18244 -8161 END
START -2484 172 5640 12643 -17544 -9990 END
START -1424 996 5532 12600 -15212 -11433 END
START -388 1432 5404 11924 -12683 -12828 END
START 1340 1216 5252 10978 -10038 -13729 END
START 2092 1176 5688 10631 -6181 -13416 END
START 2700 1804 4608 10371 -1346 -12343 END
START 2736 3400 3488 10682 4127 -10849 END
START 2516 5260 3068 10731 8897 -8837 END
START 2116 7996 2740 10507 12985 -6708 END
START 1732 10008 3880 9506 16024 -5916 END
START 1672 11432 4976 8046 17535 -7286 END
START 48 12064 7444 5868 21334 -8689 END
START -1276 12540 8840 -2037 22777 -10597 END
START -4204 11820 14324 -6733 27660 -12297 END
START -4716 10960 18484 -14878 32767 -14296 END
START -12804 4252 20800 -17947 32767 -14438 END
START -18788 -4048 20860 -12957 32767 -10617 END