START 2168 -1528 5128 503 -393 1241 END
START 1724 -1920 5004 42 764 2602 END
START 1472 -1368 4944 -159 1907 3366 END
START 1424 -236 4316 -31 2959 4377 END
START 2112 680 3196 684 6823 6908 END
START 1400 1656 4656 -1759 5863 4214 END
START 1576 2044 4204 -931 6847 3875 END
START 1348 1888 3940 -2484 8917 3011 END
START 1988 1716 4124 -3132 10601 3109 END
START 2172 1364 4848 -4123 12698 3236 END
START 1432 488 4916 -5324 14806 3652 END
START 464 -292 4952 -6241 16496 4162 END
START 144 -808 5288 -6586 17414 4955 END
START -132 -712 5848 -5972 17809 5916 END
START 68 -468 7052 -5531 18381 7126 END
START -512 340 8904 -7270 21686 5853 END
START -1584 -248 8524 -6859 22765 5923 END
START -1964 -756 9604 -8044 23673 4439 END
START -2180 -2424 11192 -10602 25334 3227 END
START -2900 -5004 13048 -6095 26842 7399 END
START -1048 -5064 13284 -5526 28202 8220 END
START -5824 -3948 14924 -3080 27773 9031 END
START -7104 -2636 16616 -4576 27314 8273 END
START -9068 -1852 18948 -7446 27267 5808 END
START -9776 -2976 19644 -6620 25230 5907 END
START -10428 -4052 22824 -8041 23211 3600 END
START -11484 -5636 26608 -9037 20995 1558 END
START -13584 -7044 27368 -8009 18718 467 END
START -11832 -8264 27144 -5821 16944 1289 END
START -14748 -6828 28712 -2407 15236 3824 END
START -14488 -6924 27872 -782 14805 5702 END
START -17128 -5876 32767 -1689 11237 6262 END
START -13300 -8372 30352 22 9019 3358 END
START -16828 -6664 31364 568 5245 2869 END
START -16604 -7336 32767 -891 2631 -154 END
START -14740 -9552 31848 133 -708 -1289 END
START -16160 -8816 31184 1612 -3306 -928 END
START -15512 -9652 28864 2379 -6015 -788 END
START -15096 -9224 27616 2934 -9172 -1679 END
START -14532 -8952 26200 3097 -11859 -2938 END
START -13152 -9236 24100 4433 -13459 -3598 END
START -11240 -9084 21644 6585 -14474 -3009 END
START -10096 -8764 19460 8076 -14921 -3391 END
START -9064 -8156 17420 9923 -15006 -3688 END
START -8964 -7820 16732 11161 -15515 -3863 END
START -8412 -7780 15976 10982 -15423 -5033 END
START -8648 -7124 13152 11632 -15698 -6256 END
START -7624 -6800 10640 13104 -16179 -7115 END
START -7724 -5824 9676 14980 -16050 -6058 END
START -5484 -4472 8860 14963 -15773 -6579 END
START -4104 -3920 9464 13951 -15387 -7672 END
START -4188 -3212 8980 12183 -14225 -9300 END
START -3112 -2988 7584 11358 -12900 -10372 END
START -2396 -2996 6268 11572 -11782 -11160 END
START -1980 -2704 5928 11985 -10088 -11081 END
START -1664 -1724 5632 12274 -7920 -10257 END
START -1652 -32 5068 12209 -5730 -9730 END
START -1848 1288 4780 11639 -3800 -9563 END
START -1800 2980 4656 10662 -1917 -9464 END
START -1300 4180 4404 9256 -68 -9711 END
START -1156 4824 4352 7573 2009 -10131 END
START -880 4864 3848 6151 4321 -9993 END
START -696 4832 3344 5288 6789 -9175 END
START 228 5264 2844 5104 8569 -7345 END
START 156 6928 3084 4642 11479 -5519 END
START -816 8892 3640 3311 14472 -4272 END
START -808 10684 4448 1954 17056 -3364 END
START -1376 12064 5000 600 19700 -2651 END
START -760 12852 4940 -1934 20902 -4202 END
START -2176 11668 6984 -3846 22988 -4875 END
START -6252 9872 10108 -6783 23716 -3734 END
START -8768 8756 14560 -7771 22941 114 END
START -12488 7208 17892 -8128 21433 3358 END
START -14120 6288 22832 -8660 19654 3374 END
START -17124 4800 25520 -11818 17898 1291 END
START -17936 4412 28032 -5323 12327 2823 END
START -19368 2444 28084 -6181 4307 666 END
START -14252 -1180 31616 -7349 6361 -910 END
START -14264 -3560 32767 -3760 3701 -490 END
START -13020 -5096 32376 -1547 540 1165 END