START 2516 -1420 6020 -15 446 -106 END
START 2208 -1648 5080 572 2391 1108 END
START 2472 -1752 4160 925 3951 2434 END
START 2164 -1408 4020 894 5154 3442 END
START 1924 -660 3980 716 6516 4372 END
START 1624 244 3928 391 7956 4370 END
START 1216 584 3736 -310 9683 3731 END
START 1180 632 3456 -329 10735 2932 END
START 1396 916 3964 -132 11500 2334 END
START 1440 1256 4356 -1576 13226 1292 END
START 1420 952 4096 -2924 15565 1146 END
START 772 316 3760 -3650 18083 1684 END
START -204 -168 4420 -4117 20146 2679 END
START -1228 -316 5172 -4707 22482 4072 END
START -2532 -316 5664 -4938 24533 5082 END
START -3720 -372 6840 -4209 25942 5793 END
START -4944 1040 5936 -3955 25769 4708 END
START -5772 -904 6860 -5905 28773 4017 END
START -3932 -1892 8768 -3072 30286 5999 END
START -7036 -1384 10728 -1535 28841 7450 END
START -8412 -2316 12636 -4611 28898 4940 END
START -10092 -3632 16600 -5762 28096 4014 END
START -8720 -4488 20520 -5240 27087 4065 END
START -11532 -4256 23932 -2373 25910 4835 END
START -10764 -5440 30724 -841 23206 3920 END
START -13872 -5520 32767 -913 23056 2699 END
START -20048 -5464 32767 -423 19487 -493 END
START -22492 -7864 32767 -663 13705 1000 END
START -24264 -6092 32767 2475 8337 2472 END
START -23140 -6096 32767 4536 2729 2957 END
START -23644 -5144 32767 5098 -2481 2078 END
START -23064 -4828 32767 5505 -6408 -3 END
START -21408 -5072 32767 6872 -10136 -1367 END
START -19356 -5580 31944 7473 -13658 -2776 END
START -16716 -5572 27584 8614 -16645 -3043 END
START -14392 -5448 23568 9454 -18710 -3019 END
START -12788 -4632 20640 9227 -19817 -3212 END
START -9964 -5276 18936 9693 -14942 -208 END
START -11356 -2128 13540 9195 -20130 -2458 END
START -7780 -2872 11188 8509 -21155 -5185 END
START -7016 -2312 9688 8244 -20604 -5160 END
START -5820 -1520 7412 7925 -20936 -7013 END
START -4284 -1536 6308 6547 -19465 -8512 END
START -2760 -976 4772 6676 -18435 -9433 END
START -1180 -368 3964 6354 -16933 -10542 END
START 968 -524 4008 6436 -14022 -10430 END
START 1384 12 3548 6221 -11284 -10752 END
START 2532 112 2672 5216 -8369 -12491 END
START 3520 -600 2128 5144 -4554 -12898 END
START 4200 -756 1404 6123 -666 -12342 END
START 4152 -64 768 6618 3556 -11868 END
START 3544 1012 288 6864 7615 -10997 END
START 3120 2016 -408 6821 11083 -9781 END
START 2096 3308 -220 6491 14084 -8214 END
START 1132 5328 164 6476 16869 -6969 END
START 184 7552 1184 5180 20054 -6784 END
START -552 9124 2364 3601 22674 -6842 END
START -1860 10572 4384 2468 24324 -6978 END
START -3748 10824 7172 1441 23993 -8905 END
START -5672 10100 10432 -130 23944 -9965 END
START -7748 9852 15784 -1765 23011 -10709 END
START -12660 7728 23040 -5071 24951 -10867 END
START -17452 6552 28896 -5666 31088 -11523 END
START -22188 1776 25992 -4640 26789 -7536 END
START -22612 1176 25148 -973 22182 -369 END
START -19316 2580 25192 964 13228 4809 END