START -4536 3824 2556 -4420 17714 4645 END
START -3144 2928 1372 -6648 21133 3054 END
START -3496 1988 2176 -7888 23197 2654 END
START -4172 1908 2548 -10357 25817 1742 END
START -5208 1088 2684 -12149 28003 2254 END
START -6660 -1328 4172 -12655 28764 4206 END
START -9340 -1140 6040 -11964 27197 3496 END
START -9040 -4472 6748 -11264 27030 4663 END
START -9428 -5996 11912 -13225 28705 5350 END
START -11488 -5684 14944 -10948 28016 6429 END
START -13756 -5712 18832 -11885 26483 5061 END
START -13308 -6876 22684 -12856 24730 2874 END
START -15892 -8596 25516 -9740 23831 3853 END
START -19432 -8972 27692 -5895 21984 3788 END
START -25124 -7940 30380 -6738 10986 610 END
START -23144 -7260 32767 -3995 10158 709 END
START -16052 -8680 32767 -1312 8752 1289 END
START -21024 -7656 32767 -810 5301 1388 END
START -20436 -9208 32420 1483 1407 1178 END
START -20188 -8848 32767 752 -2216 -892 END
START -18964 -10520 31432 2205 -4267 -849 END
START -18900 -11004 29932 3962 -6346 -325 END
START -18136 -10780 26392 6870 -8586 -1191 END
START -16416 -9344 23504 9446 -11805 -732 END
START -14432 -7636 20204 11197 -13991 -429 END
START -12844 -6232 18116 11618 -15710 -1229 END
START -10880 -5104 14796 11401 -16919 -2699 END
START -4884 -4428 11800 11288 -18120 -2197 END
START -7592 -2136 11544 11319 -17511 -3122 END
START -5480 -1012 10192 9740 -18556 -5780 END
START -4260 -972 8344 9415 -17241 -6050 END
START -3352 -120 8096 8149 -16424 -7280 END
START -1948 -816 7072 6925 -13954 -7056 END
START -1248 -720 6508 6741 -12137 -5986 END
START -304 -400 5596 7374 -10368 -3693 END
START 540 388 5640 7861 -7948 -1593 END
START 1100 1564 5360 7546 -5483 -346 END
START 856 2416 4964 6827 -2902 -151 END
START 692 3540 4468 5996 -578 -1313 END
START 384 4076 3968 5599 715 -3345 END
START 652 4552 4400 5091 2211 -6006 END
START 896 4208 4748 3641 4674 -8672 END
START 1336 3564 4384 2129 7501 -10104 END
START 1308 2700 4448 1436 10436 -10155 END
START 1016 2256 4872 1091 13383 -8946 END
START 1152 2468 5392 2098 16259 -6740 END
START -1144 3724 7236 3597 18103 -3876 END
START -2676 4068 8608 3425 22114 -1685 END
START -6208 4388 11112 1894 25927 -750 END
START -9680 4064 12024 1630 27705 -426 END
START -14564 5040 13692 3752 25425 1610 END
START -16864 5328 18132 2804 18393 2828 END