START -2004 780 4232 -1308 12178 -1292 END
START -5436 836 5776 357 16256 31 END
START -4712 1324 3936 -381 15556 -627 END
START -2972 1480 4796 -724 16065 856 END
START -3216 2300 6008 -2765 17301 1440 END
START -3900 1564 6144 -5781 17877 2157 END
START -6556 1284 7608 -7557 20278 3734 END
START -7600 1536 6444 -9316 19651 4132 END
START -7468 36 8700 -9985 20768 2817 END
START -6720 -2016 7892 -3140 21711 6283 END
START -4996 -2016 10960 -2140 23388 6024 END
START -6232 -672 13692 -1574 23567 4101 END
START -6348 152 15068 -1995 23606 3071 END
START -7232 -280 16244 -3007 24904 3565 END
START -8164 -1020 16852 -4188 24832 3443 END
START -8528 -1480 18944 -4006 23961 3950 END
START -10828 -152 21252 -2535 21043 3895 END
START -9884 -384 25040 -2787 20686 2481 END
START -12404 704 26360 -3809 19027 95 END
START -12896 -300 30512 -3272 17244 -575 END
START -12748 -1096 32767 -3135 15927 -96 END
START -17208 -1056 32767 -2398 12835 -1092 END
START -16768 -2552 32767 -2898 9066 -853 END
START -17196 -4436 32767 -3021 5267 -808 END
START -20468 -4228 32767 -770 1150 420 END
START -20644 -3128 32767 -521 -3034 163 END
START -18972 -3504 32767 1650 -7464 542 END
START -17844 -3072 32767 1044 -10622 -1313 END
START -15948 -4544 31688 838 -13029 -3463 END
START -13432 -6292 28444 3007 -14518 -3280 END
START -11708 -6380 25080 5010 -14752 -2950 END
START -10520 -5828 21224 7794 -14711 -2086 END
START -9364 -5920 18064 10885 -15286 -510 END
START -8424 -4432 14712 10821 -14432 -1399 END
START -6272 -3864 11824 10499 -13959 -2489 END
START -6560 -3236 8724 10481 -13925 -3393 END
START -5768 -1984 6128 10868 -14339 -4021 END
START -5328 -1412 4968 10630 -13343 -4388 END
START -4576 -1228 3140 9602 -11776 -4560 END
START -3600 -788 1808 8749 -11438 -6336 END
START -2596 -540 1280 7028 -10413 -9001 END
START -1404 -584 628 6353 -10020 -10372 END
START -700 -356 1012 6036 -8194 -10822 END
START -300 -508 1252 5488 -7133 -11655 END
START 2312 -348 1968 5293 -3788 -12230 END
START 1492 156 2428 4954 105 -12334 END
START 1360 1120 2800 6243 3849 -11154 END
START 940 3228 3672 7355 7994 -9556 END
START 220 4868 4736 7725 12497 -8803 END
START -2392 6736 5928 8329 16489 -8497 END
START -1876 7972 6724 6697 19413 -7826 END
START -3744 7772 7824 4698 21426 -8678 END
START -4184 8436 8580 2071 25295 -5851 END
START -7164 8732 12880 1042 24444 -3091 END
START -11484 8732 17084 -2124 22888 925 END