START -3020 -5644 4660 -4617 3456 -2370 END
START -2560 -4756 4272 -216 4696 -709 END
START -764 -3424 3920 2036 4928 525 END
START 80 -2248 4488 3402 5385 1560 END
START 2748 -1348 5348 2317 8149 3516 END
START 1364 -548 4852 797 8010 3760 END
START 800 -208 4184 34 8075 4627 END
START 396 32 4680 -916 8499 4970 END
START -48 84 4508 -1498 9270 4860 END
START -504 24 4404 -1742 10390 4573 END
START -1084 32 4452 -2079 11922 3450 END
START -372 208 4268 -2403 12627 1925 END
START 1204 -1500 5476 -1916 14649 3089 END
START -1384 -1288 6884 -1580 16174 2622 END
START -1260 -1708 6316 -2408 17695 2966 END
START -3400 -1472 7584 -2618 18931 4059 END
START -3032 -1196 7140 -360 19906 6665 END
START -3656 1424 7864 536 20804 7320 END
START -3476 3072 9156 -645 20686 5773 END
START -3368 3328 12444 -1162 20298 4904 END
START -8528 2744 16712 -5924 18530 -465 END
START -5840 -1716 15464 -3530 18301 3756 END
START -6864 -1988 17632 -5140 22112 6571 END
START -8160 -1536 17148 -5418 22279 4843 END
START -8468 108 18184 -3083 20321 4499 END
START -7672 1740 21192 -1048 19178 4122 END
START -9464 2640 25860 -3900 18871 326 END
START -10748 -304 28404 -3730 18635 -87 END
START -11684 -3036 29704 -4601 19554 467 END
START -14652 -4504 28568 -2803 18011 1411 END
START -15200 -4544 28248 -194 15060 3739 END
START -15064 -1756 29688 662 11687 4116 END
START -12812 -28 30524 1659 8830 2487 END
START -11892 336 31408 447 6211 -256 END
START -12012 52 32152 -1434 5791 -2273 END
START -12888 -1696 32148 -2500 5070 -2926 END
START -14276 -2660 31720 -4101 2997 -4475 END
START -14112 -6188 29544 -2323 680 -3363 END
START -13924 -6968 29712 1902 -1702 1022 END
START -14932 -4864 27968 2673 -4021 611 END
START -14240 -3700 27672 3860 -6929 -482 END
START -13096 -2892 27344 3489 -8779 -1662 END
START -12036 -3072 25364 2718 -9308 -3347 END
START -11512 -3364 22920 2737 -10336 -4017 END
START -10156 -3504 20124 4074 -11066 -3269 END
START -9480 -3564 17356 5261 -11151 -3093 END
START -9028 -3512 13780 6292 -11127 -3418 END
START -7956 -2888 13088 6978 -11036 -3979 END
START -7280 -2844 10956 6201 -10850 -6104 END
START -6340 -3244 9964 7667 -10577 -6260 END
START -4792 -2748 7132 8200 -8699 -4808 END
START -4080 -2828 7152 8904 -8229 -6236 END
START -3688 -2336 6548 9027 -7565 -5606 END
START -2756 -2024 5736 9511 -6435 -5191 END
START -1872 -1440 5492 9233 -5404 -6239 END
START -1160 -1076 4756 8586 -4863 -7000 END
START -304 -1092 4940 8017 -3648 -8099 END
START 116 -1252 4532 7065 -1889 -9081 END
START 460 -1412 3756 6673 404 -9621 END
START 552 -988 3748 7000 2840 -9267 END
START 1332 76 3472 7595 5825 -7906 END
START 1360 2028 4084 8580 9112 -6690 END
START 116 3876 4216 10014 13025 -5457 END
START -828 6564 4296 10185 17633 -4169 END
START -3092 8944 5196 9279 21296 -4422 END
START -4788 10908 7160 6839 26335 -5736 END
START -10608 11284 9552 2433 25217 -6885 END
START -12164 7268 18316 -2246 20559 -7559 END
START -17044 6688 22620 -5750 16841 -3319 END