START 4940 -1216 8884 -1072 2527 -2230 END
START 2064 -2020 7724 550 4986 -1086 END
START 916 -2464 5672 832 6307 -90 END
START -100 -2424 4532 998 7130 656 END
START -892 -1408 4384 1957 7485 2109 END
START -1272 228 4556 1146 7498 2495 END
START -908 1068 5184 70 7303 2201 END
START -244 1180 5600 -1384 7730 1616 END
START 988 944 5560 -3340 9140 1061 END
START 1132 768 6416 -3982 10151 1241 END
START 1508 132 5948 -5288 11769 1139 END
START 660 -700 6436 -5752 12921 1858 END
START 720 -1484 6268 -5385 14235 2920 END
START -612 -1528 7024 -5099 15775 3860 END
START -1152 -1460 7156 -4507 16671 4038 END
START -1292 -980 7896 -4031 17694 3718 END
START -1104 -504 8848 -4152 19178 3565 END
START -1248 -696 10204 -4351 20417 4165 END
START -1280 836 9664 -4313 20077 4102 END
START -1840 -1888 11104 -6487 22949 4349 END
START -3216 -2812 13432 -3401 25503 8035 END
START -5152 -2388 14272 -2103 25746 8090 END
START -5380 -2256 15224 -2073 25906 7053 END
START -2352 -2556 15828 -3001 26214 6820 END
START -6276 -732 19356 -866 25244 7158 END
START -7264 -1388 20384 -2743 24773 6289 END
START -8120 -1268 21748 -1843 23863 6562 END
START -9168 -1076 23780 -2853 21857 5185 END
START -11272 -1192 27972 -4049 20059 2749 END
START -10188 -2880 29244 -4360 18186 814 END
START -11772 -3820 31008 -3906 15862 -1317 END
START -12388 -5568 31564 -2833 14007 -920 END
START -13428 -6240 32656 -2110 11141 999 END
START -16400 -5172 32767 -2026 8416 2162 END
START -16128 -5860 32767 -979 4830 2383 END
START -16844 -5256 32767 -3054 524 912 END
START -16104 -7668 32324 -392 -2352 -804 END
START -15176 -7252 31112 97 -5500 -2986 END
START -13116 -7876 28588 1621 -7355 -3266 END
START -12040 -7492 27424 3903 -8795 -2550 END
START -11160 -7260 25472 5409 -9828 -1769 END
START -10540 -6464 23324 6076 -10934 -1938 END
START -9864 -6024 20664 6524 -11567 -2508 END
START -9120 -6560 19336 7259 -13096 -2464 END
START -8848 -5872 17584 7295 -13316 -3369 END
START -7776 -5636 15520 7975 -14087 -4062 END
START -7128 -5420 14812 8043 -14543 -4639 END
START -7416 -4756 13456 7765 -14538 -5975 END
START -6768 -4580 12620 7626 -15333 -7214 END
START -6024 -4640 11288 6659 -15115 -9057 END
START -4708 -4824 9960 7294 -14896 -9690 END
START -3444 -4488 9100 8132 -13805 -9800 END
START -2484 -4080 8056 9303 -12260 -9545 END
START -1984 -3028 7556 9546 -10105 -10165 END
START -1764 -1844 6532 10005 -7720 -10572 END
START -1200 -836 5932 9920 -5335 -10738 END
START -1240 456 4904 9675 -3312 -10598 END
START -1024 1732 4560 9171 -1734 -10321 END
START -1012 2540 4388 8194 326 -9961 END
START -788 3492 3988 6941 2304 -9429 END
START -1000 4216 3696 5253 4326 -9210 END
START -760 4500 3372 3914 6165 -8790 END
START -392 4884 3232 2904 8092 -8433 END
START -216 5884 3732 2288 10529 -7959 END
START -400 6932 3868 1606 13261 -7144 END
START -320 7884 4300 991 16098 -6416 END
START -412 8192 5844 178 18415 -5819 END
START -2000 8496 7112 -716 18669 -6291 END
START -492 8460 8992 -1979 23004 -4330 END
START -4964 7216 11068 -1997 24544 -4874 END
START -6632 6412 12996 -2641 24050 -4320 END
START -8208 5216 16304 -2274 25230 -1450 END
START -13680 6600 23012 -5337 28256 -2171 END
START -17936 4084 20716 -3293 19498 2118 END
START -18120 5436 27188 -2084 13083 2380 END
START -17660 3788 29428 -3365 8422 1732 END
START -16368 3536 32767 -2859 4714 -50 END
START -14056 1628 32767 -2747 4069 -913 END
START -15572 420 32767 -2090 2543 374 END
START -16376 -396 32767 1168 300 2696 END
START -14780 716 30652 3294 -1133 4887 END