START 2692 -1080 6224 3217 1807 5041 END
START 2520 160 5840 3392 2842 5520 END
START 1712 1196 6036 2891 4553 5032 END
START -320 1040 5380 3176 9147 5476 END
START 180 2384 7028 587 7092 1076 END
START 1348 2008 7268 -176 8705 -193 END
START 1936 1668 7448 -1313 10276 -838 END
START 2556 1508 6844 -1819 11924 -592 END
START 2672 1636 6812 -2122 13583 456 END
START 1956 2320 6820 -2385 15188 1247 END
START 1216 2728 6512 -3078 17184 1781 END
START -40 2772 6260 -3747 19141 1866 END
START -504 2804 6640 -3977 20234 2079 END
START -872 3624 7780 -4024 20476 2862 END
START 780 4060 9356 -6562 22585 3481 END
START -4000 5024 9984 -5885 21333 2677 END
START -5868 3820 11208 -9300 22309 342 END
START -6828 1368 12368 -9552 22973 26 END
START -7872 572 14036 -10464 22251 -826 END
START -7668 -56 15344 -8747 19250 316 END
START -5836 -120 20020 -6073 16981 2274 END
START -7820 268 23500 -7347 17835 896 END
START -9876 -540 26184 -8006 19161 320 END
START -14168 -1628 26688 -8513 18655 -2825 END
START -14228 -3916 27852 -7285 15399 -2631 END
START -16672 -4068 30492 -4226 10681 -1798 END
START -17408 -4128 32767 -2602 8476 968 END
START -17060 -3416 32767 -709 6968 1330 END
START -19524 -4544 32767 1584 6149 2154 END
START -20964 -5600 32767 2378 3265 1273 END
START -21000 -6384 32764 2025 72 -1472 END
START -19556 -7280 30076 5881 -3166 335 END
START -15276 -6720 26968 9639 -6261 3377 END
START -13260 -3944 25948 10659 -8127 3131 END
START -11996 -2488 24020 10441 -9600 2011 END
START -11496 -1928 20816 8680 -10423 -394 END
START -10440 -2504 17776 7299 -11348 -1979 END
START -8764 -3112 14796 7287 -12345 -2333 END
START -6760 -4144 13188 9393 -11828 390 END
START -4720 -1800 11576 8362 -13136 -1670 END
START -2500 -1284 10868 8683 -13392 -2366 END
START -2192 -428 9956 8628 -12445 -3047 END
START -960 772 8512 7610 -10800 -4510 END
START -828 1308 7808 7793 -9742 -5134 END
START -612 2128 7360 6657 -8145 -6753 END
START -384 1984 5800 4963 -6880 -8329 END
START 356 1888 5272 4901 -6083 -8936 END
START 960 2144 5164 5080 -4777 -8914 END
START 1500 2636 4944 5007 -2871 -8470 END
START 1368 3312 4808 5058 -499 -7897 END
START 996 3872 4480 5016 2049 -7370 END
START 124 4472 4064 4951 4714 -6811 END
START -644 5524 3896 4853 7306 -5527 END
START -1700 7324 3668 4320 9569 -3966 END
START -1732 9160 4108 4257 11315 -2045 END
START -1484 10420 4860 3657 13051 -1149 END
START -1720 10908 6144 2542 14964 -1747 END
START -3984 11152 8168 900 15235 -3698 END
START -4844 10852 9816 -1522 16558 -4517 END
START -6852 9184 14824 -3955 21470 -5757 END
START -6944 8248 16300 -10869 24606 -9504 END
START -10988 3856 20096 -12913 30395 -9895 END
START -16000 1420 22656 -8391 23830 -8135 END
START -19820 416 23936 -3341 17225 -803 END