START 1876 -224 10532 -65 -6621 2836 END
START 1456 -492 9880 2045 -6152 3499 END
START 1456 196 10256 1526 -4367 3107 END
START 1220 40 9956 -235 -1455 1016 END
START 840 -688 7588 768 -771 1658 END
START 1288 -640 6988 367 147 1409 END
START 1456 -680 5836 463 1080 1826 END
START 1912 -228 5860 1159 1849 2956 END
START 2388 320 6496 596 3197 3307 END
START 2188 936 6628 -475 4583 3209 END
START 2400 996 6776 -1890 5997 2684 END
START 2468 660 6776 -3217 7616 1671 END
START 2252 128 6684 -3657 9297 1151 END
START 2544 -100 6092 -3694 11141 1520 END
START 2192 108 5760 -3537 13329 2314 END
START 1712 956 5352 -3379 15240 3051 END
START 1428 1844 5128 -3703 17020 3436 END
START 1040 2220 5592 -4144 18742 3686 END
START -32 2084 6792 -5647 20127 3744 END
START -1452 1608 7780 -7474 21264 3852 END
START -2508 736 8112 -8517 22461 4249 END
START -3288 820 9096 -10062 23085 3235 END
START -3592 -792 10332 -6474 23975 6014 END
START -5076 -976 12280 -6789 25032 5392 END
START -5960 -1816 13876 -6382 25693 4978 END
START -7156 -2172 17128 -6878 24990 4426 END
START -8864 -3652 19044 -8637 25187 2822 END
START -8764 -5296 19220 -6300 24182 4553 END
START -9448 -5252 21236 -4720 22900 5845 END
START -10896 -5132 23500 -4185 21240 5177 END
START -12264 -5480 26104 -4332 18780 3695 END
START -13424 -5724 28800 -5337 17807 696 END
START -14804 -6000 29852 -3644 13806 11 END
START -15120 -5968 30592 -2423 12035 -354 END
START -15380 -6204 28948 -752 9682 1398 END
START -16024 -5364 32000 38 6537 3158 END
START -16180 -6108 31232 453 4017 1355 END
START -16820 -6696 31640 -419 398 -674 END
START -16816 -8100 30464 -449 -1952 -2867 END
START -16480 -8976 28808 2526 -5045 -2836 END
START -14328 -8300 27304 3933 -7506 -3191 END
START -12616 -7632 24704 5158 -9154 -3831 END
START -11452 -7144 22860 6690 -10771 -4171 END
START -10492 -6896 21412 7069 -11365 -4280 END
START -9788 -7108 20456 8047 -12424 -4374 END
START -9540 -7244 18652 8254 -12659 -5075 END
START -9228 -6920 16532 9452 -13444 -5307 END
START -8872 -5916 14964 10344 -14130 -6062 END
START -7944 -5052 12972 11089 -14579 -6913 END
START -6912 -4116 11772 11820 -15005 -7632 END
START -6180 -3284 11576 11784 -14513 -8428 END
START -5480 -2556 10420 11380 -13743 -8779 END
START -4648 -2020 9288 10814 -12542 -9579 END
START -3980 -1552 7980 11425 -11784 -9762 END
START -2828 -904 7316 11055 -10627 -10327 END
START -2140 -404 6652 10525 -9170 -10950 END
START -1532 -32 5892 10231 -7321 -11394 END
START -1420 924 5036 10508 -5217 -11293 END
START 304 1160 5048 9858 -2967 -11834 END
START 240 1544 4292 9478 -164 -12109 END
START 352 2300 4120 9751 2550 -11599 END
START 848 3508 3652 9534 5892 -10521 END
START 900 4996 3044 9197 9377 -9072 END
START 868 6532 2040 8863 12795 -6675 END
START 776 8616 2200 8364 16113 -4153 END
START 456 10492 2936 7049 18262 -2608 END
START -52 12028 4788 3907 18669 -3519 END
START -1240 11616 8772 -122 20886 -5092 END
START -5768 10796 10292 -5998 22579 -6632 END
START -8208 8868 13328 -6581 21343 -5635 END
START -11924 6620 17976 -6187 21230 -1271 END
START -14248 5604 19768 -3363 17583 1215 END
START -13836 3824 22412 -4981 17534 -710 END
START -17396 5844 26328 -1504 14141 2653 END
START -20184 4200 28916 -3059 9399 689 END