START 3556 -1044 6040 -1747 1634 -1381 END
START 2388 -1588 5148 -433 3934 38 END
START 1468 -1124 4476 -206 6373 947 END
START 600 -1156 3368 -265 7969 2420 END
START -364 -232 3284 -382 9267 4095 END
START -1028 464 3688 -640 10064 5459 END
START -1436 1132 4040 -2264 10798 5663 END
START -1324 1252 4056 -4200 11690 5225 END
START -1292 836 3916 -5555 12853 4577 END
START -1228 604 3836 -6030 14203 3969 END
START -788 312 3692 -6182 16041 3517 END
START -700 -404 4408 -6473 17611 3006 END
START -660 -1444 6112 -7344 19426 2863 END
START -1384 -2004 7068 -7594 21503 3203 END
START -2096 -2568 7832 -7169 23883 3776 END
START -3620 -3092 8152 -6507 27135 4605 END
START -3896 -1680 9064 -6131 28522 3850 END
START -2452 -3192 8800 862 29587 9127 END
START -3568 -1812 11472 352 31002 10209 END
START -4204 -1532 13308 -2389 30142 7060 END
START -7560 -2320 15944 -5384 29664 5483 END
START -7300 -3948 17564 -6756 30242 5289 END
START -11296 -3208 19324 -4778 29549 5074 END
START -10584 -3552 20356 -959 27991 5335 END
START -10968 -2808 23260 -118 27076 4108 END
START -13568 -3088 26756 -1528 23639 1072 END
START -14988 -5648 29200 -3221 21997 -1427 END
START -13152 -8600 30864 -2679 20236 -506 END
START -18976 -5360 31092 484 16071 3516 END
START -17892 -3848 31664 3739 13656 3409 END
START -20884 -2036 32364 3366 8896 1586 END
START -22604 -1976 32767 68 4158 -1588 END
START -20900 -4716 32767 -650 -88 -3195 END
START -21100 -5872 32767 338 -2824 -2859 END
START -20644 -6292 31032 1833 -5830 -2702 END
START -19076 -6020 28508 4126 -8513 -1378 END
START -17080 -5604 26028 5786 -10967 -749 END
START -15564 -4804 23088 5908 -13171 -1923 END
START -14132 -4800 20896 6294 -15269 -2769 END
START -12164 -5040 19180 6481 -16521 -3349 END
START -10392 -5148 17100 6812 -16899 -3336 END
START -10096 -4264 15304 7822 -17041 -3332 END
START -9144 -4652 13772 8038 -16614 -3102 END
START -9064 -4256 12160 7640 -17523 -3580 END
START -7972 -4956 12300 8277 -17596 -3504 END
START -6936 -5084 13068 6822 -17993 -5344 END
START -6428 -4976 11160 7166 -16370 -5842 END
START -5656 -4640 9664 10153 -15299 -5585 END
START -4776 -3304 8532 11239 -14677 -6352 END
START -3528 -2176 7884 11454 -13933 -7538 END
START -2028 -1816 7800 10487 -13101 -8884 END
START -1368 -1544 7200 9304 -11584 -9480 END
START -720 -792 5804 9265 -9475 -8536 END
START -552 -172 5352 9107 -7598 -6869 END
START -608 992 4720 8832 -6017 -4834 END
START -656 2348 4724 8323 -4585 -3151 END
START -232 3404 4500 7491 -3285 -2857 END
START 264 4448 4692 6156 -1900 -4319 END
START 1140 4612 4792 4564 -31 -6229 END
START 1212 4328 4892 3147 1847 -7499 END
START 1600 5080 5500 2243 4745 -8236 END
START 1548 5580 6064 736 8314 -8817 END
START 1392 5656 6076 -721 11757 -9315 END
START 1260 5688 5836 -2064 15164 -9361 END
START 376 5732 6564 -2438 18293 -8633 END
START -252 6020 7968 -2785 21217 -7836 END
START -1560 6824 10396 -3047 24072 -8195 END
START -4328 5708 10872 -3628 27499 -8832 END
START -7356 4976 12568 -5444 31042 -8678 END
START -9648 4076 16356 -7179 32767 -8649 END
START -14664 3140 19412 -3141 32767 -6558 END
START -19916 356 20564 -3907 26175 -1184 END
START -22836 1300 24648 -1257 14737 8294 END