START 840 640 4480 -2675 5469 4969 END
START -764 316 4208 -2424 5973 5534 END
START 12 336 4220 -2950 7139 4574 END
START 444 -204 3916 -3726 8921 3208 END
START 888 -300 3880 -3387 10523 3290 END
START 1216 -248 4204 -3627 12477 3767 END
START 1088 -120 4480 -4279 14532 4491 END
START 240 -176 5092 -5328 16334 5084 END
START 156 -760 5036 -6468 18403 5232 END
START -968 -1460 5008 -7155 20225 5308 END
START -2380 -2252 5832 -6474 21698 5392 END
START -2152 -3004 7432 -5756 22494 5172 END
START -4348 -2816 9504 -5751 22249 3603 END
START -2660 -4308 10164 -3607 24928 5757 END
START -5124 -4028 12480 -2845 25991 7796 END
START -5960 -4268 14788 -3658 26946 7580 END
START -7488 -3952 16776 -2373 26601 8073 END
START -11668 -3092 19252 -1572 28711 6924 END
START -8112 -2820 18416 -1356 25800 4722 END
START -8812 -2504 21096 1744 24328 4207 END
START -9676 -2524 24004 1519 23034 2528 END
START -11620 -3204 25540 176 22341 1217 END
START -14812 -3280 27568 89 20267 1390 END
START -14896 -3716 27612 352 18010 2507 END
START -14476 -3296 28556 515 15444 2892 END
START -14672 -1336 29052 1656 12449 2820 END
START -14948 248 31264 81 10328 1676 END
START -13884 -260 32767 3010 8649 3167 END
START -16076 -332 31456 -579 6824 224 END
START -16812 -1684 31724 -1924 4086 -456 END
START -16960 -1512 31940 -1760 1559 26 END
START -16408 -3216 31156 -1342 -1206 459 END
START -15832 -2940 30752 -1731 -4317 114 END
START -15452 -3084 30224 -1932 -7144 -787 END
START -14488 -3976 29068 -1967 -9939 -2069 END
START -13652 -5304 26840 -1874 -11984 -3261 END
START -12360 -6248 25132 -564 -13881 -3364 END
START -11520 -6572 23020 1054 -14751 -2666 END
START -10924 -6616 20760 2915 -15693 -2370 END
START -10324 -6352 19016 4137 -16334 -2828 END
START -9688 -6120 17328 5586 -17025 -3140 END
START -9316 -5912 15544 6186 -17388 -4095 END
START -6340 -6276 13004 6604 -17369 -4496 END
START -7848 -5628 11808 6992 -17742 -6109 END
START -6552 -5108 9192 7992 -17785 -6866 END
START -5620 -4372 7452 7794 -17344 -7495 END
START -4500 -4292 7608 7910 -16965 -7674 END
START -3740 -3888 6716 6721 -15391 -8534 END
START -3220 -3820 5228 7022 -13449 -8930 END
START -2968 -3036 4508 7454 -11456 -9269 END
START -2668 -2228 3972 9081 -9212 -8142 END
START -1424 -1280 3764 8280 -7595 -9422 END
START -2060 -820 3408 7021 -5312 -10070 END
START -748 -236 2720 6726 -3997 -10163 END
START -248 444 2340 5462 -1707 -10404 END
START -88 1008 1860 4931 808 -10387 END
START 884 1744 1328 4617 3511 -9981 END
START 1036 2712 1016 4741 6819 -9159 END
START 1168 4304 116 4667 10567 -7596 END
START 1424 6780 -776 4544 14684 -5249 END
START 812 9488 -1596 3911 18087 -3189 END
START 1068 11828 -1192 2683 22265 -2145 END
START -364 12884 1388 83 24645 -2379 END
START -1556 12012 5084 -2301 24912 -2611 END
START -5328 9480 10264 -6391 25073 -3836 END
START -7840 5992 17248 -7387 23019 -3891 END
START -12884 1940 21780 -8535 22361 -644 END
START -12052 924 28592 -5951 23928 -1678 END
START -14268 -2368 30848 -2302 18149 2866 END
START -17912 484 32767 1023 12989 3825 END