START 1660 -2136 5040 -1022 -717 1413 END
START 1044 -1900 4192 477 2539 2966 END
START 4 -1700 3864 -427 5423 3376 END
START -484 -1860 3072 -356 7314 3334 END
START -764 -1368 3268 -268 8309 3287 END
START -936 -1432 2856 -819 9931 3310 END
START -1396 -1148 2636 -1299 11632 3939 END
START 1072 -688 1312 -2594 12847 5367 END
START -1624 -228 2420 -2476 13127 6102 END
START -1116 348 3116 -3373 13409 6705 END
START -1020 672 4180 -5116 14516 6144 END
START -928 772 5320 -6621 16001 5033 END
START -1172 -340 6324 -7469 17311 3735 END
START -1688 -1752 7468 -8003 19226 2345 END
START -1224 -2648 8520 -7359 21490 2366 END
START -3588 -2588 9476 -6879 22951 1896 END
START -1788 -4024 8248 -3678 26213 5282 END
START -3168 -2632 10988 -1663 28157 8764 END
START -3684 -1844 11836 -2593 29597 8508 END
START -5176 -1424 14292 -2116 28748 8113 END
START -5440 -1232 15856 -5711 29026 4131 END
START -8936 -2992 16964 -5716 28876 3711 END
START -10888 -3060 19460 -3661 26967 3628 END
START -11796 -2936 21392 -3010 27403 3685 END
START -15584 -1552 24216 -2558 24956 2257 END
START -14840 -2424 26628 -2335 21798 2175 END
START -18484 -2520 30740 -2910 20098 3243 END
START -22140 -3352 32767 -4656 16121 2282 END
START -24148 -5668 32767 -5921 11571 -823 END
START -21816 -9640 32767 -490 7962 -367 END
START -22588 -9336 32767 920 4295 465 END
START -21796 -8392 32767 3205 579 429 END
START -19624 -7696 32767 4461 -2912 -519 END
START -19268 -7136 32767 4347 -5457 -1895 END
START -18568 -7356 30144 4781 -8111 -1722 END
START -17820 -6652 26296 6289 -11178 -600 END
START -16152 -5668 23536 7623 -13876 -453 END
START -14404 -4736 20600 8050 -15865 -1163 END
START -12552 -4224 18476 7360 -17683 -2506 END
START -10840 -4528 16500 6797 -18747 -3657 END
START -9388 -4692 14868 6512 -19224 -4484 END
START -8128 -4796 13248 6439 -19149 -5004 END
START -3244 -6068 12176 7825 -17126 -3063 END
START -6420 -4184 11316 7543 -18373 -4545 END
START -4148 -4588 9972 7556 -17892 -5564 END
START -5292 -3544 8948 8443 -17124 -5976 END
START -3480 -3832 8408 7930 -17863 -8104 END
START -2672 -3564 8000 7242 -17199 -9940 END
START -1904 -2956 7556 7397 -16091 -10784 END
START -308 -2176 7056 8213 -15322 -12116 END
START 760 -1612 7296 8655 -12196 -12887 END
START 1764 -1420 6340 8504 -8693 -13401 END
START 1540 -1052 5852 9314 -5507 -13035 END
START 1604 -252 5332 10431 -2640 -11893 END
START 1296 1016 4816 10810 97 -10905 END
START 1092 2204 4748 10283 2360 -10552 END
START 872 2628 4708 8763 4862 -10672 END
START 568 2964 4236 7283 7220 -10457 END
START 132 4004 4284 6346 9483 -9435 END
START -748 5384 4152 5472 11874 -7929 END
START -1524 7036 4516 4284 13960 -6321 END
START -2212 7968 5176 2420 15903 -5180 END
START -2540 8568 5844 -136 17425 -4587 END
START -3152 9316 5836 -3952 15977 -6558 END
START -2704 7768 8436 -6605 21741 -5635 END
START -5608 8448 9388 -6602 25944 -4504 END
START -8412 8644 12180 -7593 27118 -5293 END
START -9852 7960 16400 -7111 30662 -3423 END
START -12792 7236 20688 -8252 28696 -6678 END
START -17228 2448 26140 -13566 30331 -10475 END
START -20784 -1900 27364 -11510 24035 -6332 END
START -25872 -2644 30512 -6491 17652 1466 END
START -18728 -2908 28340 1987 4754 9299 END
START -25544 1368 31740 3166 -57 10224 END
START -25048 3060 30488 6079 -7485 9459 END