START -1232 2548 2828 1211 9847 -1458 END
START -3104 3144 2544 2041 9464 -3597 END
START -1768 2520 2264 -21 11560 -5017 END
START -2656 2564 2660 -378 11525 -5532 END
START -2200 1896 3016 -1676 12470 -4335 END
START -2388 1496 3064 -2176 13697 -2197 END
START -2540 2144 3560 -1698 14728 325 END
START -2816 3760 3920 -1646 16227 2410 END
START -3504 4384 3648 -2793 18526 2697 END
START -3552 4256 4332 -3088 20673 1974 END
START -4452 3352 5172 -4075 22646 1178 END
START -5272 2496 6464 -3526 23847 1926 END
START -5912 2196 8080 -3301 24232 3377 END
START -7500 2516 8368 -2788 22751 3514 END
START -5736 364 9112 -6184 24380 3784 END
START -6568 688 11684 -4207 25297 5411 END
START -6660 940 13852 -5458 28914 6477 END
START -8128 1776 15664 -4934 27797 7613 END
START -8680 1944 18592 -2153 25921 9334 END
START -8360 1988 24148 -4287 23430 7261 END
START -12292 1616 27204 -7941 28533 3583 END
START -13228 -1972 30164 -7381 26092 2573 END
START -16548 -3128 30640 -8541 26150 267 END
START -17700 -5724 30624 -7102 22704 2612 END
START -17820 -5688 31764 -4138 19216 6473 END
START -20384 -4152 32767 -1105 14557 9626 END
START -21436 -3188 32767 -762 9710 8192 END
START -22032 -3420 32767 -3402 5489 3341 END
START -21672 -4900 32767 -4550 1404 -89 END
START -22036 -6820 32767 -5014 -2421 -2069 END
START -20692 -8568 31240 -3245 -6410 -2510 END
START -20224 -8816 28576 -1049 -10761 -1501 END
START -18676 -8352 25776 995 -14905 -773 END
START -17032 -7212 23412 3135 -18291 -719 END
START -14624 -5852 20288 5010 -20525 -1397 END
START -12012 -5036 17540 5990 -22078 -2767 END
START -9660 -4508 15152 6178 -23017 -4126 END
START -7624 -4364 13680 7125 -23450 -4907 END
START -6260 -5636 13516 8339 -17996 194 END
START -6544 -2636 10908 7468 -22780 -4070 END
START -4032 -2972 8316 8198 -21027 -5332 END
START -3236 -2400 7448 8555 -20576 -5786 END
START -1700 -1412 6720 10142 -19009 -5964 END
START -440 -212 6244 9690 -16759 -7524 END
START 564 68 5968 9650 -14557 -8870 END
START 1568 -88 6228 9387 -12032 -9980 END
START 1856 -324 6592 8672 -8879 -11194 END
START 1832 -808 5860 9032 -5291 -11522 END
START 1300 -540 5272 9718 -1642 -11197 END
START 684 88 5196 10526 1363 -10931 END
START 340 896 4920 10566 3807 -11079 END
START -1148 1252 5020 11174 5493 -11027 END
START 228 1856 5436 10292 8095 -12081 END
START -56 2712 5320 8740 10728 -13066 END
START -1104 3476 5920 8113 13921 -12742 END
START -1880 5324 5064 6895 17125 -11643 END
START -2744 7332 5516 6231 20357 -11049 END
START -2452 8652 7052 3913 25958 -9923 END
START -2216 9564 10304 -297 30745 -10437 END
START -3936 10520 11012 -4464 32767 -11008 END
START -6044 10268 12956 -10307 32767 -14057 END
START -8868 7464 16060 -13085 32767 -12311 END
START -15476 2720 20512 -13143 32767 -9441 END