START 1784 -120 4808 -2483 -2905 831 END
START 2944 -740 5328 -815 -2026 1438 END
START 2336 -720 5944 -3618 2069 -335 END
START 2108 -2408 4744 -4648 4619 -1400 END
START 2056 -2956 4456 -4020 6700 -1276 END
START 1392 -3160 3672 -2696 8594 -152 END
START 1016 -3140 3052 -666 9852 1608 END
START 1000 -1936 3588 538 11239 2816 END
START 400 -724 3904 773 12775 3422 END
START 0 420 4600 -18 14052 3658 END
START -288 1200 5060 -1710 15150 3611 END
START -900 1244 4944 -3919 16174 3384 END
START -1496 1204 4588 -5662 17639 3171 END
START -1936 832 3788 -6581 19102 3058 END
START -1800 492 4660 -6358 20486 2722 END
START -2132 348 6336 -5722 21718 2376 END
START -3124 276 8548 -5322 23161 2804 END
START -3716 -16 9416 -5583 24955 3585 END
START -5244 -344 11576 -8260 26124 2843 END
START -12260 -1852 14096 -3520 31748 6631 END
START -7588 -2916 11380 -3172 28955 7854 END
START -7220 -2100 14056 -1299 27743 9236 END
START -7664 184 18984 -2277 26830 7951 END
START -9612 212 21532 -3407 25877 4810 END
START -11940 -756 23976 -5166 24662 1128 END
START -12832 -2112 25372 -3748 25059 1008 END
START -14084 -3080 25540 -2448 23105 -349 END
START -14144 -3660 28264 -1312 19679 604 END
START -13412 -3176 30188 -2161 16606 1036 END
START -14616 -1892 32224 -420 15213 2899 END
START -16148 -2092 32767 -1540 12216 2235 END
START -17924 -2844 32767 -1954 9667 465 END
START -19152 -3448 32767 -2109 6197 -185 END
START -19680 -4320 32767 -1874 2971 -1334 END
START -19440 -4968 32636 -568 -808 -1756 END
START -18536 -5516 31148 985 -4237 -1655 END
START -17540 -5208 29964 1998 -7335 -1743 END
START -16776 -5772 29012 2253 -10381 -2261 END
START -16100 -6116 27376 2981 -12889 -2495 END
START -15212 -5692 23952 4679 -14911 -2180 END
START -14248 -4912 21196 5883 -16776 -2531 END
START -11832 -4272 17700 6863 -18107 -2960 END
START -9764 -3472 15396 7229 -18244 -3432 END
START -8372 -2576 12944 7595 -17997 -3844 END
START -6720 -2016 9052 8878 -15440 -1628 END
START -5752 -1532 8256 7583 -15799 -4099 END
START -5468 -1524 8000 7290 -15594 -4736 END
START -4368 -2484 7268 7094 -14012 -5182 END
START -3812 -2268 6736 6336 -13713 -7354 END
START -3096 -2668 5888 6631 -12664 -8891 END
START -1656 -3064 5476 6875 -11563 -10031 END
START -1048 -3092 5324 7283 -9997 -10446 END
START 648 -3472 5060 7595 -7715 -10710 END
START 940 -3788 4748 7787 -5044 -10504 END
START 1348 -3824 4352 8803 -2146 -9265 END
START 1172 -3216 3836 9693 790 -7544 END
START 732 -1772 2332 10932 3731 -5386 END
START 752 860 1156 11574 6864 -3045 END
START 432 4076 -424 11666 9849 -1384 END
START 1404 6796 -1324 11552 13166 -188 END
START 1080 10236 -1448 11379 16154 694 END
START 1264 12864 884 10859 18044 834 END
START 744 14628 4792 7942 17790 1486 END
START -1192 16392 9428 2978 18725 2207 END
START -1568 16608 12744 -1734 18924 3242 END
START -8304 16368 15648 -6345 19666 5245 END
START -12024 13716 19448 -8179 18169 5985 END
START -20964 11300 26232 -14952 17292 1989 END
START -21272 6124 26428 -9155 11088 374 END
START -21292 3604 27856 -8481 6891 -4545 END
START -15856 464 27628 -7427 -18 -6032 END
START -14184 -2580 29860 -5625 -1376 -5806 END
START -10984 -4944 25364 -3728 -2690 -2890 END
START -8600 -5016 24104 -394 -2432 -366 END
START -8148 -3864 22788 5219 -1329 1123 END
START -3692 -3548 22284 5569 463 1423 END
START -5840 -1220 23764 5539 4036 1336 END
START -7764 -304 19656 6429 5811 1331 END
START -9972 916 18428 5530 7743 -116 END
START -7872 2632 17156 6148 8143 -2067 END
START -8816 2296 17972 4087 4557 -3142 END
START -10756 2096 18808 1494 1201 -5286 END