START 688 248 8132 7 -2459 -1089 END
START 692 8 7276 1636 -1571 1383 END
START 1384 548 7260 556 -259 1937 END
START 468 324 6548 -175 1136 1949 END
START 680 452 6236 -248 1375 2608 END
START 620 976 6364 -1310 2500 2758 END
START 732 1072 6560 -1975 3707 2813 END
START 716 1036 6380 -2631 5003 2556 END
START 624 868 7032 -3026 6503 1871 END
START 896 944 7064 -3277 7858 1183 END
START 1012 948 7276 -3434 9023 931 END
START 1052 616 7512 -3809 10649 614 END
START 1024 448 7264 -4011 12389 522 END
START 916 388 7528 -4072 14292 811 END
START 652 572 7328 -4115 16205 1570 END
START 636 640 8028 -4075 18000 2663 END
START -620 1100 8072 -4051 18824 3060 END
START 64 384 7504 -3314 21435 5089 END
START -668 1116 9916 -1563 22914 7716 END
START -1892 1552 11068 -2973 24992 6496 END
START -3604 1076 12300 -3356 25289 5057 END
START -5368 620 14156 -4796 25687 3012 END
START -6500 -788 15372 -4737 26500 2451 END
START -6216 -1688 17292 -4155 25055 2862 END
START -7784 -1072 19488 -3688 25002 3372 END
START -7736 -1348 20720 -2470 23414 3328 END
START -9660 -328 22696 -2266 22537 4795 END
START -11652 -1244 25588 -4202 21111 2798 END
START -12640 -2956 28640 -6710 17921 -1197 END
START -16076 -3912 29864 -4759 15868 949 END
START -17376 -3432 31600 -4208 12560 582 END
START -17936 -3860 31496 -1871 8306 1485 END
START -17872 -2908 32328 460 5075 2459 END
START -18708 -2644 32767 -679 1454 648 END
START -18924 -3676 32596 -1152 -2151 -1155 END
START -18092 -5244 30776 -435 -5541 -2361 END
START -16284 -6372 28552 1460 -8516 -2617 END
START -14868 -6396 26192 3142 -10810 -2679 END
START -13204 -6124 23932 5268 -12568 -2217 END
START -12124 -5348 21764 6664 -13891 -1980 END
START -11056 -4616 19500 7492 -15499 -2080 END
START -10144 -4244 17520 7229 -16480 -2754 END
START -8932 -3888 15620 7110 -17128 -3224 END
START -8108 -3416 14076 7344 -17531 -3797 END
START -6476 -2932 11976 7946 -17478 -4120 END
START -4288 -2808 9716 9199 -11242 437 END
START -4856 -1416 9764 6255 -17002 -7104 END
START -2876 -1940 8816 7304 -15323 -7904 END
START -1820 -2120 7692 6768 -13188 -8506 END
START -1116 -1564 7228 7799 -11051 -8641 END
START -520 -732 6600 8076 -8744 -8733 END
START -284 -292 6360 8138 -6826 -9186 END
START 36 232 6064 7966 -4753 -10103 END
START 372 592 5968 7872 -2631 -10751 END
START 396 1104 5776 7543 218 -11090 END
START 796 1524 5464 7256 3032 -10965 END
START 544 2016 5248 6994 6025 -10406 END
START -24 2968 5264 6848 8910 -9103 END
START -728 4132 5164 6431 11619 -7444 END
START -844 5588 4888 5688 13489 -6145 END
START -1968 6860 5356 4498 15683 -5751 END
START -3368 7840 6544 2726 17144 -6457 END
START -4788 8896 8200 -168 18752 -7718 END
START -5144 9368 9032 -3177 19916 -9643 END
START -5744 7884 12040 -4516 27115 -9202 END
START -8332 7620 15332 -6271 31657 -11378 END
START -11168 5024 16424 -7908 32767 -9776 END
START -14560 4188 20356 -5653 30042 -8544 END
START -16368 1492 20652 -4180 25571 -4235 END