START 756 -3496 5960 1014 6382 -224 END
START -148 -2680 6444 2443 8135 1498 END
START -844 -2108 5264 2198 9454 3033 END
START 232 -976 4988 1874 11142 5544 END
START -2848 56 5664 1728 10943 5169 END
START -3204 500 4820 296 10885 4352 END
START -2928 836 4236 -201 11134 3565 END
START -3100 1324 3752 -677 11714 1949 END
START -2676 1780 3608 -1368 12482 491 END
START -2480 2156 3532 -2295 13876 -618 END
START -2108 2072 4140 -3598 15255 -844 END
START -2212 1528 4896 -4895 16467 -950 END
START -3380 1296 5136 -5819 17703 -701 END
START -3980 840 5216 -6151 19821 -558 END
START -4856 1008 5772 -6009 20273 -1741 END
START -3112 1936 5640 -3220 22562 591 END
START -4864 2908 7260 -5181 21895 256 END
START -3936 336 13028 -2574 22603 4368 END
START -7080 16 16664 -4353 23833 5328 END
START -10544 292 17868 -7373 24985 2894 END
START -11800 380 19892 -6318 22363 2693 END
START -9552 1928 24908 -4974 18929 1485 END
START -13352 2328 29960 -5097 18769 -129 END
START -11940 -76 32767 -8051 15112 -4459 END
START -17368 -1060 32767 -8539 14073 -5483 END
START -23972 -2736 32767 -9332 10397 -5134 END
START -22452 -5016 32767 -5382 7969 -468 END
START -22736 -5008 32767 -2027 4976 563 END
START -21816 -4556 32767 323 1014 702 END
START -20928 -3956 32767 1711 -2274 139 END
START -19748 -4096 32767 2348 -5297 -793 END
START -18700 -4800 32767 2443 -8044 -2078 END
START -17376 -5548 29436 3613 -9959 -2096 END
START -15536 -5444 25668 5422 -12034 -1130 END
START -13724 -4668 21980 6660 -13681 -329 END
START -11596 -3900 18880 6919 -15439 -663 END
START -9464 -3684 16088 5978 -16481 -2074 END
START -8056 -3708 13980 5869 -17312 -3186 END
START -6212 -4668 13740 7245 -13072 745 END
START -6884 -728 10356 6159 -17052 -3822 END
START -2808 -2556 8464 7040 -15979 -4972 END
START -3100 -1216 7896 6314 -14680 -6073 END
START -1712 -1532 6416 6217 -12615 -7523 END
START -828 -1540 5080 6610 -10130 -8224 END
START -352 -1108 4224 7668 -7931 -7918 END
START 172 -348 3180 8044 -5440 -7445 END
START 124 256 2324 8442 -2924 -7174 END
START 348 1048 1852 8869 -883 -7143 END
START 16 2180 1588 9061 1337 -7579 END
START -100 2968 1704 8567 3665 -7898 END
START -708 3808 1756 7655 6383 -7870 END
START 260 4680 1700 7150 8626 -6971 END
START -244 5940 2176 7638 10983 -5681 END
START -4 7340 4588 7953 13714 -5355 END
START -1832 8756 5428 7461 15156 -5282 END
START -3008 9292 8868 2560 22286 -6489 END
START -4852 11212 10000 -1063 29059 -10149 END
START -7560 9848 13816 -5298 32767 -12444 END