START -300 804 6088 -448 -919 2572 END
START -1368 1216 6232 -115 -326 3314 END
START -1212 1508 5508 -863 1406 2537 END
START -272 916 4384 -1175 3732 2455 END
START 100 740 4356 -2479 3522 773 END
START 588 -192 4412 -2544 4668 1250 END
START 792 -1088 4052 -3555 5801 2148 END
START 908 -1192 3892 -3072 6264 3874 END
START 1312 -840 4492 -3413 7624 4576 END
START 1300 -68 4808 -3902 9411 4340 END
START 1020 228 5000 -4123 11354 3801 END
START 472 372 5012 -4350 13548 3148 END
START -92 992 5332 -4427 15510 3234 END
START -896 920 5896 -4295 17418 3735 END
START -1280 672 6492 -4639 18818 4505 END
START -1984 820 7984 -5500 19889 5186 END
START -5304 2092 10460 -6553 21847 5953 END
START -6780 1576 11868 -8559 20986 3443 END
START -4084 -1296 11136 -6027 21610 4916 END
START -3540 -1936 13088 -5999 22848 4210 END
START -2932 -2368 14340 -4114 23006 4815 END
START -4092 -2544 17388 -3100 23107 5662 END
START -6672 -2832 18844 -4761 23727 4396 END
START -6080 -3236 20112 -3415 22886 5773 END
START -6496 -3320 21748 -857 23346 7450 END
START -7836 -2980 22116 39 23666 6097 END
START -9556 -1784 24008 1908 22303 4968 END
START -10768 -2008 26620 924 20635 2325 END
START -11784 -2732 26604 -1036 19452 -656 END
START -12232 -3620 26480 720 16704 1134 END
START -12760 -2596 27624 1638 14585 3276 END
START -14556 -516 30752 412 11872 4160 END
START -13856 -988 32767 4390 9837 6657 END
START -14916 -1024 32192 -1021 7808 2402 END
START -16252 -2472 32568 -3194 4610 -2054 END
START -16500 -3824 32216 -406 1393 -905 END
START -15708 -4928 30712 574 -796 -704 END
START -15164 -4852 31016 1422 -4437 317 END
START -15108 -4272 30736 748 -7179 -33 END
START -14072 -4708 29184 1125 -9310 -294 END
START -13480 -5260 26800 2136 -11053 -464 END
START -12988 -4852 24620 2249 -12820 -1652 END
START -11708 -4528 21980 3943 -13825 -1463 END
START -11220 -4452 19948 4069 -14894 -2445 END
START -10172 -4632 17276 3467 -15655 -4006 END
START -9024 -4964 15612 4244 -16034 -4624 END
START -8032 -5268 13388 4886 -15480 -5318 END
START -7160 -5268 11340 6432 -15077 -5542 END
START -6284 -4888 10284 6941 -14423 -6544 END
START -5740 -4616 9232 7900 -13445 -7361 END
START -4968 -4120 7936 7854 -12049 -8334 END
START -4412 -3868 6316 7590 -10739 -9207 END
START -4736 -3132 5224 8358 -10045 -8897 END
START -3880 -3460 4988 7164 -9295 -9657 END
START -3704 -3156 3872 7385 -8539 -8846 END
START -3476 -1756 4148 7356 -7234 -8685 END
START -2424 -972 3872 7588 -5750 -8721 END
START -1572 -312 3964 7174 -3673 -9051 END
START -644 460 3784 7185 -1562 -9226 END
START 1412 1552 3768 7440 530 -9086 END
START 1340 3048 3308 8005 3746 -8727 END
START 1932 4720 3440 8087 7937 -8451 END
START 1552 6624 2656 8392 11900 -7265 END
START 1508 8976 3052 8133 15780 -5462 END
START 584 10904 2784 6623 19373 -3862 END
START -448 12044 3200 4820 21414 -2257 END
START -604 12716 5108 2866 22559 -1595 END
START -2060 13260 9188 323 23105 -1623 END
START -4976 12876 13592 -3587 24230 -2307 END
START -9048 11500 16640 -5800 24184 -3160 END
START -12632 7860 19712 -4805 22153 -2561 END
START -17156 7512 27180 -6938 22778 -4519 END
START -19436 1388 27884 -7192 16289 -602 END
START -20472 1028 31708 -4995 10441 2189 END
START -18708 624 32767 -3417 4267 4096 END