START 2368 -1168 6720 -1105 -3071 -1385 END
START 1672 -1248 8016 -575 -1506 -1079 END
START 1412 -1648 7320 -1390 642 -1670 END
START 1120 -2400 6440 -968 1585 -450 END
START 1228 -1988 6480 -249 2659 1432 END
START 872 -1128 6616 819 3590 3287 END
START 432 -76 6644 1308 4559 4096 END
START 508 560 7028 1242 5615 3891 END
START 604 1188 7208 1222 6823 2928 END
START 1180 1696 7484 838 8326 1612 END
START 1576 2016 6908 153 10131 600 END
START 1776 2148 6480 98 11867 427 END
START 2104 2504 6920 -110 13344 509 END
START 1764 2416 7364 -1146 15244 576 END
START 1568 2324 7540 -2329 17049 607 END
START 216 2208 7432 -3164 18948 1044 END
START -824 2296 7256 -3374 20830 1921 END
START -1484 2572 7432 -3058 23404 3042 END
START -3184 3468 7900 -2463 23327 2688 END
START -2820 1800 8712 -3683 24913 3400 END
START -4432 1092 12792 -2253 24928 6294 END
START -5888 712 13964 -5270 25533 5108 END
START -7256 72 15528 -6190 24347 3647 END
START -7984 -500 17716 -5110 23795 3448 END
START -5600 -164 19316 -6463 23953 1905 END
START -8992 -372 23328 -3314 23563 2368 END
START -10444 -1420 25316 -4212 22129 680 END
START -11788 -2788 26360 -3928 22159 1624 END
START -11044 -4288 26280 -3222 20533 2735 END
START -13472 -3488 26532 -10 18116 6519 END
START -15840 -1264 28408 547 14142 7123 END
START -15692 272 30564 -788 10707 5223 END
START -15084 528 31224 -2746 7496 2032 END
START -15024 -636 32648 -4087 4270 -693 END
START -15300 -2824 32767 -4874 2302 -2422 END
START -15736 -4712 32028 -3392 -171 -2601 END
START -16484 -6564 31308 -2011 -2751 -2436 END
START -16080 -7204 29064 629 -5833 -943 END
START -15600 -5872 27580 3248 -8367 279 END
START -14712 -4976 25544 4846 -10650 316 END
START -13644 -4040 23324 5248 -12828 -662 END
START -12120 -4128 22172 5300 -15240 -1902 END
START -11136 -4096 20320 4467 -16196 -3181 END
START -9688 -4744 18448 5499 -17153 -3795 END
START -8424 -4800 16388 6260 -17647 -4493 END
START -7144 -4188 14284 7657 -17544 -4479 END
START -5936 -3428 12684 8533 -17286 -4519 END
START -5496 -2300 11040 8488 -16767 -5284 END
START -4548 -1384 9600 7899 -16520 -6817 END
START -3100 -820 8660 7866 -16275 -8023 END
START -1732 -692 8024 6816 -14837 -9545 END
START -556 -748 7220 6650 -13260 -9976 END
START 232 -512 6512 6325 -10872 -10173 END
START 240 -128 5676 6344 -7954 -10411 END
START 0 292 5592 6529 -5185 -10590 END
START 1252 -32 4824 6407 -2294 -9974 END
START -668 844 4504 6997 90 -9854 END
START 192 1256 4896 6390 1513 -11369 END
START -120 1444 4356 5827 4917 -11838 END
START -216 1588 3808 6017 7915 -11023 END
START 164 2340 3416 5797 10791 -9469 END
START 52 3544 3100 5905 13497 -7169 END
START 616 5168 3604 6154 15314 -5268 END
START -752 7172 5108 5959 17651 -4561 END
START -988 8260 6592 3538 19669 -5492 END
START -1032 8272 7016 269 22745 -5787 END
START -4336 8652 8452 -1374 23035 -6711 END
START -7116 8528 13476 -3711 25001 -6615 END
START -11256 7520 16828 -5327 24208 -3467 END
START -16324 5780 18436 -4275 20337 729 END
START -19260 7400 24028 -4923 18796 -645 END
START -21720 4540 25164 -2578 8702 2530 END
START -19664 7308 30016 -4665 7173 2079 END
START -13836 5176 32084 -2969 5050 266 END
START -13260 3792 29964 -1049 -156 -589 END
START -11800 3028 29124 -703 -1000 -874 END
START -9784 2736 28040 311 -338 908 END