START -4720 1176 4320 -4287 18252 -1368 END
START -4924 1256 4836 -4979 19790 87 END
START -6064 904 4492 -5567 20723 1953 END
START -6948 1008 4704 -5652 22072 3611 END
START -8260 1932 4524 -5303 22617 4919 END
START -9464 2816 5352 -4772 23489 5550 END
START -11280 3344 6832 -4326 23065 6271 END
START -11804 3348 8560 -6680 23006 4951 END
START -12180 1940 10704 -10503 22073 3593 END
START -10716 -440 12744 -11510 21379 3535 END
START -12244 -1400 15292 -7646 20874 4947 END
START -10740 -1824 16836 -6084 21274 5148 END
START -11156 -1284 19104 -6234 20963 3108 END
START -11544 -2200 21564 -5897 21601 2270 END
START -12536 -3368 25184 -6438 20773 1169 END
START -15924 -5316 29284 -6529 18331 1437 END
START -18156 -6256 32708 -5593 13976 1395 END
START -18768 -4836 32767 -3845 12420 4652 END
START -20872 -5848 32767 143 8948 7887 END
START -21132 -4500 32767 1459 6210 4673 END
START -21796 -4648 32767 -674 739 469 END
START -21512 -6264 32767 -2532 -3816 -2674 END
START -19956 -8372 29972 -2091 -8109 -4180 END
START -17488 -8964 26768 693 -11563 -3862 END
START -15556 -8296 24076 2729 -13933 -4057 END
START -13120 -7608 20392 4959 -15453 -4314 END
START -10852 -7088 18456 7413 -16263 -3342 END
START -9596 -5988 16048 7956 -16246 -3295 END
START -9388 -4328 13096 10374 -14630 -709 END
START -8076 -3184 12020 10274 -14688 -1541 END
START -7788 -1752 10200 10898 -13639 -1299 END
START -6156 -728 8988 10260 -14461 -2734 END
START -6060 200 7488 9381 -14653 -4120 END
START -4504 488 7504 8130 -13840 -5765 END
START -3244 268 6508 6966 -13330 -7138 END
START -2232 -92 6808 6037 -12439 -8088 END
START -1120 -624 6372 5314 -10978 -8948 END
START 60 -1228 6344 5444 -9506 -8789 END
START 812 -1668 6344 5727 -7392 -8130 END
START 548 -1744 6040 7033 -4641 -6805 END
START 1376 -400 6008 7235 -1823 -6400 END
START 632 1008 5720 7316 1312 -6418 END
START 336 2112 5192 7215 3894 -6595 END
START 380 2840 5252 6641 6241 -6903 END
START 216 3320 5340 6109 9023 -7436 END
START -40 3940 5880 6042 11746 -7392 END
START -672 4704 6916 6186 14234 -6496 END
START -784 6460 8340 6321 15367 -5623 END
START -4292 8780 11012 6447 18553 -5739 END
START -6932 9316 12720 4183 20499 -6660 END
START -9200 7736 16388 -569 21501 -7620 END
START -11636 5468 20764 -4727 21313 -8542 END
START -15144 200 25380 -7686 22648 -4640 END
START -19808 1712 28400 -5652 23818 -2248 END
START -21576 2312 24892 2630 14805 10406 END
START -32768 9128 27392 5139 6443 15325 END