START 1724 1516 6792 -1409 5710 2650 END
START 1484 2060 6648 -2272 6745 2202 END
START 484 1908 7112 -3428 7680 1213 END
START 272 1380 6764 -4494 8735 241 END
START -420 672 6612 -5253 9694 -284 END
START -844 -224 6056 -5595 10588 -298 END
START -1208 -1088 5828 -5555 11450 117 END
START -1252 -1136 5636 -5212 12577 483 END
START -1152 -764 5920 -4510 14291 760 END
START -816 -196 5328 -3946 16362 1356 END
START -612 204 6456 -2954 17883 2695 END
START -308 1252 7284 -2840 19216 3539 END
START -2164 984 8144 -6176 20649 1881 END
START -2764 -440 9672 -5460 21917 2594 END
START -3732 -1856 8836 -5311 23821 1928 END
START -4104 -2748 9264 -4358 25165 951 END
START -3968 -2752 11108 -742 24387 2858 END
START -3008 -1736 13824 2370 26091 5523 END
START -3748 760 18028 3867 27104 7554 END
START -6244 2192 21392 2533 28834 6827 END
START -8668 760 22536 -205 29003 4879 END
START -10280 1064 25220 -487 25674 2919 END
START -10696 436 25560 -1837 24028 -766 END
START -11020 148 27864 1203 20195 -151 END
START -10852 488 30120 3280 18251 1176 END
START -12080 1456 32767 2470 15947 2371 END
START -14392 2616 32767 517 14521 3202 END
START -17156 2892 32767 -1194 11970 3620 END
START -16412 704 32767 1377 8629 5531 END
START -19544 2964 32767 -2657 3956 3565 END
START -19268 1560 32767 -2343 660 670 END
START -17804 116 32767 -3090 -3514 -540 END
START -16568 -688 32767 -3117 -6231 -954 END
START -14980 -2412 31624 -2214 -8983 -597 END
START -13736 -4128 29348 -1224 -11098 -11 END
START -13148 -4564 26076 -1031 -12752 288 END
START -12252 -4932 22780 543 -14570 679 END
START -11488 -4812 20504 2284 -15542 1107 END
START -10900 -4340 18500 3254 -16074 971 END
START -11256 -4724 16608 3337 -16924 135 END
START -10452 -4600 14280 2582 -16796 -2156 END
START -9768 -5196 12860 2654 -17429 -4023 END
START -9104 -5984 11340 2221 -17281 -6117 END
START -7732 -6224 9680 2640 -16803 -7333 END
START -6624 -6696 8292 4227 -15356 -7275 END
START -5760 -5768 7156 5779 -13546 -7109 END
START -5368 -4748 6016 6378 -11328 -7387 END
START -5012 -3552 4876 7001 -9474 -7507 END
START -4444 -2372 3824 7536 -7842 -7258 END
START -4416 -920 3676 6895 -6166 -7708 END
START -4096 -112 3060 5203 -4580 -8625 END
START -4132 164 2288 3339 -3769 -9452 END
START -3936 732 2196 2474 -3236 -9892 END
START -3236 1228 2564 2004 -2606 -10495 END
START -2044 1580 2544 1503 -699 -11279 END
START -1032 1768 2932 1910 2145 -11103 END
START -332 2404 3120 2662 4994 -10344 END
START 0 2904 3288 3293 8093 -9818 END
START 156 3460 3168 3757 11190 -9432 END
START 88 4452 2592 4853 13973 -8418 END
START 256 5988 2816 6117 16473 -7447 END
START 316 7140 3936 7139 19311 -6426 END
START 240 8420 5176 7897 21210 -4905 END
START 160 9956 7384 8692 22402 -2601 END
START -972 12188 11884 8641 22966 -244 END
START -3116 14392 16688 7406 22479 1977 END
START -6332 16004 22444 3292 21429 2208 END
START -13192 14376 24932 -23 19864 2973 END
START -14592 11352 27792 -1061 12618 3462 END
START -21660 12784 32767 -7509 9181 -681 END
START -19500 8052 32767 -3375 4342 -1336 END
START -14596 3108 32767 -3303 152 -2038 END
START -13676 1864 32767 -799 1133 1294 END