START -3344 2180 6984 -2103 5530 559 END
START -4976 708 4380 -2492 6392 991 END
START -4540 1040 4388 -2220 7055 -48 END
START -3992 788 3592 -2162 7281 -707 END
START -2808 356 3684 -1687 6807 -196 END
START -1936 544 4416 -2167 6996 923 END
START -1200 928 4992 -3503 8140 1174 END
START -776 1212 4452 -4331 9728 1354 END
START -156 1220 4628 -4469 11696 1467 END
START -148 1172 5132 -4864 13828 2019 END
START -316 1020 5484 -6599 17550 2585 END
START -1700 436 5104 -7614 19174 2196 END
START -3308 -620 4984 -7564 19126 1569 END
START -3560 -1340 5308 -7082 19782 1145 END
START -2904 -1824 5572 -5410 20825 1807 END
START -4296 -668 7032 -4140 22091 3890 END
START -5688 1360 9860 -5419 21478 2018 END
START -4648 -196 11376 -386 23287 6708 END
START -5140 1276 13324 -528 22858 7328 END
START -5820 2516 13860 -3332 24126 5738 END
START -5924 1344 17524 -3845 24000 4023 END
START -8208 1424 20084 -6318 24108 1867 END
START -10140 -16 21360 -5607 22762 3570 END
START -13028 632 23820 -2439 20532 6797 END
START -14368 2896 27476 -1406 18039 6201 END
START -14444 5804 29596 -3455 14844 2691 END
START -15080 5872 32767 -4605 12520 -600 END
START -13548 2776 32767 -6720 9823 -3546 END
START -17476 880 32767 -7927 9524 -4487 END
START -19368 -2468 32767 -6422 7291 -4602 END
START -20696 -5620 32767 -4353 3832 -3549 END
START -18292 -7164 32767 -1032 164 -471 END
START -21308 -4680 32767 4506 -4363 4697 END
START -19628 -2028 30328 5020 -8198 3796 END
START -17096 -1452 28504 3811 -11735 446 END
START -14692 -2448 25804 2288 -13930 -2606 END
START -12852 -3796 22644 1853 -15420 -3889 END
START -10904 -4248 19368 2506 -16752 -3964 END
START -9868 -4668 17284 4365 -15168 -919 END
START -9148 -3476 14524 4220 -16384 -2527 END
START -7228 -3116 12152 3529 -17020 -5057 END
START -5376 -3296 9696 4503 -15714 -4533 END
START -5268 -2140 8644 5172 -15642 -5521 END
START -4144 -2012 6484 5271 -14387 -6355 END
START -3204 -1716 5372 5571 -13088 -7273 END
START -1596 -1876 4356 5279 -11203 -8061 END
START -1232 -2376 3216 5650 -9486 -7765 END
START -604 -2024 2848 6310 -7598 -6496 END
START -408 -1144 3264 6696 -5264 -5220 END
START -712 368 3116 5722 -2350 -5143 END
START -796 1576 3196 5116 -344 -5911 END
START -732 2072 3376 4221 1588 -7530 END
START 312 2452 3740 4016 3583 -9337 END
START 1076 3032 4500 4170 6836 -10626 END
START 3268 3932 4864 5787 9518 -10561 END
START 1016 5524 7216 7596 16147 -8676 END
START -2204 8016 8664 8654 21865 -6573 END
START -3920 9272 9984 9104 26210 -5474 END
START -6320 8092 10668 4746 23016 -4983 END
START -7484 6740 15768 -71 21113 -3352 END
START -12592 6232 20980 900 20335 376 END
START -16756 8392 24628 1399 16568 5956 END
START -19724 11448 30276 1527 10403 8070 END
START -23124 13084 32767 1585 481 5702 END