START 2576 1028 9024 151 -4854 3186 END
START 2824 1584 9540 -1080 -2689 2977 END
START 2056 1160 8864 -2731 -388 1889 END
START 960 536 7544 -2833 1883 2036 END
START 484 560 6760 -3100 1858 974 END
START 2012 -460 5492 -3661 2175 352 END
START 2924 -528 6004 -3950 3377 -168 END
START 3588 -908 5904 -4124 5207 -21 END
START 3244 -1376 5496 -4815 7062 396 END
START 2636 -1584 5240 -4708 9035 1712 END
START 2060 -900 4836 -3700 11089 3299 END
START 1256 340 4852 -3194 13779 3995 END
START 600 1300 4424 -3229 16168 4579 END
START -100 1880 3756 -3527 18209 4997 END
START -580 2208 3452 -4365 20463 4874 END
START -1764 2012 3540 -5040 22256 4603 END
START -3172 1376 4964 -5577 23255 4807 END
START -4212 860 5592 -6322 24528 5388 END
START -5784 216 6872 -8299 26142 4668 END
START -5600 -1520 7652 -4035 27950 7658 END
START -5884 -1080 8204 -3253 30325 8506 END
START -6800 -1372 8352 -2619 31531 9784 END
START -8256 -840 11656 -914 29568 12181 END
START -10956 476 15888 -4384 28827 7979 END
START -12948 -3064 18068 -7199 28068 6502 END
START -15784 -4964 21368 -6862 25749 4980 END
START -15488 -6460 24668 -7436 21464 1669 END
START -17644 -6572 26816 -4171 20010 3525 END
START -16112 -6592 28356 -3241 15768 1675 END
START -16896 -6256 30164 -797 13851 4072 END
START -17796 -6964 31760 -1111 11233 3036 END
START -18224 -8444 32680 -366 8228 1964 END
START -20000 -9360 32767 1491 6521 3839 END
START -19812 -7920 32767 2608 1955 4044 END
START -19224 -6112 32368 3111 -1585 663 END
START -18372 -5576 31104 4396 -4902 -329 END
START -17508 -5904 29284 4028 -7387 -1484 END
START -17128 -6208 27668 4754 -10153 -2186 END
START -16336 -6528 26068 4439 -12865 -3182 END
START -15540 -6256 23412 4750 -14785 -3534 END
START -14532 -6300 20740 6126 -16950 -3751 END
START -13268 -5984 18488 7205 -18384 -4204 END
START -12428 -6128 18264 8299 -19817 -4962 END
START -11388 -5776 17072 8242 -20160 -5951 END
START -10840 -6036 15016 9139 -20751 -6215 END
START -10112 -5544 13272 10287 -21020 -6758 END
START -7952 -4532 9744 12175 -17048 -3719 END
START -7696 -3700 9380 11427 -19928 -8870 END
START -5296 -2772 8148 12085 -18585 -9531 END
START -4108 -1808 6336 12615 -16509 -9180 END
START -2760 -696 5336 12854 -14281 -8675 END
START -2280 536 4584 11914 -12113 -8940 END
START -872 1068 3432 11128 -9931 -8896 END
START -2144 2296 2576 9994 -8323 -9616 END
START -272 1968 3124 8799 -6703 -11650 END
START 128 1740 2708 6906 -4600 -12827 END
START 816 932 2264 5570 -1653 -12586 END
START 856 720 2212 5817 1635 -10626 END
START 1456 1740 2252 5792 4859 -8228 END
START 1020 3252 2416 5991 7703 -6521 END
START 1468 5020 2484 5570 11530 -5411 END
START 1004 5720 1828 4507 15182 -4767 END
START 332 6548 2028 4142 17302 -5117 END
START -1236 6692 3008 3039 22520 -5417 END
START -4608 9076 4268 3016 24105 -6107 END
START -5864 9864 6108 2567 23795 -5709 END
START -8116 9856 9596 60 21080 -5564 END
START -9012 9828 15224 -118 16240 -4652 END
START -9860 7024 21876 -4617 15457 -3644 END