START -1004 2308 4184 -2149 2050 3307 END
START -844 1968 3460 -2339 2751 862 END
START 516 1408 4480 -1845 3476 -595 END
START 432 -108 4448 -2392 6143 -942 END
START 912 -1280 4812 -2263 8068 294 END
START 576 -1548 4560 -2031 9670 2253 END
START -340 -988 4460 -1235 10872 4724 END
START -1384 516 5172 -1064 12425 6197 END
START -2440 1872 5776 -2131 13051 6129 END
START -3028 2088 5964 -3648 13948 4583 END
START -3112 1636 6528 -4875 15217 2923 END
START -3160 968 6708 -5427 16752 2144 END
START -3680 824 7160 -5108 18495 2636 END
START -3428 1604 9560 -6251 20004 1409 END
START -2872 -728 9168 -3202 21609 5156 END
START -4076 -360 10424 -3848 23105 6850 END
START -5128 -1076 12712 -4244 23577 7303 END
START -6700 -1752 15016 -3160 23161 7607 END
START -7852 -2908 16292 -4405 23139 4778 END
START -6416 -4408 16940 -4309 22309 3765 END
START -6744 -2536 21572 380 21358 4466 END
START -5948 -1164 24436 -444 22139 3799 END
START -7532 -520 27616 16 20912 4420 END
START -9332 -896 29896 -2544 19512 2942 END
START -10672 -1708 30084 -4451 18631 1100 END
START -13944 -3032 29488 -1936 15743 1160 END
START -17572 -2712 31420 -1322 13340 675 END
START -14748 -2560 32767 2304 10985 3166 END
START -13576 -2280 31312 4486 8383 3823 END
START -13428 12 32767 146 5404 1140 END
START -13748 276 32767 -243 4329 713 END
START -14184 -428 32744 -87 1639 1194 END
START -14956 -1316 31580 -1672 -683 114 END
START -15444 -2328 30164 -2310 -3584 -628 END
START -14596 -3180 28732 -1713 -6724 -1762 END
START -12776 -4736 27396 -577 -9091 -2141 END
START -11748 -4628 27092 591 -11056 -1765 END
START -11276 -4872 25376 691 -12286 -2650 END
START -10712 -5352 23544 2041 -13419 -2440 END
START -10236 -5088 21452 3221 -13850 -2180 END
START -10012 -4888 18948 4102 -14412 -2892 END
START -9460 -5336 17152 4860 -15404 -3704 END
START -8824 -5156 15348 5671 -15448 -4208 END
START -8016 -4696 13816 6493 -15687 -4866 END
START -7392 -4588 12104 6716 -15262 -5731 END
START -6616 -4388 10228 6900 -14768 -6527 END
START -5780 -4088 8780 7110 -14158 -7317 END
START -5112 -3592 7332 7129 -13324 -8405 END
START -4140 -3292 6316 7512 -11943 -8950 END
START -3824 -3092 5860 7247 -10525 -9801 END
START -3688 -2492 4956 7469 -9440 -10261 END
START -2996 -1832 3836 8042 -7835 -10423 END
START -3072 -796 3936 7786 -5878 -10455 END
START -2824 -224 3744 7092 -3874 -10501 END
START -2408 304 3232 7081 -2569 -10314 END
START -1800 1116 2928 6853 -702 -10125 END
START -1160 2456 2336 6917 2030 -9515 END
START -380 4144 1248 7382 5157 -8587 END
START 556 6308 440 7890 8359 -7139 END
START -724 8460 456 8247 10743 -4661 END
START 1144 11196 828 6954 14197 -3242 END
START 548 13604 1220 4719 17527 -2966 END
START 1408 14220 3512 2829 19848 -3603 END
START 932 13928 6468 -324 22280 -5125 END
START -244 11796 9604 -3097 24438 -5510 END
START -4212 10136 14020 -5556 25406 -5581 END
START -10148 6708 18052 -9290 23872 -6687 END
START -14504 1328 20596 -7085 20981 -3246 END
START -14916 -2152 25360 -1966 13292 -17 END
START -19040 104 32767 -7098 12117 -971 END
START -19680 2148 32767 3531 7376 2121 END
START -13956 1376 32767 1286 176 -418 END
START -10508 1212 32767 7605 -291 -1692 END