START -9560 7156 10652 -12324 15887 693 END
START -8400 3484 15616 -13201 15984 -787 END
START -10776 356 17204 -15748 17744 -4534 END
START -11376 -3332 15840 -17239 17765 -7201 END
START -10032 -6064 15804 -14544 17042 -6647 END
START -6864 -7156 15844 -8198 17003 954 END
START -6452 -4408 19516 -2066 17300 7650 END
START -8328 -1808 22704 -272 20162 10020 END
START -13880 -228 24752 -4620 19884 6933 END
START -16916 -2080 24512 -10763 17219 140 END
START -17896 -6204 25172 -5222 13730 2565 END
START -15824 -5908 26056 -4399 10128 2665 END
START -14556 1204 31524 -1865 4903 3978 END
START -16556 -484 32767 -10253 1112 -4767 END
START -21708 -6896 32767 -15061 6723 -13961 END
START -19048 -14420 32767 -7242 4572 -5819 END
START -19300 -14612 31944 -798 1202 -3529 END
START -17556 -12148 30508 6238 -2706 2424 END
START -16036 -7700 30856 9459 -5435 5471 END
START -15460 -4680 30340 8258 -7843 4911 END
START -15612 -3552 27696 5900 -10344 1954 END
START -15448 -3612 25008 4761 -12931 -154 END
START -14656 -3584 22276 4980 -14492 -2000 END
START -11988 -4600 21104 6720 -16045 -2792 END
START -9452 -3676 20984 8570 -16696 -1610 END
START -8080 -1544 20072 10132 -16044 -196 END
START -8028 228 19368 10305 -15713 695 END
START -8844 1124 18100 8966 -15379 64 END
START -9764 1232 17268 7060 -16212 -1377 END
START -9688 152 16780 5308 -17393 -2624 END
START -8896 -292 16284 5216 -18584 -2505 END
START -8016 68 15132 5869 -19386 -2312 END
START -6528 252 13952 6585 -19805 -2650 END
START -5984 1000 12392 5578 -20428 -4126 END
START -5356 1000 10324 4078 -20386 -6489 END
START -4220 -448 8688 2511 -19730 -8264 END
START -2596 -1800 6848 2511 -18618 -8704 END
START -1492 -1864 4816 5388 -13905 -3882 END
START 484 -2208 6024 4488 -15420 -6934 END
START 1652 -1524 5512 6471 -14271 -5523 END
START 2048 -284 4332 6982 -12461 -5994 END
START 3032 160 3436 5948 -10424 -7632 END
START 3588 456 2588 5399 -9362 -8570 END
START 3000 1128 2180 4811 -7716 -9611 END
START 5456 308 1472 3744 -6323 -10932 END
START 5660 952 1660 4735 -4447 -10958 END
START 6992 860 1312 5043 -1959 -10350 END
START 6776 1624 1716 5402 569 -10139 END
START 6840 1700 1544 6080 3285 -9364 END
START 5896 2340 2164 6416 6255 -8850 END
START 4728 3124 1928 6651 9190 -8086 END
START 2776 3616 1716 6502 11827 -7612 END
START 1384 3512 820 6116 14148 -7608 END
START 1244 3896 580 6704 15983 -7487 END
START 752 4720 476 7014 17190 -7188 END
START -500 6528 140 7290 19243 -7007 END
START -740 8868 512 7077 21727 -5758 END
START -1784 10876 1160 6012 23604 -4159 END
START -3000 11548 1960 3132 25526 -3172 END
START -4216 10348 3352 -105 26446 -3593 END
START -5612 10292 4172 -3236 23716 -5871 END
START -6344 10344 8820 -2717 25209 -5576 END
START -8788 13328 12772 -2722 25978 -4038 END
START -12652 16252 20512 -7140 25870 -8545 END
START -16508 10128 24476 -16037 24252 -10964 END
START -17488 2492 27328 -18347 22734 -6299 END
START -20192 -2716 32767 -13980 19463 -1416 END
START -16636 -2376 29984 16455 18480 20643 END
START -23360 16800 32767 3480 14268 7523 END