START -1396 888 7044 -3670 13389 3464 END
START -1436 368 6764 -6039 15012 3272 END
START -1980 -348 6148 -6301 16320 3913 END
START -2080 204 6288 -6109 17925 4659 END
START -2740 960 6088 -4847 19130 6513 END
START -3464 1764 6052 -5836 20391 6287 END
START -3116 1264 6968 -5396 22765 6528 END
START -3996 964 7856 -6759 23790 6247 END
START -4524 1332 9292 -9027 24007 3930 END
START -4736 612 10512 -11942 24686 933 END
START -4512 -1340 12676 -14000 31017 1115 END
START -6252 -2960 11464 -12448 32767 1555 END
START -6448 -5148 11088 -11317 32767 2871 END
START -10244 -5572 12856 -8624 32767 6596 END
START -12816 -6300 15440 -7657 31464 7121 END
START -14000 -6060 19168 -9679 28382 4666 END
START -16548 -6208 21732 -7344 27908 6729 END
START -16540 -5924 23944 -5028 24922 6483 END
START -19068 -5508 25340 -3770 21881 5537 END
START -21956 -7868 26192 -5390 16886 1572 END
START -21956 -10284 25564 -4261 9188 1173 END
START -25852 -9424 27876 -320 1702 6312 END
START -23220 -6284 29884 2723 -1487 6573 END
START -21712 -6168 29880 4133 -4491 4114 END
START -20384 -5864 29316 2388 -7431 -5 END
START -19464 -6472 28140 1827 -9447 -2931 END
START -18732 -7276 25604 2667 -10494 -3944 END
START -18572 -7212 22248 4534 -13149 -3190 END
START -17580 -7064 20132 5554 -16739 -2591 END
START -16228 -6828 18212 7153 -20020 -1557 END
START -14576 -5784 16500 8172 -22343 -1168 END
START -12576 -4528 15032 9720 -23509 -1032 END
START -12296 -4336 13920 11564 -24260 309 END
START -9656 -2052 13452 9012 -24401 -4252 END
START -7328 -2408 11676 8437 -23946 -6348 END
START -5500 -2672 9868 7368 -22777 -8488 END
START -4148 -3224 8496 8709 -19556 -6606 END
START -2676 -1700 7736 8884 -19080 -7341 END
START -1652 -1752 5868 9477 -17219 -6293 END
START -1016 -880 5096 9993 -14937 -5600 END
START -180 48 4708 9769 -12491 -5786 END
START -248 788 3892 9696 -9091 -4616 END
START 160 1556 5116 8190 -8517 -8066 END
START 36 2352 4672 6657 -5991 -9700 END
START 600 2052 4860 5647 -3154 -11149 END
START 768 1560 4768 4466 150 -12156 END
START 1092 932 4116 4414 3156 -11955 END
START 1200 832 4308 4773 6279 -11129 END
START 1784 1228 3848 5424 9573 -9550 END
START 576 1756 4264 7155 12575 -6981 END
START 1908 2992 4540 7238 18177 -4406 END
START -1096 5836 5796 7508 22510 -3087 END
START -2284 7620 6308 6531 25341 -2482 END
START -2836 10136 6968 3143 30318 -2608 END
START -5100 12236 10824 423 32767 -5555 END
START -9892 10528 15784 -4399 32767 -6934 END