START 2792 -296 5372 1580 2312 -1959 END
START 1852 184 5772 1478 3803 -216 END
START 1272 1172 6116 1115 5080 681 END
START 860 1904 6148 -100 6228 897 END
START 784 2232 5940 -1480 7354 767 END
START 224 2176 5496 -2891 8409 240 END
START 464 1724 4900 -3657 9355 -449 END
START 684 824 4112 -4519 10763 -1345 END
START 812 184 3676 -4531 12388 -1556 END
START 664 -208 3436 -3516 14441 -547 END
START 432 280 3644 -2920 16242 700 END
START 28 856 4204 -2756 17938 2015 END
START -680 1584 4924 -3123 19122 3242 END
START -1716 2412 5532 -4066 20681 3924 END
START -2940 2148 6508 -5273 22157 3680 END
START -3636 1904 6324 -6448 23125 2444 END
START -5808 520 7768 -8491 22965 -281 END
START -5112 -3128 9304 -5053 23012 1182 END
START -4600 -2964 11628 -3273 23499 2658 END
START -2968 -2540 13176 -1177 24847 5336 END
START -5692 -648 17656 2134 25690 7708 END
START -3736 -844 19688 700 27285 6421 END
START -6168 -1276 22488 -5 27634 4962 END
START -10196 -1656 25096 97 27405 4604 END
START -11512 -2244 25596 -1753 26112 2384 END
START -12924 -4092 26692 3156 23305 2644 END
START -12912 -1152 28392 6927 19004 4080 END
START -12300 1940 32164 7763 16511 5635 END
START -14052 3908 32767 4458 13678 5889 END
START -17072 3560 32767 -744 10976 3182 END
START -17468 -1700 32767 514 8308 4282 END
START -19684 36 32767 -2068 4422 1683 END
START -18988 -828 32767 496 83 -375 END
START -18668 -1376 32767 -847 -3298 -2079 END
START -16408 -2216 32767 -558 -6197 -1824 END
START -15332 -3284 32767 -255 -9052 -763 END
START -14216 -3060 31524 410 -11189 -196 END
START -13464 -3260 28576 780 -13018 -89 END
START -12456 -3316 25328 1209 -14436 -214 END
START -11600 -2964 21892 1783 -15674 -933 END
START -10756 -2964 19568 1478 -16498 -2037 END
START -9420 -3984 18064 1469 -17579 -2150 END
START -8768 -4868 15428 746 -17850 -3990 END
START -8656 -5632 14160 945 -18121 -5564 END
START -7192 -6844 11800 1194 -17817 -7490 END
START -6560 -7216 9792 3064 -16686 -7432 END
START -6184 -6516 8192 5484 -16225 -6899 END
START -5708 -5940 7368 6645 -14496 -6554 END
START -5604 -5564 6776 6734 -13116 -7509 END
START -5740 -4800 5448 6694 -12733 -8776 END
START -5024 -4088 4356 7194 -11624 -9737 END
START -2888 -3764 3328 7809 -10488 -11123 END
START -1608 -2932 2724 8541 -7962 -12030 END
START -1204 -1444 1996 9561 -4657 -11630 END
START -788 648 1064 9997 -1283 -10349 END
START -580 2104 292 9930 1052 -9113 END
START -276 3592 -340 9304 2755 -7985 END
START 0 4776 -576 8539 5476 -6414 END
START 340 6372 -976 7961 7523 -4944 END
START 256 8440 -1008 6694 11197 -3880 END
START 280 10104 -996 4978 14877 -3150 END
START 236 11268 -784 3174 17679 -3334 END
START 240 11388 408 1359 19352 -4534 END
START -1288 10764 2828 -354 20665 -6537 END
START -1808 8908 6560 -2469 22396 -8543 END
START -2028 6944 9640 -3943 24008 -9147 END
START -3144 4900 15304 -3161 23382 -8323 END
START -7724 4400 21776 -2469 22382 -5981 END
START -13560 2968 28480 -2637 19336 -5207 END
START -15084 1084 32767 -1557 18195 -2553 END
START -19300 2068 32767 -4172 14884 -851 END
START -21312 4520 32767 -311 10031 1343 END
START -17104 2352 32767 3639 4444 -3549 END
START -15380 -620 32767 3825 -1964 -2669 END