START 856 -164 1556 -333 6609 798 END
START -336 -428 1600 258 7705 2530 END
START -720 236 1684 331 9129 3743 END
START -1240 852 2160 -279 10610 4488 END
START -1400 1760 2808 -1168 12176 4893 END
START -1520 2244 3672 -2649 13522 4123 END
START -1232 1880 3892 -4375 15202 2381 END
START -988 996 4384 -5269 17453 704 END
START -1384 116 4676 -5145 19578 298 END
START -1556 -384 5728 -4716 21930 1015 END
START -1684 -272 6700 -4565 23946 2700 END
START -5864 480 8260 -5603 23985 2833 END
START -4216 -848 7596 -4661 25380 4368 END
START -6112 -892 11288 -4950 25540 4481 END
START -5468 -2448 11424 -5635 28083 2808 END
START -5844 -2520 14208 -3655 26345 2537 END
START -6432 -2280 16568 -4476 26064 580 END
START -12156 -888 22928 -2814 28359 -569 END
START -10972 -2516 22324 -551 28210 1697 END
START -11404 -2076 24272 749 28565 3189 END
START -14472 -1232 25852 1203 26075 2562 END
START -15872 -184 27700 1109 21735 1363 END
START -16392 424 30048 -40 17102 495 END
START -14628 1900 32264 -1323 13904 876 END
START -16744 3104 32767 -3044 11899 1706 END
START -17380 2648 32767 -781 8619 4245 END
START -19180 1520 32767 -3936 6375 -8 END
START -20700 -892 32767 -3463 2511 -1967 END
START -19588 -2644 32767 -2509 -1428 -2386 END
START -17916 -4104 32724 -396 -5695 -1239 END
START -16092 -3508 31216 -32 -9532 -1143 END
START -14000 -3840 28924 344 -11305 -1933 END
START -12284 -4168 25564 1302 -13169 -2083 END
START -10944 -4516 23320 2390 -14349 -2864 END
START -10044 -4868 20268 3648 -14562 -2337 END
START -9912 -4568 17880 5469 -14801 -1371 END
START -7736 -4396 15708 6632 -15137 -851 END
START -9372 -3276 13824 6628 -15333 -1881 END
START -7856 -2944 11752 7071 -15085 -2347 END
START -6276 -3080 10296 6358 -15490 -4560 END
START -4976 -3248 8920 6393 -14719 -5915 END
START -3720 -3092 8004 7152 -13678 -6309 END
START -3216 -3284 7004 7012 -12029 -6904 END
START -3204 -3216 6952 7743 -10479 -6652 END
START -3708 -2704 5956 7818 -8553 -7126 END
START -3812 -2312 6088 8275 -7516 -8211 END
START -4184 -1884 5540 7722 -6633 -9885 END
START -3876 -1760 4992 7504 -5521 -10955 END
START -3640 -2052 4908 6797 -4701 -12008 END
START -2700 -1924 4716 7258 -3731 -11901 END
START -2480 -1228 5332 8220 -1667 -10571 END
START -2612 672 5544 9540 932 -8736 END
START -2808 2920 5368 10179 3763 -7411 END
START -2836 5232 5008 10458 6622 -5917 END
START -2448 7932 5016 10526 8770 -4540 END
START -1780 10400 5028 9360 10653 -3766 END
START -1076 11936 5140 7418 12520 -3529 END
START -360 12916 5900 5604 14452 -3653 END
START -1076 13288 7388 3939 16021 -3895 END
START -1472 13192 9296 1021 18784 -3321 END
START -3500 12176 10164 -1359 20505 -2358 END
START -6364 10672 12932 -2681 20487 -2197 END
START -7680 9116 16672 -3206 18130 -2279 END
START -11516 8316 22096 -3442 16344 99 END
START -13864 6312 25728 -3417 11638 1425 END
START -13716 5892 30376 -8296 13766 -1144 END
START -17140 4308 32767 -4429 10313 -1500 END
START -16696 -628 30776 -4365 1486 -3900 END
START -16972 -1276 32767 -3971 3813 -2439 END