START 2308 912 9160 -3801 3960 -2468 END
START 2116 -120 8148 -3121 6415 -2146 END
START 1148 -1232 7840 -2998 8412 -1322 END
START 776 -1900 7432 -3197 10172 -589 END
START 140 -2672 6732 -2993 10349 1603 END
START -288 -2456 6632 -1899 9444 4813 END
START -460 -952 7232 -1128 9114 6857 END
START 76 556 7796 -1811 9962 6978 END
START 312 1796 8196 -2805 11749 5712 END
START 432 2300 7624 -2775 12856 4585 END
START 520 2528 7852 -3712 13871 2694 END
START 444 1968 8688 -5534 15215 1060 END
START 136 312 9164 -7296 16724 1255 END
START -668 -1140 9352 -7700 18029 3213 END
START -1404 -2432 9920 -6701 19692 6076 END
START -3124 -1608 10152 -5372 19386 6634 END
START -1772 -1924 9548 -3078 21506 8937 END
START -3252 -100 12364 -397 22817 11313 END
START -3796 1356 13768 -2412 23750 8810 END
START -4992 1128 14880 -5269 24025 5409 END
START -5532 -644 14768 -6320 24177 3898 END
START -6060 -2704 16112 -7364 24812 2839 END
START -5568 -4224 16836 -6459 25516 2898 END
START -6728 -4724 17860 -2268 25200 5195 END
START -7608 -3752 20148 -1139 25100 5649 END
START -8452 -2988 21276 -923 24834 5995 END
START -10112 -2628 22964 -906 23899 5646 END
START -11064 -3880 24528 -3336 22336 3352 END
START -13432 -4896 26312 -4380 20646 2693 END
START -15632 -4980 27864 -3690 17001 2539 END
START -17300 -5320 30504 -3255 13501 749 END
START -15264 -6580 29432 -2583 10395 225 END
START -17612 -4508 32767 -1439 7051 934 END
START -17120 -6240 32767 497 4681 -161 END
START -18280 -6752 32767 -665 1366 -2345 END
START -20128 -7196 32696 -354 -1340 -3399 END
START -19384 -7736 29660 2164 -5129 -2509 END
START -18368 -7328 27700 3070 -8981 -2692 END
START -16836 -6864 25168 4314 -12112 -2547 END
START -15192 -6856 22920 4762 -15446 -3309 END
START -13484 -6624 21832 5102 -17330 -4045 END
START -11840 -6460 19800 6069 -18497 -4972 END
START -10252 -6720 18052 6338 -18681 -6422 END
START -9012 -6556 16220 7240 -18590 -6834 END
START -8384 -6336 14252 8904 -18345 -6311 END
START -7972 -5080 12584 9953 -18081 -6130 END
START -7128 -3740 10744 10416 -17711 -6412 END
START -5988 -3028 9432 10377 -17778 -7257 END
START -4920 -2444 9008 8982 -17703 -8760 END
START -3564 -2768 7996 8546 -17115 -9088 END
START -2588 -2820 8092 7915 -16073 -9392 END
START -1976 -2180 7204 7975 -14286 -9587 END
START -1164 -1644 6760 7790 -12338 -10364 END
START -600 -1156 6116 7980 -10139 -11049 END
START 28 -548 5720 8098 -7855 -11061 END
START 248 -12 5472 7938 -5325 -10822 END
START 400 500 5188 7569 -2750 -10390 END
START 252 1244 4708 7240 -314 -9399 END
START 4 2180 4480 6986 2093 -8018 END
START -116 2996 4460 6441 4287 -6976 END
START -160 3720 3912 5476 6845 -6558 END
START -420 4516 3624 4317 9243 -6087 END
START -304 5156 3384 3400 11701 -5001 END
START -352 6100 3252 2439 14059 -3890 END
START -236 7036 3552 973 16461 -3248 END
START -620 7728 4740 -490 18699 -2992 END
START -1000 8132 6500 -1803 20810 -2930 END
START -1856 7980 9392 -2901 22657 -3569 END
START -4212 7788 11980 -4487 24793 -4737 END
START -6920 6772 15392 -4817 26348 -3903 END
START -11304 5432 19488 -8081 27456 -3373 END
START -14668 2760 22000 -10212 25845 -3556 END
START -18284 480 24764 -7050 24074 599 END
START -20136 656 29556 -3283 20751 4775 END
START -19968 2824 32767 -4704 13022 6533 END