START 7092 -2128 20216 -1258 -6140 -832 END
START 7696 -3004 21248 -1878 -7048 -1194 END
START 7632 -3868 21236 -3228 -6826 -2163 END
START 7792 -5316 20332 -4164 -5853 -3915 END
START 8812 -6336 18648 -2281 -6708 -5356 END
START 9996 -6628 17340 44 -6936 -6943 END
START 11068 -6688 16156 1915 -6377 -8164 END
START 11140 -5984 15476 3570 -4697 -9146 END
START 10240 -4532 14776 4704 -1868 -10387 END
START 9476 -3200 12784 5897 2146 -12112 END
START 7032 -2152 11340 7293 6325 -13021 END
START 4288 -840 9128 9494 10287 -11897 END
START 632 900 6464 11228 12509 -8658 END
START -3492 4244 6172 11854 13308 -4353 END
START -9232 7764 6812 9896 13970 1686 END
START -14816 15184 10016 5809 12609 2714 END
START -19056 17388 9052 -2268 11167 1124 END
START -20364 15380 7644 -7353 6471 -2560 END
START -17236 11436 5500 -10764 121 -4033 END
START -11892 8452 7400 -8720 -3629 -1567 END
START -7100 5976 7784 -6936 -5248 1194 END
START -3088 4868 10540 -5510 -4987 3316 END
START 276 3292 10556 -4989 -3557 4634 END
START 2844 2124 10784 -4805 -448 5571 END
START 3880 544 9428 -3877 1964 6688 END
START 5920 -1180 9196 -3071 2754 7384 END
START 7780 -2736 8956 -2760 3519 7756 END
START 9424 -3876 8624 -2722 5060 7844 END
START 9956 -4356 8556 -1838 6251 7347 END
START 11104 -4176 8612 -768 8353 5330 END
START 10868 -4124 10012 850 10642 2947 END
START 10760 -3884 10852 2224 14395 713 END
START 10424 -3956 11732 3055 18846 -935 END
START 8136 -3804 12868 3533 24321 -2221 END
START 6424 -3360 11316 4150 29057 -3950 END
START 3668 -2568 9996 5792 31951 -4748 END
START 984 -1184 10604 8305 32767 -4532 END
START -1640 -124 12604 10203 32657 -3358 END
START -5728 2968 16104 6714 32767 -4463 END
START -11252 5020 16880 5337 31482 -4798 END
START -14112 6804 18540 5129 28020 -5730 END
START -15624 8144 19808 2536 22796 -8046 END
START -16784 8292 24400 3143 19276 -10913 END
START -15320 7128 25688 -2022 18817 -10921 END
START -16812 6800 31744 -1646 14773 -12247 END
START -18560 4788 31960 -2876 16077 -9333 END
START -18848 2784 30844 725 14616 -6031 END
START -18992 3204 29288 5445 11002 -1746 END
START -16808 4220 28840 7657 6408 1883 END
START -15472 4688 27748 7549 3846 4074 END
START -14532 5928 26704 6507 1468 5832 END
START -13708 6672 25604 5017 -764 7096 END
START -14756 7064 25580 4181 -5659 6917 END
START -12300 5508 23956 3557 -6451 7714 END