START 1060 -388 14632 -5211 -22279 6757 END
START 3360 -384 15324 -3189 -21974 6212 END
START 4684 -556 16448 -3946 -21231 4326 END
START 6084 -1636 17120 -4850 -19057 1150 END
START 8348 -3744 16964 -4786 -18006 -706 END
START 10064 -5464 16672 -3932 -16817 -1541 END
START 11900 -5740 16448 -1278 -15251 -780 END
START 12840 -5572 17260 479 -13101 -157 END
START 13400 -5600 17248 1389 -10514 -1620 END
START 14488 -6156 16484 1629 -8799 -4327 END
START 15580 -7092 15048 1819 -6688 -7253 END
START 16460 -7480 13488 3173 -4126 -9205 END
START 15724 -6352 12476 5186 -817 -10011 END
START 14544 -4528 11140 6432 3048 -10917 END
START 13104 -2992 10068 6880 6555 -11913 END
START 10912 -1352 9500 6371 10354 -13024 END
START 9384 -324 7648 5922 13865 -13569 END
START 7032 -308 6432 5348 16181 -13099 END
START 3980 -428 7112 3743 17030 -12581 END
START 1380 264 8176 1725 19516 -9462 END
START -9528 2856 12092 2133 20219 -6815 END
START -17740 7524 14008 -467 18768 -3897 END
START -23708 10324 14552 -2009 19314 -1606 END
START -31468 10280 13624 -4982 13591 -3886 END
START -30352 8280 12256 -5530 3840 -3466 END
START -25560 6896 13972 -3544 -5014 2051 END
START -20696 5552 18068 -4067 -8932 5530 END
START -11372 5428 18556 -2206 -11438 8118 END
START -4832 3744 19672 -516 -10680 8411 END
START -536 3160 19068 -1329 -9460 7216 END
START 2588 296 17900 495 -8404 8660 END
START 3452 408 18228 -316 -7635 8497 END
START 4092 -756 16768 -766 -5715 7013 END
START 5788 -1668 15160 -802 -6744 5896 END
START 6564 -2276 14992 -390 -5850 5081 END
START 5248 -2412 14744 265 -4853 4508 END
START 8088 -3056 13528 43 -4707 3359 END
START 8968 -3316 13752 -888 -4130 1588 END
START 10568 -4012 13300 -1019 -2743 866 END
START 10892 -4428 13180 46 -1855 852 END
START 12048 -4548 12740 764 -169 648 END
START 11988 -4576 12880 1135 1969 -490 END
START 11716 -4596 11976 1855 3896 -1675 END
START 10548 -4528 11572 2315 6046 -2715 END
START 9576 -4076 10972 3089 7995 -3128 END
START 8668 -3236 10736 3955 9594 -3182 END
START 8144 -1692 10664 4406 11792 -3436 END
START 7500 88 10468 4698 14334 -3897 END
START 6404 1640 10020 4757 16530 -4743 END
START 5448 2696 9408 4425 18418 -5661 END
START 4916 3256 8424 3069 20325 -6427 END
START 2928 2568 8288 1387 21828 -6342 END
START 684 2136 9676 -744 22409 -5122 END
START -2828 2352 10900 -2011 23488 -3617 END
START -8488 3572 13048 -2154 26835 -2576 END
START -10164 4436 12880 -3749 25663 -4424 END
START -11972 5472 14912 -4441 24764 -7024 END
START -13080 5548 16200 -3635 25101 -8713 END
START -13992 6636 18040 -1072 27066 -9151 END
START -16788 5816 19500 -1395 24076 -13216 END
START -12216 1804 21128 -4517 30720 -13220 END
START -10344 -588 21296 -10379 32767 -14317 END
START -13832 -1720 16980 -13896 32767 -12545 END
START -17584 -3868 12908 -8588 32767 -2957 END
START -19156 -3452 17080 -6247 32767 3470 END