START 12028 -4384 14620 1034 -1840 -7045 END
START 11788 -3776 15368 2365 2356 -9676 END
START 11512 -2728 14600 6636 5210 -10319 END
START 10560 -780 14736 8944 10412 -11619 END
START 8352 736 14940 9124 15388 -13053 END
START 2064 96 13588 5839 19769 -14628 END
START -488 -644 11220 4872 22075 -11399 END
START -12956 656 11516 4929 20550 -5634 END
START -19120 2844 8432 6341 15784 1961 END
START -21552 7460 9724 8663 10073 6436 END
START -22032 11048 10232 7586 5197 7438 END
START -18548 11492 10348 6060 -1719 7369 END
START -14036 10456 13296 -1106 -4251 2232 END
START -8972 7004 12276 -6638 -5133 -1022 END
START -3220 3008 11648 -5296 -7327 86 END
START -556 1300 12724 -4115 -4451 1975 END
START 72 316 12928 -2965 -1615 3148 END
START 576 -264 12956 -2857 1085 4356 END
START 372 -1072 11512 -1806 2592 5662 END
START 456 -1636 10668 -770 3241 6388 END
START 1260 -1512 11016 332 3344 6325 END
START 2492 -1404 12308 358 3632 5060 END
START 4252 -2256 12616 187 4478 3457 END
START 5804 -2288 12796 114 4552 2751 END
START 6496 -2500 14424 -32 5114 3180 END
START 7652 -2764 13792 -970 6836 2241 END
START 8332 -3308 13164 -417 7893 1531 END
START 8784 -3448 12700 205 9373 848 END
START 8984 -3228 12148 94 11713 -289 END
START 8076 -2684 11072 387 14403 -1426 END
START 6440 -1428 10596 1127 17949 -3047 END
START 5176 52 9556 2426 22730 -5378 END
START 3828 1096 8476 3685 27003 -6901 END
START 2560 2644 9840 5558 29172 -6920 END
START 124 4564 12976 4056 32171 -7186 END
START -4348 3828 14596 -144 32767 -8149 END
START -11276 2272 16224 -4640 31634 -11369 END
START -16584 1380 17384 -7773 32437 -6931 END
START -20336 3484 19116 -5994 31550 -4678 END
START -22520 3136 17060 -3150 27348 -799 END
START -21408 4748 21620 2024 18588 1257 END
START -19872 5632 26764 378 10521 -2636 END
START -13172 3272 27964 -2219 10984 -5490 END
START -15284 2928 28832 -4662 8026 -6358 END
START -13756 1560 28892 -2639 5159 -6339 END
START -14520 692 27820 420 5262 -624 END
START -13368 928 27104 2352 2933 1950 END
START -12540 1208 27716 3013 596 2857 END
START -11432 1084 26736 3306 523 3892 END
START -11044 1632 25636 3114 -1184 4281 END
START -11844 2424 24888 2233 -2537 4505 END
START -11552 2808 23600 1116 -4222 4023 END
START -10864 3100 21884 -425 -5327 3627 END
START -9860 2596 20152 -1306 -5646 3311 END
START -11844 4096 20164 -1881 -7276 2801 END
START -11136 1916 18196 -3944 -9542 969 END