START 8392 2108 14932 627 -3496 1992 END
START 9384 924 15700 492 -3095 -678 END
START 10020 -312 15116 -1495 -2316 -4379 END
START 9848 -1628 14116 -4601 875 -8954 END
START 8960 -3312 10820 -5946 3442 -13398 END
START 7192 -6492 7516 -4585 5694 -14794 END
START 3828 -7500 5184 -1221 6064 -12762 END
START 468 -6424 4136 3343 6544 -6954 END
START -4472 -1140 5288 6805 7845 -1391 END
START -14268 6868 7656 7901 16104 2776 END
START -15364 13416 6648 5735 14388 627 END
START -19672 15652 6860 3436 8272 -2938 END
START -20304 13852 8604 -3332 7429 -7616 END
START -19340 9440 5912 -6106 2208 -5831 END
START -16400 6836 6548 -7228 -1855 -1842 END
START -10700 5160 6128 -7589 -5441 2228 END
START -8884 5208 10192 -5177 -6769 5552 END
START -4876 3604 9268 -4882 -6179 6031 END
START -3440 1940 11760 -4017 -6069 5378 END
START -456 580 12800 -3894 -5382 5178 END
START 772 -956 12380 -4601 -5147 4155 END
START 2708 -2432 12156 -4267 -5151 3571 END
START 3912 -4988 11152 -3611 -4503 3860 END
START 5508 -6044 9308 -1606 -3607 5770 END
START 8160 -6340 8744 1759 -2581 8198 END
START 10636 -5252 8016 4429 351 9069 END
START 11932 -4204 7492 6393 3505 8444 END
START 13472 -3000 6896 8344 6574 8024 END
START 14552 -1392 7192 9261 11117 7396 END
START 15128 -560 5720 10273 15836 6933 END
START 14348 184 4900 10668 20613 6139 END
START 12652 1532 4780 9875 25139 4334 END
START 11168 1996 6928 6992 29312 355 END
START 8708 776 9756 4038 32767 -3546 END
START 6580 -4 12060 475 32767 -7980 END
START 5172 -736 14136 -1386 32767 -12702 END
START 3364 -1684 17052 -527 32767 -16652 END
START -3180 -508 22152 2052 32767 -19697 END
START -7048 100 28960 5259 32767 -18785 END
START -13552 2864 32767 5434 32767 -18732 END
START -24804 1296 32204 -304 32767 -18414 END
START -30796 2960 32767 8202 30447 -15005 END
START -27172 1636 32244 6007 24808 -7242 END
START -23272 -72 32767 13489 17134 4930 END