START 10176 -5136 14040 16 -3594 -2525 END
START 11200 -3936 13860 -345 -2774 -2625 END
START 12448 -4436 12896 -1965 -961 -3874 END
START 15332 -6168 9364 -2582 1369 -4877 END
START 18496 -7860 7204 -2150 4146 -5466 END
START 19804 -7172 7728 -141 7934 -5804 END
START 18924 -5876 8152 2916 13258 -7467 END
START 14984 -6220 7732 4426 18727 -9798 END
START 10372 -5088 7644 4583 22674 -10236 END
START 6972 -3364 6872 4853 24787 -10413 END
START 3568 -2344 7756 4206 25154 -11122 END
START 12 -1076 10084 1365 25984 -12300 END
START -9044 -3128 9384 -1048 26142 -11711 END
START -13444 -800 15152 -4238 23201 -12945 END
START -20032 -1012 19144 -5678 18164 -12822 END
START -26180 -944 21584 -3889 14465 -8140 END
START -26540 1560 24152 -3138 8147 -2010 END
START -26416 1108 26040 -2844 -1285 1726 END
START -15256 -5244 24048 3234 -4475 3635 END
START -14480 1320 26636 2066 -5824 6307 END
START -9900 1952 27904 4424 -5552 4138 END
START -7224 584 25468 6295 -6835 6724 END
START -6584 1408 24480 6320 -5863 7922 END
START -6820 1384 22052 5916 -6771 9294 END
START -6464 1448 20068 4942 -8107 10312 END
START -5764 596 18000 3093 -9691 9584 END
START -4180 -1044 16096 2396 -10019 8334 END
START -2232 -3212 13356 2121 -9286 6808 END
START 4488 -5892 9896 3014 -9892 7017 END
START 3540 -6168 10340 3893 -8675 6514 END
START 7192 -5320 10736 4330 -7368 7576 END
START 7332 -5140 11208 3286 -6173 8162 END
START 6836 -4676 11488 1898 -4601 8301 END
START 6088 -4168 11144 395 -3719 7936 END
START 5368 -4140 10660 -438 -3508 6819 END
START 5504 -3672 11976 -808 -3611 4917 END
START 6648 -4456 14420 -1272 -4679 1743 END
START 8780 -6276 15064 -2263 -5671 -1865 END
START 11264 -8128 16272 -1575 -6909 -3774 END
START 12724 -8992 17460 270 -6417 -3822 END
START 11552 -8224 18108 1748 -4605 -2413 END
START 11408 -5908 17972 3906 -2726 750 END
START 10528 -3664 17660 4609 -2115 539 END
START 9624 -1988 17000 4626 -950 -984 END
START 9036 -1924 16320 4926 8 -2695 END
START 8820 -1532 16776 4450 31 -4196 END
START 8656 -1644 15872 3329 565 -6011 END
START 9552 -3304 13960 1900 877 -8096 END
START 9628 -6228 11528 1430 604 -9644 END
START 9404 -7508 9424 3354 1404 -7327 END
START 8620 -6072 8420 5308 2899 -3762 END
START 7356 -3184 8280 5448 5332 -1658 END
START 6184 -892 7068 5288 8762 -1898 END
START 4732 2024 6012 5467 11641 -3214 END
START 6088 3020 4500 5054 14851 -3696 END
START 5100 4600 2992 3018 19004 -4885 END
START 5232 5492 800 1751 22671 -5352 END
START 4564 5928 -464 357 26998 -6254 END
START 2608 5300 -1260 -695 30945 -6089 END
START -488 4896 -1728 -2643 32767 -3186 END
START -3300 5672 332 -4554 32767 -157 END
START -7716 6924 6628 -7706 32767 1230 END
START -6292 5440 12356 -11471 32767 741 END
START -11244 3864 19420 -13599 31752 -4774 END
START -18428 -12 26724 -12615 25132 -12121 END
START -19432 -7300 32032 -3813 17525 -15405 END
START -20064 -9624 32767 5383 14263 -14654 END
START -20432 -10180 32767 6924 14786 -9422 END
START -18944 -3332 32767 7934 16505 565 END
START -11908 -1612 30800 11762 10963 11777 END