START 9676 -2268 12520 2362 -3781 -246 END
START 10428 -3964 10824 60 -2628 -1619 END
START 12412 -4724 9016 307 -2243 -2692 END
START 14128 -4372 10024 2386 -422 -3456 END
START 15000 -3640 12360 2688 2326 -5127 END
START 14464 -3032 13408 1903 5875 -8217 END
START 13024 -3520 14064 581 8656 -10695 END
START 10580 -4956 12488 875 10936 -11965 END
START 8040 -4812 10836 3059 12437 -10819 END
START 5092 -2536 9660 4644 12973 -8725 END
START 1208 1716 11460 4934 12684 -7383 END
START -2784 5744 14008 3078 12187 -6790 END
START -6708 7960 16240 -488 12142 -5517 END
START -15876 9944 20324 -5631 10433 -5772 END
START -17964 6552 17148 -8404 6069 -4425 END
START -18260 5772 16496 -6247 1818 864 END
START -16252 6192 16324 -2012 -2348 4660 END
START -9992 6328 16796 -1361 -5552 5185 END
START -5828 6892 19068 390 -4338 6307 END
START -2572 4280 17280 -163 -3210 7564 END
START -1356 3204 16740 -1201 -1240 6558 END
START -1184 1240 16212 -1660 -344 6519 END
START -1664 -792 14516 -1320 -97 6802 END
START -1528 -1800 13608 -260 -714 7277 END
START -732 -2948 12968 1072 -1799 7795 END
START 60 -2460 11772 2129 -2525 8901 END
START 2620 -2248 12340 4254 -1956 9595 END
START 3716 -1208 13340 4949 -261 11098 END
START 4960 576 11488 5709 2029 11354 END
START 6016 2288 11444 5438 3629 11154 END
START 6596 2684 11952 3374 5484 10238 END
START 7056 2000 12016 437 6967 8451 END
START 7188 260 11424 -2134 7616 6589 END
START 7364 -1628 10828 -4140 8242 4763 END
START 7580 -3824 9572 -3987 9336 2723 END
START 8824 -5148 9356 -2294 10591 1069 END
START 6772 -5264 10572 -650 11549 -296 END
START 10000 -3544 10460 2163 17047 296 END
START 10500 -1400 10740 2698 21586 427 END
START 10304 -60 10728 1682 26269 -198 END
START 9208 916 10940 653 29760 -867 END
START 7312 1704 13476 -1958 31927 -2985 END
START 4192 640 14712 -6203 32767 -6782 END
START 364 -2216 17080 -7793 32767 -12093 END
START -5128 -6548 14420 -11969 32767 -17667 END
START -10068 -5976 19568 -3570 32767 -12212 END
START -15356 -3236 25576 -3227 31160 -6368 END
START -22484 -376 27340 -3034 23626 27 END
START -23056 756 29552 -3049 17171 3709 END
START -22768 2128 31364 -3028 10622 5142 END
START -17188 408 30492 -2172 6912 1764 END
START -16492 224 29728 -1576 3590 1530 END
START -11872 -204 30788 -1934 1585 -2026 END
START -9124 -1812 26360 -134 554 -1624 END
START -6548 -280 25840 1536 -611 1466 END
START -6196 808 24332 499 991 1435 END
START -6248 324 23444 1346 486 1933 END
START -6720 624 22452 -402 -266 -807 END
START -5664 -832 20824 -394 1277 -135 END
START -8368 -340 20916 -1135 1767 -784 END
START -5432 -1284 19244 -1613 1371 -921 END
START -12184 -208 18076 263 3011 759 END
START -6348 -1880 14072 987 -2494 1609 END
START -5756 360 14900 1177 108 2265 END
START -7656 1476 15796 1696 -3314 1144 END
START -6964 420 15872 -4509 -2909 -3888 END