START 6512 -1768 12472 4067 -4725 -9021 END
START 8080 -1472 12780 4166 -525 -10416 END
START 8868 -1944 10468 5976 2506 -10152 END
START 7720 -388 9708 5881 7118 -10502 END
START 5568 -12 8860 5904 10915 -11238 END
START 1244 968 7748 5501 15614 -12632 END
START -948 1748 6572 6124 18569 -13063 END
START -2360 2092 5628 6854 19914 -12641 END
START -3604 3276 5712 4984 21852 -13156 END
START -3612 3252 5196 4271 21561 -12294 END
START -4320 3624 5576 1146 22895 -13152 END
START -3800 2952 6352 -1358 26500 -13358 END
START -6868 2528 5392 -6606 28402 -14043 END
START -9560 476 4072 -9603 32558 -13167 END
START -13700 232 3652 -9838 32580 -9277 END
START -16336 1264 3860 -8289 29507 -3205 END
START -17220 2788 5084 -7371 23155 1230 END
START -17232 4812 5636 -7573 15176 1482 END
START -15320 3712 6848 -7464 12425 1996 END
START -14068 2860 10756 -8369 6430 767 END
START -12840 796 13268 -11213 14591 -242 END
START -13932 932 14852 -12157 17681 -4302 END
START -12468 -1752 13928 -10004 22633 -2598 END
START -16060 -1480 14472 -8911 25157 -127 END
START -17760 -2832 13776 -5781 21195 5442 END
START -18704 -2056 16248 -3900 15778 8784 END
START -18464 -672 18228 -2901 10947 10381 END
START -19276 1328 21288 -4159 9037 9099 END
START -17284 1228 20968 -2265 5366 8385 END
START -17032 588 22612 -4202 4903 5525 END
START -15600 -1412 23172 -4123 4569 4248 END
START -16800 -2468 23596 -4210 2878 3665 END
START -15816 -2428 23736 -2370 -158 5417 END
START -15692 -1616 24864 -594 -1619 7112 END
START -13972 -800 25092 -1 -3349 7859 END
START -14260 260 24988 -288 -5121 7435 END
START -13204 288 24208 -766 -7247 6462 END
START -11228 788 23436 -1641 -9712 5663 END
START -9928 -456 23100 -2161 -12097 5069 END
START -8708 -704 21420 -2605 -15702 4303 END