START 11356 -5776 15700 2102 -2151 -7880 END
START 10516 -5544 15896 4816 752 -9285 END
START 9984 -5188 13844 7005 3132 -9879 END
START 8380 -5372 12376 8605 6345 -9291 END
START 4088 -4424 12300 11483 7730 -5850 END
START -1640 868 13012 13363 9380 -1644 END
START -8532 6180 14280 13267 11515 2401 END
START -14692 14104 15636 10796 9904 4431 END
START -20168 17280 15032 5212 7717 3714 END
START -20688 16552 13048 -57 3015 2263 END
START -17752 14436 10216 -1747 -4878 2906 END
START -11472 11268 11752 -4069 -9736 4195 END
START -3928 8128 12592 -5718 -10356 5371 END
START 792 6092 13580 -5483 -9621 6631 END
START 2128 4048 12904 -4764 -6941 7270 END
START 3556 2260 12588 -3862 -4359 8086 END
START 4708 220 11284 -3081 -2402 8773 END
START 5484 -1444 10928 -2647 -1192 8872 END
START 6288 -3436 10020 -3400 149 7897 END
START 7460 -5196 8852 -3573 875 6652 END
START 8616 -6428 8272 -3705 2282 4646 END
START 9836 -7208 8068 -3015 4399 2964 END
START 10748 -7324 7652 -1914 6555 2010 END
START 10944 -6440 8044 -771 9332 1085 END
START 10236 -5952 8280 27 12241 -453 END
START 10484 -6156 9100 822 16660 -1655 END
START 9376 -5696 9024 16 21255 -4214 END
START 8068 -5760 7940 93 24295 -7208 END
START 6852 -5620 7176 679 27248 -9368 END
START 5564 -5276 7040 2563 29996 -9888 END
START 3348 -3792 7956 4405 32767 -10448 END
START 532 -2388 10816 6159 32767 -10796 END
START -3128 -188 14292 6808 32767 -11052 END
START -9124 2292 19888 6330 32767 -12003 END
START -14932 1968 24720 3234 32767 -13493 END
START -22636 1976 25000 3385 30462 -10975 END
START -25680 4248 27788 6779 24079 -6211 END
START -27336 6012 26620 7105 19370 60 END
START -23744 9644 28348 12411 10301 3650 END
START -22224 10252 29340 8793 3544 5582 END
START -18040 12244 31340 6088 -2301 5257 END
START -14032 10668 31796 1166 -6340 57 END
START -9160 6080 27416 -780 -6350 -918 END
START -6928 4572 27248 -717 -7996 748 END
START -5720 3516 26532 -2432 -7041 1263 END
START -5132 2164 23888 -2508 -6828 1980 END