START 12032 -7136 17720 -849 -9761 -7366 END
START 14348 -7104 20600 1534 -9282 -7855 END
START 15952 -7144 19620 1944 -6410 -8992 END
START 16224 -6352 17520 4052 -1509 -11304 END
START 14112 -7380 14196 6202 2659 -13817 END
START 11772 -7928 11204 10146 5556 -12027 END
START 8864 -3456 9384 15247 8388 -7325 END
START 5500 1020 9112 16613 11453 -5840 END
START -780 6096 10336 13992 14114 -6404 END
START -7020 11960 13608 8839 23451 -4825 END
START -16128 14124 10432 3212 15297 -8912 END
START -20048 12692 9820 -1152 11374 -8664 END
START -21620 10848 8280 -1574 5104 -6236 END
START -19168 11080 9828 98 -332 -54 END
START -15828 11560 11472 -948 -2148 2749 END
START -9980 9556 11712 -2892 -3157 3430 END
START -5420 6996 11436 -3995 -3850 3647 END
START -1728 4056 10748 -3856 -2679 4031 END
START -132 2416 9844 -4226 -1959 4004 END
START 628 412 9272 -2750 272 4692 END
START 2272 -272 8932 -1470 923 5936 END
START 2748 -640 8308 -1603 3173 5847 END
START 3948 -956 7316 -1331 5219 5289 END
START 5460 -1640 6164 -1104 7038 4392 END
START 8796 -2984 4600 -645 7904 3697 END
START 9820 -3604 3784 419 11746 3882 END
START 11696 -3412 3136 1344 16238 3784 END
START 12496 -2884 2776 1424 20828 3289 END
START 12476 -2332 3600 1504 26699 2289 END
START 11264 -44 3372 1119 32381 -1145 END
START 10120 -1036 3676 -589 32767 -4738 END
START 6528 -2652 4572 -696 32767 -6546 END
START 1588 -3896 6148 -1418 32767 -8161 END
START -7600 -3172 9328 646 32767 -8066 END
START -12104 -1388 14100 -1444 32767 -8640 END
START -22468 536 20400 -399 32767 -6853 END
START -26200 3004 24332 2556 29386 -4057 END
START -32592 8764 32767 657 23623 -5398 END
START -32768 8948 32767 133 14806 -6592 END
START -30092 7816 32767 -1747 7415 -6505 END
START -23168 5664 32767 6921 7244 -8572 END
START -23128 3752 32767 742 -1385 -1438 END
START -17284 4212 32767 5330 -3428 3604 END
START -14928 3832 32767 6967 -3897 4775 END
START -14176 3460 30708 6256 -5628 5306 END
START -11160 4076 28064 6454 -6199 6479 END
START -9748 3556 24684 6932 -6695 8429 END
START -8488 3448 21424 5135 -5855 8401 END
START -7960 4740 17692 3970 -5645 8884 END
START -7576 4296 15596 2717 -4964 7045 END
START -7644 4216 14876 1571 -6570 5865 END
START -7024 3688 14724 -482 -9017 3648 END