START 10004 -4308 19268 -3315 -9839 -2675 END
START 10700 -5940 19144 -3994 -7796 -5551 END
START 11256 -6932 16960 -826 -8268 -5898 END
START 13700 -8288 15744 1337 -7595 -7442 END
START 14808 -7884 15432 3415 -5904 -8959 END
START 15720 -6188 15404 6182 -2512 -9403 END
START 14316 -3692 14552 8083 2164 -10936 END
START 12220 -656 13416 10274 7534 -14097 END
START 9576 1500 11540 10664 13280 -16684 END
START 4452 1912 7932 8679 18510 -17072 END
START -3224 3168 6288 8246 19743 -14145 END
START -8760 4984 5112 7002 19622 -7254 END
START -18408 10788 8992 4320 16263 -2652 END
START -24212 15652 9340 -211 12356 -463 END
START -25644 16128 9128 -3866 8195 -1306 END
START -24476 14784 9052 -6288 2949 -3475 END
START -19712 11444 8760 -8405 -1623 -2603 END
START -14236 8256 9784 -8675 -3523 437 END
START -8604 5540 10456 -7737 -4572 3012 END
START -5432 4860 12240 -6577 -4222 4275 END
START -3056 2612 12448 -5578 -2570 5248 END
START -1044 1820 12436 -4766 -1193 6606 END
START 248 620 12520 -4071 853 7797 END
START 356 1052 12512 -3281 1908 8433 END
START 692 32 13652 -3546 2482 7190 END
START 2152 -1824 13524 -1285 2337 9160 END
START 3012 -1280 13744 -3265 4204 7732 END
START 3656 -1492 13416 -3045 4359 5952 END
START 4952 -1952 13448 -2090 4683 4570 END
START 6104 -2360 13484 -1265 6708 3685 END
START 6784 -2648 12708 -648 7216 2831 END
START 7416 -2776 12468 236 10543 2761 END
START 7504 -2580 12740 316 12491 1917 END
START 7380 -2272 12516 280 15008 527 END
START 6736 -1832 12556 416 17715 -1103 END
START 5644 -888 12864 781 20933 -2851 END
START 4044 512 13996 2109 24269 -4074 END
START 3228 2532 15628 3410 26844 -5080 END
START 1408 4276 17544 4186 29073 -6199 END
START -2608 5676 20216 3915 28262 -10806 END
START -6360 3136 21692 1569 31190 -13384 END
START -13664 -84 21840 -3445 30714 -18055 END
START -16824 -3584 25372 -5272 27327 -13850 END
START -23692 -2236 30056 -9205 27427 -7398 END
START -25000 -300 27180 5135 12400 12133 END
START -17000 4432 26720 12099 6639 16775 END
START -21724 9576 29192 5249 -1471 16567 END
START -15552 9464 29460 3400 -5567 10057 END
START -12828 8840 27232 -718 -7552 1799 END