START 10036 -3412 11788 -2138 -8472 2051 END
START 13032 -5264 10856 -1828 -8082 767 END
START 15844 -5912 11736 -151 -7229 -31 END
START 17524 -5956 13256 775 -5239 -1490 END
START 18768 -6484 13980 1025 -1492 -3641 END
START 19708 -7276 12744 2668 3019 -5927 END
START 20060 -6904 11264 4318 7141 -7904 END
START 19432 -6352 10452 5632 12545 -8356 END
START 17032 -5484 9196 5094 11978 -9898 END
START 12640 -4500 10192 4412 12974 -8362 END
START 6336 152 13340 4891 18259 -4577 END
START 2920 5016 13996 3392 15476 -6315 END
START -6060 8148 17560 1450 16164 -9235 END
START -15892 10556 20208 -1402 17195 -10718 END
START -21652 7608 17180 -3183 12571 -7081 END
START -23640 7744 15312 -2527 6758 -343 END
START -20580 10588 18336 -132 -708 6551 END
START -16696 11224 19296 -883 -3771 8138 END
START -9756 10636 18444 -479 -5804 6250 END
START -2880 5556 17592 -1275 -5685 7010 END
START -420 3760 18396 -1388 -4215 7196 END
START 1320 1408 16560 -482 -2431 8135 END
START 1732 736 15424 406 -1247 8898 END
START 2636 -92 14248 1278 -1621 8656 END
START 3944 -1524 13308 1500 -2172 8277 END
START 5588 -2400 13608 1355 -1222 8462 END
START 8708 -2380 13344 1082 -424 8960 END
START 8128 -2092 12128 1016 395 9012 END
START 9020 -2180 11368 536 1060 7976 END
START 10004 -2508 11592 -386 2316 6802 END
START 11272 -3664 12632 -1733 3692 5169 END
START 11448 -4516 13572 -3036 4791 3119 END
START 11600 -5536 13736 -3563 6466 488 END
START 13664 -6956 12916 -3088 7512 -2204 END
START 11728 -7540 12044 -973 9985 -4001 END
START 12708 -8656 11032 2548 13344 -2768 END
START 11636 -6624 10276 3518 16430 -1831 END
START 9904 -3760 9408 3742 19085 -1953 END
START 8304 -1208 8972 3712 21056 -2663 END
START 7264 440 8552 2893 24218 -3993 END
START 5700 1780 8380 1796 27538 -5766 END
START 3240 3764 9328 984 30273 -6666 END
START 436 5032 11212 -316 32767 -6983 END
START -3184 4504 12980 -4133 32767 -6890 END
START -6424 3384 14044 -9626 32767 -6564 END
START -12752 364 15072 -13193 32767 -4100 END
START -19696 1544 19248 -14805 32767 -2980 END
START -22084 -24 16428 -11544 26898 2840 END
START -19300 3600 21084 -7788 22941 6072 END
START -18584 3980 22888 -6038 19995 5040 END
START -17060 2976 25220 -5585 15810 2762 END
START -17572 984 25804 -9022 11259 -1396 END
START -14764 -3664 26256 -5438 9900 -2501 END
START -11232 -7836 28796 2198 6485 957 END
START -9476 -7432 27476 6203 6112 4047 END
START -9912 -5676 29240 10565 3866 9559 END
START -7448 -2004 28492 12313 6360 13908 END
START -8688 2284 28484 10800 7390 11322 END
START -10332 -400 28352 4604 905 6142 END