START 16120 -440 7844 4683 7403 -7264 END
START 15360 -812 7796 704 14847 -13805 END
START 14444 -2092 5084 -806 18507 -18716 END
START 12004 -2944 4500 -392 22048 -20624 END
START 1028 -2396 10616 27 32767 -17960 END
START -5796 84 10328 58 31193 -14815 END
START -14604 4920 15276 748 25708 -8158 END
START -24496 13048 21228 2141 20895 380 END
START -30420 18196 24808 -7317 20271 915 END
START -32768 18792 20212 349 3853 6808 END
START -25888 21100 24788 -4213 -4378 7638 END
START -2036 13584 17448 1085 -6438 4568 END
START -8692 13744 26260 -3356 -10548 9362 END
START -2160 10648 26664 -2650 -13569 9611 END
START 3452 6700 23624 -2984 -10003 13002 END
START 4256 5904 24536 -4160 -5702 15020 END
START 4060 4888 20176 -2716 -5020 16854 END
START 4516 4624 16980 -1952 -3734 17878 END
START 4620 4196 15020 -2488 -2876 19100 END
START 3964 4124 14280 -4624 -1547 19325 END
START 4240 2488 13596 -7476 -1294 19064 END
START 4172 112 13412 -11616 -708 17462 END
START 4008 -2592 12420 -13929 -886 14626 END
START 4808 -5924 11144 -15743 -460 11625 END
START 5000 -8472 10228 -15091 146 9953 END
START 4756 -10492 9116 -14365 971 9449 END
START 5428 -12140 10424 -14026 1821 9906 END
START 3236 -13240 11812 -13029 1247 8812 END
START 2208 -15412 13536 -14921 1266 3848 END
START 2208 -18884 13860 -14109 -117 -1443 END
START 2284 -21360 12864 -11247 -1532 -6454 END
START 10064 -25560 13080 -4401 -1771 -8041 END
START 7656 -23948 12876 692 1737 -7221 END
START 6604 -21376 11860 7186 4559 -6044 END
START 4996 -18708 10560 12685 7513 -5739 END
START 2880 -14988 8836 15931 9812 -7401 END
START 960 -11324 7348 19113 10970 -9959 END
START -12 -8048 6580 21922 10863 -12144 END
START -588 -4508 6004 22328 11656 -13756 END
START -1684 -1552 4020 19852 14474 -14553 END
START -2788 2064 1344 19722 16856 -11822 END
START -3928 7876 28 21498 19243 -6254 END
START -4356 13356 944 21983 21481 -403 END
START -4208 17296 3480 18449 23291 3156 END
START -3284 18724 8144 11098 24574 2512 END
START -2084 15968 11280 251 26506 573 END
START -4256 13864 12516 -9399 25866 -2432 END
START -5108 8592 11692 -16637 23807 -5252 END
START -4252 2960 13376 -21025 23433 -5942 END
START -8076 -1504 16836 -24160 26072 -6241 END
START -9312 -8344 16228 -22766 25495 -8834 END
START -11400 -14696 18968 -11361 21011 -14176 END
START -14060 -18280 24528 902 14736 -21913 END
START -11856 -18848 29144 6740 11823 -27976 END
START -7660 -17200 31992 12825 9974 -26111 END
START -3832 -12824 29660 17371 16936 -28121 END
START -10268 -10860 28036 21717 10746 -21437 END
START -14044 -2332 29804 20886 16132 -24194 END
START -18560 3804 23272 25978 18272 -23893 END
START -22580 7868 22060 27802 17004 -19910 END
START -17112 8672 20272 19535 16978 -15922 END
START -24156 13960 16740 26277 7764 2379 END
START -22616 16876 18432 12692 1821 14620 END