START 4192 1472 10304 3131 10642 -9370 END
START 4136 872 8976 2260 13445 -10753 END
START 3720 1260 8368 4275 14585 -9883 END
START 3212 1348 6596 3621 16913 -10025 END
START -128 1940 6696 3445 18915 -10698 END
START -1572 2116 6468 1881 21020 -11712 END
START -2880 1896 5836 1894 23188 -9885 END
START -7020 3216 5280 19 26069 -8777 END
START -10196 3324 4628 -1818 28290 -7937 END
START -10544 3156 4128 -3178 29428 -5713 END
START -13068 3728 4788 -4628 28186 -4262 END
START -13684 2908 5740 -6884 26180 -4936 END
START -13488 2416 6124 -10286 23932 -6121 END
START -14084 1276 8232 -12231 21798 -6804 END
START -13868 -836 10620 -8720 18367 -4707 END
START -14036 -716 10840 -8652 22805 -1840 END
START -13476 -1164 9944 -10145 24968 -2102 END
START -13216 -2476 11340 -10576 28145 -404 END
START -14848 -2672 12132 -9702 27214 2839 END
START -17548 -1952 14192 -8646 23759 6847 END
START -19268 -2412 15688 -8120 18956 8959 END
START -20536 -2592 18300 -6000 12953 7693 END
START -19200 -4100 20076 -4710 10265 7049 END
START -17420 -2924 22820 -1308 6529 6239 END
START -15540 -1628 27228 1583 9249 4332 END
START -15364 -1708 27208 -2347 13350 -222 END
START -17180 -3124 25528 75 9924 1112 END
START -17608 -2332 25380 900 6197 2872 END
START -17440 -1348 25024 2977 4162 5041 END
START -17788 248 23916 5214 2408 7044 END
START -15356 1020 22452 6299 955 7431 END