START 13472 -5172 12696 4052 5813 -10917 END
START 13300 -5168 13804 5660 8924 -11418 END
START 10632 -3676 13400 4972 13121 -12747 END
START 6212 -3100 12944 5202 15398 -10927 END
START -564 -1452 12024 5376 18807 -9160 END
START -6536 2200 11436 5623 17370 -6824 END
START -12380 6600 15352 4338 15758 -5742 END
START -18872 8524 14980 2794 12824 -5177 END
START -21008 8692 14796 1411 7928 -4816 END
START -20292 8168 13980 1184 3028 -3233 END
START -17772 8956 15360 508 -172 -881 END
START -14468 8412 16512 81 -1020 1407 END
START -12380 7528 14876 -713 -1862 2894 END
START -7476 5832 15136 1244 -1761 5516 END
START -4688 4848 13996 824 -1687 7016 END
START -2264 4224 14356 530 -1907 7489 END
START -484 3388 14384 -661 -1285 7454 END
START 860 2152 14192 -1489 -852 7097 END
START 1916 836 13988 -2227 -777 6650 END
START 1588 -668 14460 -3153 -2171 5473 END
START 2596 -2028 14084 -3265 79 5247 END
START 4108 -2796 15080 -2555 67 4802 END
START 5164 -3460 15188 -2293 698 3541 END
START 6104 -4020 15016 -1077 1932 3079 END
START 6184 -4432 14608 111 3062 2770 END
START 6680 -4364 13364 1287 4748 2771 END
START 7008 -3864 12832 2818 6180 2887 END
START 6504 -3296 12092 3418 8028 2516 END
START 6352 -2932 11244 4261 9668 1974 END
START 6400 -2120 10448 4760 11559 878 END
START 6172 -1576 9612 5225 13928 -453 END
START 6396 -856 8384 6256 16369 -1161 END
START 6372 -188 7696 6593 19329 -1659 END
START 5776 1080 8252 6370 21957 -2246 END
START 4956 1956 10180 5226 24592 -2992 END
START 2996 3616 12760 3169 26819 -4664 END
START 1508 4220 14772 1327 28032 -6849 END
START -120 4188 16936 -344 29529 -8642 END
START -4988 3072 19204 -3506 32367 -11988 END
START -10100 488 19172 -8631 32767 -12751 END
START -18480 680 19796 -5398 30456 -6711 END
START -22980 3452 23692 764 24675 -59 END
START -25320 5764 26032 -705 21527 -310 END
START -26980 10948 24064 2314 9509 -66 END
START -23460 9592 31272 2347 6265 -3735 END
START -20112 6696 28392 178 2928 -4209 END
START -16136 4516 30184 -2465 1948 -4013 END
START -14420 2116 30264 -2895 -1420 -2926 END
START -13264 -112 27676 -1380 -2973 924 END
START -12668 28 25776 1637 -5385 5132 END
START -11952 1452 25248 2535 -7609 6518 END
START -10920 2464 23792 1617 -10043 5815 END
START -10036 3224 22236 1494 -12403 5274 END
START -9372 3440 21184 -596 -13388 3680 END
START -8548 2692 18412 -2389 -14592 1988 END
START -7100 3248 16912 -1575 -15119 2691 END
START -5392 2524 15112 -1516 -14244 3230 END
START -4884 2708 14724 -1010 -14006 3109 END
START -4124 1924 13416 -2306 -15030 2558 END