START 8808 -84 12756 4103 4370 -3905 END
START 10780 316 11944 4665 9719 -5028 END
START 8884 848 12248 2433 14146 -8557 END
START 8272 640 10800 3330 18414 -10947 END
START 6064 -20 8880 2776 23897 -13801 END
START 3916 -1280 6888 2494 28635 -16243 END
START 840 -1964 4956 1137 32701 -18200 END
START -1464 -1876 5600 -371 32767 -17290 END
START -7152 -796 3664 -1747 32767 -14603 END
START -11140 -408 2548 -1940 32767 -8667 END
START -14392 792 1940 -2993 32767 -4961 END
START -19552 4008 2612 -4589 32767 -1317 END
START -21516 5308 2024 -3882 25868 2216 END
START -22280 5916 3708 -3161 17821 2233 END
START -20872 5364 6504 -4765 12443 -774 END
START -18620 4384 9576 -7484 6785 -5689 END
START -13592 2512 11764 -7500 11171 -3926 END
START -12544 1996 13208 -6636 14943 -2603 END
START -12184 1196 13692 -6615 18902 -375 END
START -13836 952 13680 -5175 22112 1811 END
START -14852 612 12956 -4444 23997 3352 END
START -15548 596 13776 -3541 23127 4634 END
START -16420 1220 15508 -3446 20338 4526 END
START -15684 1308 17232 -4691 18196 3413 END
START -15672 248 18404 -5715 17112 1960 END
START -16756 -964 18480 -4975 15037 2680 END
START -17324 -832 17964 -3435 12740 4322 END
START -18220 -224 17924 -965 10036 6426 END
START -18932 304 18008 404 4360 6984 END
START -16760 888 18132 325 -933 6064 END