START 26492 -8604 9952 4582 8827 -11457 END
START 26208 -10304 6920 5064 16035 -14324 END
START 24496 -9760 4528 8654 19429 -12741 END
START 20940 -8568 6508 10262 22087 -11976 END
START 14804 -6804 9420 8130 24924 -10666 END
START 2592 -2240 13012 6598 25225 -8112 END
START -10964 6164 18092 7643 26756 -5266 END
START -15052 12276 21040 7080 21400 -4792 END
START -24552 16160 20908 3433 16145 -7009 END
START -24104 17036 21624 1368 8822 -7316 END
START -20336 15672 21884 -1179 4627 -4824 END
START -15044 13840 21836 -2329 639 -1700 END
START -9164 6900 19224 -5022 -5415 460 END
START -2268 5956 17568 -4622 -8049 567 END
START 3672 2080 17704 -3391 -7404 3017 END
START 4484 3188 20960 -1109 -4450 5889 END
START 6316 3832 20516 -26 -3198 8962 END
START 4740 3976 19428 -876 -1624 7751 END
START 3388 3180 17932 -1312 -893 5630 END
START 3024 1788 16148 -1059 -8 5398 END
START 2348 788 15768 -2146 -396 4885 END
START 3016 -1092 14748 -3573 -1370 3299 END
START 5128 -3128 14260 -3931 -2820 2826 END
START 6856 -4204 14732 -2903 -2831 4194 END
START 7232 -3472 15264 -1729 -1972 5219 END
START 6568 -2564 15676 -1263 -449 4610 END
START 5920 -2304 15876 -482 1170 3477 END
START 4896 -2180 16200 -136 2376 2579 END
START 3912 -2148 16120 191 2969 1862 END
START 2512 -2444 15424 83 2846 1508 END
START 1716 -2684 14520 187 1424 2231 END
START 2064 -1552 15384 122 -1478 4867 END
START 2948 428 17228 -807 -3172 6079 END
START 3800 1960 18676 -2062 -3725 5305 END
START 4636 2060 19296 -3013 -2991 3433 END
START 4848 1272 19164 -2967 -2302 2193 END
START 4616 484 19068 -2140 -1228 1406 END
START 4788 264 18788 -866 -252 1553 END
START 4400 416 18532 1 177 2464 END
START 4148 868 17924 368 16 3565 END
START 3928 1008 17500 411 -562 4703 END
START 3748 1164 17420 -83 -1838 6366 END
START 3540 1272 17276 -639 -3311 8021 END
START 3488 2652 17936 -1625 -4251 8826 END
START 3972 3256 18284 -2869 -4557 8015 END
START 4408 2848 17844 -3761 -4122 6971 END
START 4780 2416 16844 -4318 -4114 6108 END
START 5640 1384 16244 -4293 -4114 5525 END
START 6444 432 16000 -3680 -2917 6046 END
START 6568 116 16316 -3069 -2186 6617 END
START 6852 -564 16160 -3089 -1941 6744 END
START 6928 -2512 16060 -3326 -2458 7128 END
START 6936 -3092 16252 -3635 -3287 8751 END
START 6772 -2612 16636 -4346 -3775 8605 END
START 6608 -2584 17036 -5086 -3810 6962 END
START 6428 -3352 16672 -5102 -3640 6077 END
START 5844 -3396 17512 -5079 -3428 4281 END
START 6856 -5116 17580 -3908 -3889 2559 END
START 8152 -6556 18180 -2630 -3149 809 END
START 8996 -7372 17708 -1572 -2368 -137 END
START 9352 -8372 16112 -354 -1695 -315 END
START 9040 -8920 14620 1116 -1484 1328 END
START 8664 -7912 13856 2770 -956 4185 END
START 8020 -5492 13376 3884 280 5583 END
START 7036 -2908 13044 4007 1752 5374 END
START 6396 -1260 12492 2787 2461 4493 END
START 6196 -820 12408 550 2549 3408 END
START 6152 -900 12452 -2146 3201 1933 END
START 6476 -1560 12012 -4441 3808 754 END
START 6504 -2500 11336 -5426 4227 221 END
START 6660 -3324 10944 -5656 4970 624 END
START 6564 -3488 10444 -5436 5924 1701 END
START 6284 -2892 9700 -5386 7192 2802 END
START 6112 -1856 9432 -4681 7828 4816 END
START 5860 -1248 10468 -5216 8714 5981 END
START 5372 -952 12332 -7898 9118 6242 END
START 3908 -1144 12916 -11692 9921 5049 END
START 2784 -3432 12028 -14285 10099 1754 END
START 2852 -7092 11772 -14252 9207 -476 END
START 3448 -10760 12116 -13951 8608 -1301 END
START 4180 -13736 12984 -13071 8115 -2038 END
START 5764 -17764 16428 -14058 8179 -3599 END
START 3608 -20016 18664 -15245 7817 -7372 END
START 3348 -25780 19884 -12623 7643 -9048 END
START 1984 -28648 19752 -10866 7928 -14492 END
START 2416 -30944 18340 -3845 8135 -18893 END
START 2836 -30848 17820 7284 8364 -17754 END
START 1696 -26000 18136 16990 10519 -12734 END
START -1656 -18384 16812 23602 12155 -9767 END
START -5748 -7624 15372 25280 11565 -9004 END
START -8700 520 14184 23754 10083 -8005 END
START -9920 7384 13416 21042 7735 -7166 END
START -7884 11932 11584 17737 6317 -7500 END
START -5300 14520 8672 14587 5267 -6478 END
START -2252 15884 5732 12587 3919 -4822 END
START -24 16644 3816 11408 5208 -3347 END
START 1536 16360 1696 9964 8953 -1231 END
START 2616 16228 376 7453 12386 1303 END
START 2716 14612 -216 3256 15144 2347 END
START 2752 11904 -1016 -1379 16226 3134 END
START 2380 7660 -932 -5715 17785 4034 END
START 1132 6596 -1136 -7785 19976 4060 END
START 1564 2744 -2220 -6359 24367 7025 END
START -368 1400 2316 -7869 29537 8142 END
START -3344 -2056 5788 -9027 31000 7106 END
START -7612 -7144 14932 -10550 26073 4035 END
START -7644 -14940 25456 -19061 21310 -5517 END
START -9708 -25772 23252 -19762 14828 -18481 END
START -6048 -32084 27856 -6790 5118 -23943 END
START -2936 -29056 32767 -978 5546 -20692 END
START -5924 -21832 32767 3653 13021 -18781 END
START -9172 -13444 32767 13301 16260 -21484 END
START 252 -6432 32712 21173 12578 -23857 END
START -10704 -2964 32767 30124 20830 -7671 END
START -15576 2732 27028 31516 23096 15 END
START -23272 5836 14984 25288 25497 6057 END
START -21080 13588 17256 30527 11496 14359 END
START -16492 17216 17044 17679 -2123 13543 END