START 2404 -3628 14212 2273 -4948 -2238 END
START 3064 -1508 14896 4805 -4764 -2030 END
START 3236 1060 14696 6376 -4758 -3239 END
START 5340 2628 14216 7163 -3799 -3055 END
START 5860 4060 16364 5828 -2509 -3445 END
START 5120 5068 18116 2833 -131 -4212 END
START 2576 5080 17600 -133 3482 -5799 END
START -328 3220 14452 -676 5669 -6209 END
START -2832 2184 12112 2 5309 -4595 END
START -4464 2384 10480 1398 3787 -1384 END
START -4360 3676 10868 2364 2106 1461 END
START -3564 5252 12040 1264 350 2109 END
START -2316 5560 12836 -1254 778 1547 END
START -1496 4528 12912 -2970 1055 561 END
START 1092 2880 12648 -4470 1247 -112 END
START 2416 976 12532 -4339 2022 -377 END
START 3184 -568 13120 -4503 2993 -299 END
START 2956 -1716 13320 -3696 4146 635 END
START 1332 -1864 13448 -2327 4703 2055 END
START -128 -264 14432 -710 4530 2898 END
START -1576 832 15316 -161 4144 1871 END
START 672 612 14824 -853 3291 634 END
START -224 744 16488 -291 2670 467 END
START -724 952 16036 414 2834 1125 END
START -656 860 15612 1004 3275 1835 END
START -688 1336 14676 2108 2792 2569 END
START 564 168 14480 4312 3822 5877 END
START -88 1688 15976 4197 5272 7551 END
START -116 2356 14380 4371 6078 7914 END
START 288 2600 13748 4233 6313 7856 END
START 820 2844 13676 3057 7289 7785 END
START 1632 2504 12572 1656 8261 7259 END
START 2580 2028 11352 651 9091 6336 END
START 3476 1400 9996 -74 10223 5404 END
START 4800 1152 9120 222 11705 5485 END
START 5724 1016 8544 874 13810 5931 END
START 6260 312 9260 1385 15362 5469 END
START 8128 -160 11024 -168 15824 4332 END
START 9168 -1232 12924 -3795 16026 2112 END
START 10476 -3112 12632 -7374 16594 -1252 END
START 11720 -4752 12864 -8793 17466 -4819 END
START 12544 -5768 12820 -7675 20078 -7755 END
START 10644 -3868 15208 -3992 24615 -9402 END
START 7556 -2512 19228 -2709 28867 -10420 END
START 660 -2312 21812 -4716 32670 -9790 END
START -8056 -2416 23576 -9061 32767 -11698 END
START -18440 -4136 21204 -8568 32767 -7373 END
START -26964 -1044 20060 -3318 24891 -338 END
START -27876 3976 21064 2493 14487 5877 END
START -24688 6196 24068 3513 8957 3832 END
START -21620 6168 26904 1732 3799 1087 END
START -15772 3424 28008 -2201 2272 -2159 END
START -10996 -320 27336 -3080 616 -2351 END
START -8500 -1932 26220 -876 -740 277 END
START -6064 -2812 25372 746 -123 2269 END
START -7068 -2812 24320 935 572 2926 END
START -7440 -2104 22212 3783 -607 3617 END
START -6952 -1220 22804 6062 -1320 4449 END
START -7048 32 22396 5677 -1557 3701 END
START -7232 884 21852 4151 -2406 1785 END
START -6504 892 20976 2782 -3221 42 END
START -6200 880 19764 1582 -3926 -1165 END
START -5944 92 18700 1060 -4667 -607 END
START -6748 -564 17976 -183 -5440 500 END
START -7648 -404 17072 -502 -6419 2385 END
START -8868 1428 16972 658 -7512 4306 END
START -9680 2668 16828 990 -8162 3856 END
START -9260 3140 16340 584 -9372 2173 END
START -8080 3000 15968 -610 -10333 464 END
START -6724 2320 15576 -1628 -10786 -376 END
START -5452 1192 15420 -1859 -11248 -81 END
START -4132 264 15120 -1187 -11516 968 END
START -3244 108 15268 -128 -11296 2425 END
START -2692 576 15672 539 -10571 3106 END
START -2392 608 15732 661 -9806 3137 END
START -2084 300 15124 333 -9174 2725 END
START -2184 716 14436 630 -9614 3002 END
START -2352 1876 15116 1652 -10089 3558 END
START -1476 2180 15224 713 -9466 2710 END
START -900 1352 14540 -461 -8540 2179 END
START -580 800 13464 -858 -7155 2222 END
START 2364 -16 13344 -926 -5107 2726 END
START 312 400 12256 1594 -2982 5716 END
START -1028 932 12976 1610 -2190 5766 END