START 12336 -6044 14112 3013 -9634 -639 END
START 13108 -4680 16008 1605 -4767 -4734 END
START 13964 -5076 14788 2209 -843 -7597 END
START 12744 -4356 13984 2586 3497 -11329 END
START 10980 -5860 11252 3962 6853 -12866 END
START 7972 -6428 9352 6374 8824 -10852 END
START 4116 -4820 8400 9158 9284 -6439 END
START 188 -772 10040 10458 9845 -2970 END
START -3584 3680 12680 8929 10136 -1617 END
START -10484 8248 15704 7348 12455 -2110 END
START -12532 10952 14340 3950 9451 -4214 END
START -12924 11136 14776 -84 7501 -6090 END
START -13544 9532 13100 -549 5619 -6168 END
START -12076 8176 12256 225 1648 -3988 END
START -9728 6824 12592 246 -92 -1030 END
START -6648 6748 13580 172 -867 1899 END
START -5224 6068 14100 1164 -1156 5807 END
START -3700 5728 12796 467 -767 7041 END
START -1936 4896 12476 278 -1103 7457 END
START -24 3976 13124 -99 -240 7451 END
START 1236 3340 13380 -518 1187 6678 END
START 2220 1944 12520 -1415 3043 5761 END
START 1192 424 11932 -1957 3943 4743 END
START 3860 -2244 9848 -1187 4518 4754 END
START 4572 -3280 10548 -1394 4978 4415 END
START 5516 -3988 11436 -1187 5869 3566 END
START 7648 -4900 11380 -797 6747 2761 END
START 9772 -5672 11056 -171 7845 2023 END
START 9968 -5392 10816 836 10334 1509 END
START 9872 -4916 9516 2728 12898 973 END
START 10704 -3840 8936 4360 15495 663 END
START 10160 -2196 9328 5612 19887 -1232 END
START 7900 -384 9620 6940 25076 -3773 END
START 6624 356 10720 6230 29458 -6402 END
START 3280 616 12740 4115 32750 -7237 END
START -4056 1808 15568 1424 32767 -5598 END
START -5972 2252 16296 -1053 32767 -4451 END
START -14928 2304 18884 -3215 30458 -4866 END
START -20372 4572 21988 -1265 22602 -4534 END
START -23104 6428 27352 2281 15154 -3963 END
START -21012 6256 29880 -2829 12891 -6385 END
START -24216 6576 32767 -2316 4727 -7713 END
START -16924 5264 32767 46 4270 -5466 END
START -14188 2460 30920 2347 2280 -2729 END
START -10928 1428 29724 4230 314 624 END
START -9308 2436 28952 6576 -1711 3910 END
START -7336 3940 28520 7377 -3193 5022 END
START -6736 4148 25796 6381 -3620 5463 END
START -6012 4248 25456 3680 -4035 4418 END
START -5724 3104 23228 1428 -5205 3613 END
START -5040 2692 21492 -473 -6183 3103 END
START -5916 2272 20272 -1340 -6724 2380 END
START -5284 1680 18808 -136 -8373 2765 END
START -4140 2464 19092 -305 -9478 2422 END
START -3516 2904 18996 -527 -9022 1838 END
START -2920 2344 18476 -1603 -7456 1037 END
START -2780 1916 16944 -1199 -7081 1420 END
START -1936 2892 16448 -889 -6069 1655 END
START -3716 1944 16116 -1172 -5210 2276 END
START -3216 1908 14424 -1056 -5437 2681 END
START -3784 2112 13816 -211 -6082 3612 END
START -3304 2916 14260 280 -6347 3784 END