START 13148 -5256 17968 1072 -5516 -4412 END
START 13524 -4072 17948 2250 -2837 -5452 END
START 12640 -4008 17040 2487 556 -7850 END
START 12692 -4620 15204 2641 3572 -11096 END
START 13120 -5496 13976 3252 6161 -13286 END
START 12208 -5592 11688 4626 8922 -13617 END
START 9108 -5240 10392 6024 10779 -12545 END
START 508 -2100 13936 8193 17356 -9455 END
START -2780 3608 12504 7643 14425 -8895 END
START -10708 8652 15548 6200 13877 -7308 END
START -17360 13056 17944 2049 16784 -7042 END
START -22672 13348 14640 -2591 11367 -7797 END
START -23708 11004 12996 -4349 5279 -6728 END
START -23184 8592 12520 -5767 -1321 -1639 END
START -20316 8964 13048 -6719 -6763 2874 END
START -11888 7080 15000 -3316 -6666 6801 END
START -6420 5224 13580 -4227 -7396 6851 END
START -2508 4300 14184 -3485 -5804 5258 END
START 700 2196 14152 -1348 -4787 6272 END
START 1000 812 14424 -1530 -3018 7247 END
START 1740 700 13352 -1856 -1395 7293 END
START 2464 -924 12492 -262 -192 7513 END
START 2500 -1396 11952 -1089 898 6505 END
START 2868 -2096 11772 -648 1223 6323 END
START 3804 -2184 12088 -627 1484 5391 END
START 4956 -2376 12484 -499 1556 4495 END
START 5936 -2592 13548 -708 1833 3481 END
START 6960 -3124 14824 -837 2305 2935 END
START 7944 -3772 14856 -1636 2234 1716 END
START 8416 -4512 15064 -1242 3762 793 END
START 7932 -5004 14712 -309 5193 -457 END
START 8216 -5356 13392 1105 6756 -1405 END
START 7424 -4884 12764 3092 8552 -1725 END
START 7004 -3812 11520 5035 11151 -1973 END
START 6768 -2080 10472 6352 14013 -2150 END
START 6332 -264 9512 7455 16728 -1970 END
START 6404 1776 8836 7921 19490 -1556 END
START 5484 3656 8296 7548 23547 -983 END
START 4344 5096 7848 6746 26550 -443 END
START 2868 6628 8292 4916 29581 -821 END
START 1296 7932 9420 2257 32301 -2048 END
START -1316 8484 11292 -672 32767 -3917 END
START -3084 8240 12968 -2857 32767 -6257 END
START -6428 8936 15468 -4689 30585 -13532 END
START -8780 3720 16432 -10491 32767 -17802 END
START -14804 -2404 23028 -10610 29150 -20340 END
START -21504 -6656 31260 -24528 32767 -27067 END
START -27292 -12500 26156 -11111 24344 -13651 END
START -27464 -7632 30472 -1142 14546 2397 END
START -17868 -5816 27916 8911 10443 9137 END
START -25144 -624 27160 4900 5119 11022 END
START -22824 2656 31148 5408 -90 8551 END
START -17756 2352 28728 4541 -5349 2859 END
START -15432 2384 27180 1078 -8938 -883 END