START 2308 -2652 13024 -2712 -2778 -2239 END
START 2100 -2852 12972 -2829 -312 -2761 END
START 1860 -3240 13432 -1642 -668 -2086 END
START 2624 -3416 13248 -1336 -85 -671 END
START 2380 -3704 12776 -1105 -566 1030 END
START 2456 -3576 12352 -1215 -1492 2222 END
START 2116 -3480 12584 -2174 -2052 2539 END
START 1940 -3812 12040 -3231 -2038 1709 END
START 2808 -4028 12260 -2746 -1548 353 END
START 4032 -4064 12108 -2345 255 -1411 END
START 4668 -4868 11544 -406 2669 -2770 END
START 4880 -4808 11112 733 5172 -3179 END
START 4744 -5820 8836 965 6066 -3031 END
START 4980 -6648 7172 1573 5530 -1505 END
START 4620 -6704 6516 1996 5252 297 END
START 4160 -5452 6528 2264 5997 1032 END
START 3780 -4344 6056 2331 7799 764 END
START 3240 -3116 4968 2503 9685 144 END
START 2960 -2620 5020 2923 12088 -952 END
START 3600 -1908 4064 3265 15113 -1514 END
START 3536 -1248 3416 4429 18488 -1267 END
START 3184 -604 4472 4158 20440 -542 END
START 2036 -468 5900 2396 20727 295 END
START 700 -232 9628 508 18756 1141 END
START -884 -336 13544 -1673 16998 -207 END
START -4172 -1828 17328 -3496 15654 -2899 END
START -1680 -1364 23100 -3300 14632 -3049 END
START -2524 -1040 30300 -2870 11759 -5314 END
START -416 -2084 32767 447 9916 -3400 END
START -116 -1708 32767 -319 8792 -2516 END
START -1392 -456 32767 -3996 7758 -4214 END
START -3444 -1044 32767 535 6544 -1738 END
START -4816 -532 32767 4288 4430 309 END
START -5944 -848 32767 4507 2579 1807 END
START -6072 1584 32767 3952 -377 2590 END
START -6012 2928 31804 2939 -3616 2182 END
START -5016 3316 29296 1254 -5468 1708 END
START -3248 2920 26496 278 -6128 1427 END
START -2052 2016 24288 -543 -6079 1014 END
START -1436 728 20744 -1697 -5463 955 END
START -788 -152 18160 -1089 -5746 1817 END
START -56 -1328 15904 -1195 -5884 2772 END
START 84 -2076 13916 -2000 -5954 3625 END
START 32 -1840 12808 -2064 -6409 4300 END
START 8 -1412 12704 -2417 -6117 4279 END
START -228 -1472 12412 -3208 -5335 3072 END
START 32 -2528 11904 -3278 -4647 2044 END
START 600 -3392 11516 -2821 -3939 2134 END
START -972 -3460 11604 -2577 -2702 2443 END
START 724 -4680 10692 -2522 -2530 2475 END
START 544 -5764 9932 -2311 -2090 3198 END
START 428 -5512 9844 -1161 -2400 4609 END
START 524 -4540 10952 -197 -2568 5518 END
START 936 -3748 11576 -105 -2565 5042 END
START 1644 -3420 12160 -288 -2719 3738 END
START 2632 -3516 12860 -305 -2588 2159 END
START 3936 -4164 13320 -16 -1531 683 END
START 4848 -4868 13004 589 -281 -169 END
START 5164 -5180 12828 1398 670 -254 END
START 5304 -5116 12856 1980 1173 -10 END
START 5224 -5016 13108 2093 1633 17 END
START 4780 -5072 13608 2117 2132 -20 END
START 4068 -4520 13984 2133 2486 -188 END
START 3372 -4220 14248 1713 2612 -1076 END
START 3212 -3976 14504 1063 2749 -2727 END
START 3268 -4308 14412 853 3697 -4330 END
START 3460 -5188 13208 1098 5052 -5581 END
START 3580 -5724 11620 2133 6437 -5728 END
START 3568 -6272 10040 3507 7839 -4470 END
START 3708 -5540 8948 5576 9149 -1306 END
START 3072 -2904 8384 6927 10977 1426 END
START 2308 -196 7648 6890 13093 2259 END
START 2264 1624 6776 6062 15523 2444 END
START 92 3384 5692 4714 17249 2126 END
START 1512 4012 3512 3694 19589 1801 END
START -172 5516 2740 1413 22670 1053 END
START -440 5532 852 26 24614 1072 END
START -1484 4916 1528 -816 25705 684 END
START -2796 3668 4256 -2333 24467 -144 END
START -4924 2176 8756 -5261 23947 -784 END
START -6116 596 13324 -5317 24095 -334 END
START -7196 -1612 16368 -7497 25379 -2558 END
START -9852 -2464 20484 -5815 23959 -3555 END
START -13540 -2428 27656 -1793 21155 -2225 END
START -18740 -3484 32767 -296 17494 -2572 END
START -20784 -5908 32767 -901 14018 -3807 END
START -23672 -2448 32767 1002 5803 -4176 END
START -20644 -3792 32767 7005 3007 2878 END
START -17808 -1912 32767 8036 4284 5715 END
START -18420 -1024 32767 9243 2984 4398 END