START 5844 -588 20552 640 -10114 -886 END
START 6644 -2012 20496 -2104 -9694 -3700 END
START 9224 -4756 18368 -1988 -9696 -5821 END
START 10052 -7548 17656 -291 -9205 -7184 END
START 13160 -8720 17284 2463 -11130 -7281 END
START 12360 -7796 19608 3618 -10126 -7720 END
START 12048 -6956 19524 3436 -7336 -9249 END
START 11604 -5872 17160 5500 -3872 -11439 END
START 10048 -3716 12508 9301 774 -13745 END
START 8172 -1504 7900 12754 4871 -15065 END
START 6336 232 5632 14324 8829 -14393 END
START 3620 1500 3148 16171 8847 -9927 END
START -5644 6236 7576 16805 14984 -3328 END
START -10120 11072 6164 10604 14169 -343 END
START -15956 15496 6488 6047 14102 2857 END
START -20084 18332 5488 261 12377 3095 END
START -22060 18212 4944 -3672 8527 -117 END
START -20952 14260 2396 -8226 3707 -3337 END
START -16356 10392 2728 -9553 -957 -1126 END
START -11268 7444 5116 -9151 -2451 3516 END
START -7128 5136 8132 -9252 -1872 6590 END
START -4384 3180 9308 -9790 125 8039 END
START -2432 944 8692 -9230 2151 8861 END
START -992 -644 8136 -8037 3694 8586 END
START 592 -1956 8004 -6451 5204 8297 END
START 2280 -1944 7492 -4925 7110 8526 END
START 4228 -2108 7020 -3568 9338 9263 END
START 6408 -2068 6392 -2480 11625 10163 END
START 10136 -2948 5616 -2310 14178 10059 END
START 12048 -4508 4548 -2187 14895 9549 END
START 15320 -5812 7828 -2699 15843 7547 END
START 17504 -6996 12532 -2246 19375 5668 END
START 15788 -6260 15676 -6226 26994 -993 END
START 12928 -6296 14432 -7253 32767 -8781 END
START 7600 -7800 11928 -3559 32767 -14488 END
START 1412 -7492 11492 2685 32767 -15625 END
START -5672 -7072 18084 8943 32767 -10066 END
START -18192 -2832 29364 5692 32767 -4212 END
START -28020 1048 28980 358 32767 688 END
START -32768 3788 31656 -7290 28938 -21 END
START -32768 6956 32088 2123 17393 7495 END
START -30220 5428 28052 10514 12622 2945 END
START -27080 6552 28912 6856 -63 4175 END
START -19988 9392 32767 9656 -4330 2422 END
START -13816 5568 32767 6961 -7856 805 END
START -10416 4796 32767 5696 -5672 4222 END
START -8544 3864 30288 3696 -3227 6658 END
START -8268 2408 25104 3602 -1765 7771 END
START -6404 1828 23516 4119 -3007 7539 END
START -6032 520 22052 1800 -3235 3826 END