START 10132 -4112 17864 1917 -1432 -7818 END
START 9056 -3104 17308 3968 1317 -8086 END
START 7124 -3716 14844 4193 3997 -9754 END
START 6068 -3980 13192 6317 6311 -9249 END
START 3776 -3524 10872 8302 8673 -7344 END
START -4712 492 11416 10642 12825 -4317 END
START -6640 4636 8752 10572 12727 -1872 END
START -11816 8968 9076 9246 11979 805 END
START -17280 12772 9656 5754 8247 1023 END
START -19908 13056 10176 -290 3985 -770 END
START -20028 11748 9596 -4428 85 -770 END
START -18468 10044 9396 -6862 -3408 1153 END
START -14964 7652 9900 -8283 -5094 2996 END
START -10504 4796 9212 -7082 -6092 4888 END
START -6948 2956 9628 -5240 -5631 6329 END
START -3660 1768 10116 -3259 -4584 7566 END
START -860 1032 10376 -1491 -3067 9091 END
START 1016 496 10512 -633 -1570 10056 END
START 2688 -524 10192 -255 614 10975 END
START 3532 -1384 9576 -85 1981 11589 END
START 4080 -1756 9264 -918 3140 10871 END
START 5896 -2840 8296 -2326 3181 9038 END
START 6796 -4272 7628 -3065 5233 7685 END
START 6848 -5384 7016 -2931 6556 6702 END
START 9108 -5216 5732 -1752 8633 6028 END
START 10652 -5348 5480 618 12376 5787 END
START 11740 -4452 6740 4159 16101 6108 END
START 11684 -2928 8196 5523 20887 5035 END
START 10672 -2016 11464 5626 24715 2521 END
START 8012 -1392 15824 2065 29688 -2514 END
START 5176 -2932 16200 -16 32767 -6371 END
START 1772 -4236 16192 -52 32767 -10311 END
START -3364 -4964 15568 644 32767 -14476 END
START -6476 -7316 20040 3553 32767 -15796 END
START -13808 -5788 24244 6843 29800 -10877 END
START -20476 -2236 27008 3949 29998 -2680 END
START -26512 2112 29752 4650 26068 1758 END
START -32468 3892 28428 5748 15791 5133 END
START -28200 7176 28968 8585 8988 8634 END
START -25260 8588 28376 10641 1613 7956 END
START -21780 9868 29572 6748 -4056 3258 END
START -17328 8732 28908 3394 -8689 -456 END
START -12252 6888 27468 1858 -11612 -881 END
START -9120 5256 26336 1101 -11571 296 END
START -7192 4580 25160 1754 -10561 2138 END
START -6008 3908 23324 3616 -9414 4288 END
START -5872 3780 21964 2983 -7971 5562 END
START -5924 3892 20740 1639 -8076 5601 END
START -6076 3928 20076 1004 -8560 6079 END
START -5856 4092 19532 -579 -8896 5666 END
START -5392 3840 18548 -2093 -9465 4672 END
START -5056 3452 18456 -3369 -10211 3348 END
START -4396 2904 17832 -4344 -10181 2042 END
START -3780 2312 16924 -4601 -10364 1222 END
START -3556 2176 17316 -4564 -10402 840 END
START -3264 1644 17512 -4546 -10173 1232 END
START -3252 1528 17168 -4393 -9963 2203 END
START -3708 1340 16704 -4635 -10195 2643 END
START -3784 1360 16396 -3735 -11201 3940 END
START -3948 2396 17104 -3336 -12072 4641 END
START -3712 2948 17740 -3595 -13158 3601 END
START -2968 2888 18040 -4378 -13247 1662 END
START -1680 2740 18180 -4447 -13517 843 END
START -924 2312 17804 -4172 -13165 520 END
START -288 2128 17788 -3880 -12917 708 END
START 8 2112 18540 -4158 -12654 1005 END
START -44 1524 17980 -4895 -12159 892 END
START 320 868 16928 -4434 -12297 1527 END
START 692 376 16148 -3683 -12626 2221 END
START 2108 60 15564 -1996 -13059 3071 END
START 3132 444 15668 -1059 -13130 3585 END
START 3712 676 15968 -1099 -13321 3363 END
START 4932 1020 16844 -1779 -12927 2297 END
START 5700 824 17656 -2753 -12063 947 END
START 6432 212 17588 -4014 -10327 -1181 END
START 7352 -1412 16084 -4561 -9284 -2897 END
START 9652 -4360 13600 -3503 -9171 -3700 END
START 11924 -6992 11380 -1457 -8499 -2968 END
START 12928 -7976 11128 1032 -7574 -885 END
START 13772 -7220 11336 3725 -7095 1107 END
START 11748 -4768 12452 4596 -3690 2227 END
START 11856 -3004 12208 3684 -2850 -838 END
START 11052 -2368 12220 3055 154 -4779 END
START 10888 -2052 11228 3062 2892 -8523 END
START 11320 -1900 9676 3686 6810 -11237 END
START 10304 -1900 8640 4870 8945 -11780 END
START 7608 -1628 9324 3941 12686 -13279 END
START 916 -1540 10232 2169 14698 -12206 END
START -7164 2328 12264 2063 16224 -7616 END
START -14284 8888 13652 1193 16707 -822 END
START -25152 16044 15928 -1185 13981 301 END
START -31112 16652 15012 -3413 8947 -1593 END
START -27544 11660 11372 -6604 -2008 -5637 END
START -19520 7300 12176 -7055 -9747 -3155 END
START -6424 4504 11148 -5757 -12256 -646 END
START -4536 3116 14156 -2723 -10404 2308 END
START -88 632 12328 324 -8495 3625 END
START 1452 -260 12484 1494 -5102 4463 END
START 2996 -1804 10764 3933 -2209 5703 END
START 3772 -2024 9364 5718 1631 6201 END
START 4876 -2356 7508 7647 4079 7107 END
START 4868 -1840 7664 8175 6415 8051 END
START 6184 -1836 6440 7852 8922 8097 END
START 7280 -972 4752 7411 10046 7536 END
START 8736 -588 4644 6416 12112 6802 END
START 9564 -340 4252 4803 14990 5864 END
START 8212 -124 4796 4316 18154 5354 END
START 8660 -96 6324 2684 20866 3363 END
START 7720 -8 9664 626 23746 160 END
START 6672 -256 12272 -3441 26763 -3578 END
START 5292 -952 12964 -5172 29173 -7394 END
START 2936 -1052 14664 -4520 30954 -11578 END
START -516 -2956 16976 -3022 32767 -16582 END
START -7472 -4672 20444 -1181 32767 -17979 END
START -14220 -4404 25540 828 25661 -13392 END
START -22812 1004 32600 -1474 27135 -4885 END
START -28536 4144 31088 3010 19132 3409 END
START -17864 2872 25572 7861 18002 -1048 END
START -25164 5292 28280 4382 7855 2150 END
START -21716 8060 31604 6667 407 1358 END
START -15056 6036 30240 5062 -1719 -907 END
START -10132 5056 28736 4647 -5025 1165 END
START -6912 4600 27580 4526 -3828 4127 END
START -6632 4624 26620 4508 -2346 5812 END
START -6956 4984 23372 3743 -1074 7254 END
START -6236 6144 22672 2926 1146 6762 END
START -7320 5748 21296 2012 1119 5738 END
START -8704 4668 20248 -330 -361 3882 END
START -7448 4072 18724 -2682 -2502 1423 END