START 16592 -5364 10924 7159 6617 -11015 END
START 15032 -4596 10452 7521 12169 -12412 END
START 9764 -4496 9768 4828 16240 -13480 END
START -460 -2440 12348 3533 17589 -9729 END
START -8024 2408 13928 3366 19286 -2932 END
START -15768 9580 16488 1628 14479 -38 END
START -20992 14416 18428 -1777 12106 -2872 END
START -23076 12892 14832 1133 5391 -1323 END
START -20916 15004 16032 3993 -1344 2503 END
START -15636 15004 17696 2493 -4288 5600 END
START -10368 13040 17504 4301 -5185 9199 END
START -4376 11300 18016 395 -4545 11937 END
START -2024 9384 17944 -1052 -4485 12400 END
START 384 6272 16668 -3335 -3699 11729 END
START 1792 3564 15540 -4267 -3131 11439 END
START 4328 1200 15016 -4078 -2942 10977 END
START 6524 -408 14392 -3774 -2068 11016 END
START 7868 -1328 14320 -3125 113 11641 END
START 10824 -1660 14400 -2450 1450 12081 END
START 9868 -1284 14120 -2565 3385 12906 END
START 10040 -2072 13256 -3336 4590 12853 END
START 10256 -2248 14004 -4645 5537 12283 END
START 10004 -3096 13204 -6359 6958 11263 END
START 9772 -4256 12424 -6599 7467 10514 END
START 8892 -5688 12452 -6951 8315 8513 END
START 9364 -7444 12408 -6648 7818 5672 END
START 10612 -9040 14276 -6376 7929 3488 END
START 10096 -10052 15464 -6477 9541 1134 END
START 9936 -11348 16496 -4865 10888 1008 END
START 8348 -12236 16992 -5186 12480 -1775 END
START 6684 -13512 18336 -5461 13194 -6186 END
START 4916 -15496 18500 -4948 13375 -11518 END
START 3568 -18956 16736 -1791 13835 -16062 END
START 2824 -20856 15352 4599 13345 -17744 END
START 1440 -19652 15084 11562 13679 -16964 END
START -672 -16080 14576 17550 14248 -16152 END
START -3216 -11160 14760 21445 14753 -17519 END
START -6884 -5560 14504 22097 17015 -18775 END
START -12272 328 11684 21581 19979 -17883 END
START -16332 4672 7184 21154 21025 -13627 END
START -20224 10764 1920 21524 21425 -4981 END
START -17420 17872 -684 19455 19147 4179 END
START -13816 24092 -292 16278 16531 7973 END
START -8804 25908 3680 6627 18356 3914 END
START -5320 22332 4516 -1599 18782 -994 END
START -3108 17380 7968 -10491 20061 -2966 END
START -2500 11548 12816 -17218 21834 -2583 END
START -6672 7064 16004 -22484 23746 -4395 END
START -8136 -348 17936 -24340 23562 -8160 END
START -12580 -4812 22560 -15645 17802 -15624 END
START -14208 -6484 27672 -10504 15232 -25989 END
START -14612 -6348 32767 -1173 5653 -26800 END
START -14004 -7700 32767 2304 1811 -24697 END
START -11156 -12400 32767 684 7249 -19150 END
START -13208 -6028 32767 5495 7157 -8547 END
START -14644 -4688 32767 21133 3837 6394 END