START -5900 2580 18140 7706 12057 -5933 END
START -13224 5360 16604 7926 10961 -3246 END
START -18404 8328 16016 7775 6467 -737 END
START -18900 9956 14344 7612 588 3260 END
START -17172 11760 15580 5462 -4138 7495 END
START -12540 12780 16380 4620 -8127 7276 END
START -8468 11308 16480 -457 -10597 4357 END
START -4416 8760 15396 -3282 -11442 1758 END
START -448 5564 13908 -1923 -10693 2292 END
START 1448 3384 11616 -1074 -9547 3943 END
START 3416 2528 11368 42 -7564 4839 END
START 3888 2032 10876 1728 -5461 6574 END
START 5264 1996 10484 2034 -3372 7937 END
START 5816 2044 10116 1658 -1504 8303 END
START 5836 1700 9916 -149 370 6643 END
START 6260 620 9156 -1552 1543 4978 END
START 6320 -516 8424 -2758 2859 3385 END
START 6600 -1744 7612 -3391 4420 1881 END
START 6600 -2544 7216 -3590 6541 310 END
START 6612 -3128 6060 -3185 8866 -1144 END
START 6796 -3948 5028 -1863 11381 -1751 END
START 6496 -3844 4092 -396 13770 -1862 END
START 6624 -3248 3296 1147 17005 -1700 END
START 6372 -2820 3780 2471 20368 -1410 END
START 5680 -1528 3824 3295 23412 -2073 END
START 4916 -1772 4868 3979 26877 -2543 END
START 2432 -1148 8688 2761 29711 -2997 END
START 268 -792 9364 876 32063 -5483 END
START -776 -1860 9968 247 32514 -7834 END
START -5060 -1240 12056 1635 31340 -9401 END
START -7360 -836 15908 4158 29791 -7512 END
START -10512 2740 22060 4989 27736 -4975 END
START -14720 6544 27160 5491 25385 -3721 END
START -16744 8692 32767 3458 23232 -6615 END
START -19136 6808 31468 -1182 19620 -8303 END
START -16260 5124 32767 1813 15175 -6909 END
START -19416 3620 32767 5214 9083 -1622 END
START -18804 6712 32767 7496 5694 3124 END
START -17604 9152 32767 8443 1193 5311 END
START -15948 9956 32767 5536 -1522 3793 END
START -14364 8540 32767 3026 -3619 2406 END
START -12628 7144 29416 2180 -5780 2779 END
START -10900 6304 26012 1366 -7614 3649 END
START -9412 6028 24216 -150 -9100 3745 END
START -8960 5816 22256 -1642 -10095 3594 END
START -8144 5384 20944 -1262 -12065 4395 END
START -5184 4824 19032 -4345 -11842 3266 END
START -5100 4532 17980 -4866 -11769 2592 END
START -4564 4352 16920 -5409 -11235 2202 END
START -5880 3944 15376 -5814 -10563 1651 END
START -5344 3048 13620 -5396 -10704 1426 END
START -3944 3148 13164 -4844 -10037 1525 END
START -4132 2568 12828 -3287 -9399 2062 END
START -3564 2996 13524 -3068 -9571 1560 END
START -2904 2252 13400 -2882 -8458 1211 END
START -2188 1376 12388 -3071 -9224 2237 END