START 20712 -5576 8336 -1015 -311 -4918 END
START 21120 -3712 8680 543 5155 -5040 END
START 20732 -1464 8332 2205 11044 -6657 END
START 19164 -236 6976 2688 18846 -10525 END
START 15016 -1720 5032 1241 24600 -14150 END
START 5960 -5480 3572 -2352 26795 -13239 END
START -7232 -5156 4460 -1955 30946 -3390 END
START -24420 364 7520 -154 22047 1244 END
START -32768 12792 15580 -3022 20584 1547 END
START -32768 12284 16848 -8100 11887 -6042 END
START -32768 5052 14504 -11581 691 -7607 END
START -32168 2416 15320 -10200 -6831 -1416 END
START -22648 -412 16572 -7323 -9950 3764 END
START -11916 -2756 17040 -2021 -9954 9132 END
START -4496 -5000 16660 3033 -12564 8915 END
START -3980 -1036 16636 4880 -7835 12607 END
START -1564 -392 16308 6585 -6410 13848 END
START 740 -1508 14876 7456 -6858 15660 END
START 692 -1496 14712 5407 -6044 15824 END
START 764 -1000 14296 2288 -7377 16519 END
START 2384 -2316 13180 -2127 -10326 13651 END
START 6756 -5192 13224 -4597 -12289 8767 END
START 11196 -7996 14184 -4764 -12827 4399 END
START 17628 -9588 14580 -1731 -12416 3938 END
START 18952 -8220 15100 880 -7579 3627 END
START 18152 -6520 15112 3472 -2030 3806 END
START 15700 -4328 13572 5620 1961 4521 END
START 13272 -5172 13340 5873 3926 5217 END
START 9936 -5008 13968 5155 3889 7131 END
START 7276 -4028 14356 3119 3461 6802 END
START 6416 -3084 14112 875 1682 4124 END
START 7828 -3380 13636 -717 -678 630 END
START 10624 -4316 12904 -797 -1709 -1142 END
START 13080 -4348 12728 -1069 -690 -1331 END
START 13616 -3416 11948 -1281 1535 -829 END
START 14656 -3584 11784 -1096 3972 -2343 END
START 13572 -4164 11684 -27 6574 -4810 END
START 12392 -5496 10252 1153 10181 -5923 END
START 11116 -7312 7836 2255 12192 -5345 END
START 10528 -6808 6760 4313 12725 -2655 END
START 10276 -4696 6940 5933 13934 -588 END
START 9388 -2000 7592 5493 17452 -268 END
START 9144 480 6764 4426 20225 -1724 END
START 8684 2096 6452 2760 22327 -4504 END
START 8244 2380 6064 1021 24935 -8486 END
START 7596 1008 6988 53 28383 -12353 END
START 6144 276 9132 -188 32767 -16223 END
START 4652 -304 11672 807 32767 -18547 END
START 3152 236 16196 907 32767 -18058 END
START -3756 1920 18640 4355 32767 -18434 END
START -9688 732 21828 5601 32767 -19621 END
START -14220 -4396 17696 2543 32767 -20525 END
START -24668 -11312 18892 766 32767 -17325 END
START -32768 -10796 17872 4750 26020 692 END
START -32768 1228 24772 15141 8632 20191 END
START -32768 21516 32767 4769 -9650 19389 END