START 10296 -4668 15556 1283 -7633 -6201 END
START 11544 -4560 13664 2803 -4448 -7887 END
START 11132 -3444 12588 5138 -813 -7748 END
START 10604 -2372 12512 6000 2907 -8310 END
START 7548 -928 12360 5886 6518 -8570 END
START 3448 312 12144 5970 9194 -7580 END
START -1208 2668 12160 5761 12233 -5642 END
START -7388 5432 11756 5821 13435 -2500 END
START -13404 6396 11452 3847 12825 731 END
START -17912 9912 10708 3407 10092 1559 END
START -17704 10528 8296 1486 6643 2812 END
START -14692 9844 8352 -143 1018 3638 END
START -10664 8244 9528 -2254 -3256 3643 END
START -5872 6092 11292 -4886 -4302 2925 END
START -4260 3684 12248 -6028 -5307 2499 END
START -552 1812 11940 -6235 -3038 2745 END
START 916 432 11952 -5455 -1860 2845 END
START 1936 -960 11520 -4673 386 3206 END
START 2784 -1832 10584 -3232 1810 4254 END
START 3472 -2204 10008 -1570 3728 5886 END
START 4180 -1936 9488 129 5229 6847 END
START 4836 -2016 10268 1076 6116 6782 END
START 5988 -1532 10616 1164 6280 5698 END
START 7212 -2424 11244 517 7811 4568 END
START 7904 -2448 12396 -602 9151 3771 END
START 8536 -2880 11952 -1624 11374 2192 END
START 8952 -3280 11036 -1737 13151 347 END
START 7908 -4000 10216 -249 17221 -197 END
START 6584 -2912 10920 1715 20400 -1152 END
START 5544 -2048 11668 3384 24787 -2933 END
START 3960 -836 12464 4915 29032 -4061 END
START 2464 -76 13376 5730 32314 -4893 END
START -1056 668 15016 4851 32767 -5130 END
START -8652 1940 16632 4372 32767 -4451 END
START -13008 1584 17856 2587 31490 -1833 END
START -15604 2116 21152 -8898 31065 -3536 END
START -21620 2468 20876 -4697 24719 -93 END
START -22792 4108 21836 -3422 17923 2846 END
START -20480 6112 22964 -2533 11029 2335 END
START -17716 4192 28176 1293 6181 2987 END
START -15204 4572 29568 -769 2910 -17 END
START -13048 3320 31104 -2412 1456 -2357 END
START -10336 852 31212 -2018 231 -2453 END
START -9368 -1688 28500 -480 550 636 END
START -8892 -1816 27820 1053 2 4158 END
START -8736 -820 26108 375 -372 4023 END
START -8784 -1316 24100 1726 -2298 5075 END
START -8668 -232 23540 2133 -3743 5710 END
START -8044 320 22068 1373 -4794 4717 END
START -7912 1444 21332 955 -6469 2776 END
START -5896 1308 20892 -132 -6380 1111 END
START -5316 1232 20172 -662 -5978 -479 END
START -7288 1536 19404 -1095 -6274 -1226 END
START -6392 552 17808 -1527 -7129 -1638 END