START 11656 -6888 17592 -3014 -8031 -6474 END
START 13728 -8712 14720 -903 -6079 -8660 END
START 14312 -8124 12940 3950 -2889 -8785 END
START 13928 -6332 11892 9172 79 -7459 END
START 10904 -2280 13680 11434 4677 -7401 END
START 6812 1104 12856 12626 10572 -9271 END
START 2732 3308 12432 11862 14010 -9992 END
START -4388 4580 12324 10648 16577 -6751 END
START -12964 9536 13420 7833 18172 -5498 END
START -17852 10216 9284 4649 14710 -2671 END
START -19240 11144 8620 1874 7697 221 END
START -19000 12016 7952 1450 1104 2707 END
START -15504 12484 9276 -1796 -4372 2794 END
START -9832 10004 10420 -5624 -6935 1480 END
START -3900 6340 10600 -7504 -7051 399 END
START -884 4288 10740 -7518 -6290 -169 END
START 2452 1380 9656 -5879 -4738 991 END
START 4248 272 10508 -4276 -2632 2260 END
START 5216 -332 10328 -3122 761 3413 END
START 5388 -1148 9812 -2368 3008 3508 END
START 5368 -1568 9564 -1558 4577 2927 END
START 5536 -1848 9812 -1119 6579 2609 END
START 5540 -1816 9460 -682 8433 2021 END
START 5976 -2016 9412 265 10542 780 END
START 6216 -1856 8652 1400 12618 217 END
START 5752 -776 9336 3313 15808 918 END
START 4968 472 8220 3994 18682 1005 END
START 4376 1376 8292 4626 21235 975 END
START 3388 2264 9200 4896 23005 970 END
START 1584 3360 10916 2982 25233 209 END
START -236 4036 12044 653 27344 -1527 END
START -1652 3504 12568 -1405 28931 -4015 END
START -4260 2712 13236 -1903 29283 -5611 END
START -5700 1948 15092 -1610 28692 -6975 END
START -6436 2128 16844 -557 27300 -5984 END
START -9948 3952 18560 953 24204 -4173 END
START -10272 4752 21512 2424 20741 -566 END
START -13476 7476 26908 196 20659 -2633 END
START -14848 6636 28760 -6236 16313 -7131 END
START -15496 4716 32767 -7530 12982 -9959 END
START -17536 1480 32767 -7599 8159 -9431 END
START -16016 -176 32767 -2536 4820 -5516 END
START -14708 -396 32767 968 1483 -1245 END
START -12488 -1692 32348 7158 -1472 5330 END
START -12796 2652 31988 6628 -3508 5924 END
START -12176 3340 28708 3612 -4558 3743 END
START -10440 3024 26596 3738 -7272 4571 END
START -9552 2912 24128 2505 -8625 4513 END
START -8384 2708 22160 2455 -10748 4958 END
START -7192 3184 21496 639 -11352 4171 END
START -7296 3720 19260 -1060 -9785 3796 END
START -5332 2556 16756 -174 -10360 3884 END
START -4416 2044 17732 -1483 -11039 2549 END
START -4472 1952 16496 -2518 -11126 1068 END