START 12088 -7272 13328 4409 -6178 -2684 END
START 12080 -4716 15500 5495 -1851 -6157 END
START 12380 -4480 13324 6493 1432 -9263 END
START 11084 -3452 13184 7771 6241 -12304 END
START 8836 -4656 11876 9031 9970 -13253 END
START 5480 -5164 10640 9427 11896 -11216 END
START -256 -1668 10916 10526 13071 -5847 END
START -5872 4196 10096 9590 13652 -1751 END
START -15672 10096 13428 6550 14219 -1089 END
START -17692 14168 12896 3096 9257 -2502 END
START -22384 15388 12912 -676 4421 -4854 END
START -19900 12688 11092 -4071 -340 -6022 END
START -15804 9288 11468 -4560 -5613 -2492 END
START -10280 6984 14224 -5113 -6851 485 END
START -4668 5264 13232 -4185 -10006 2024 END
START -1316 4168 13788 -2438 -6596 4362 END
START 1240 2728 14688 -1057 -4684 5600 END
START 2488 1856 14020 -13 -2833 6202 END
START 3484 836 12804 754 -1864 6926 END
START 4440 184 12776 975 -904 7502 END
START 4824 -340 12472 413 -198 7374 END
START 5456 -1196 11648 -416 483 6650 END
START 6136 -2228 11200 -1400 1363 5475 END
START 7080 -3064 10516 -2142 2019 4184 END
START 7740 -3896 10060 -2474 2552 2703 END
START 9356 -4004 9204 -1672 5191 1960 END
START 10116 -4104 8704 188 8460 1400 END
START 9780 -3660 7344 2487 11619 553 END
START 9796 -3240 6796 6138 15435 859 END
START 8772 -1636 6968 7318 20373 624 END
START 7724 -764 6792 8133 24453 -647 END
START 7108 -156 8704 8039 27160 -2289 END
START 5468 104 10972 5995 29931 -4493 END
START 3148 304 13508 4366 30925 -5233 END
START -16 704 15840 3058 31687 -5643 END
START -4832 1468 17272 882 32215 -7385 END
START -9072 2144 16908 979 28482 -8684 END
START -12860 5340 23668 2661 26228 -8844 END
START -14676 6372 25344 2040 24327 -8475 END
START -17308 7184 27756 5910 16010 -9200 END
START -14916 5688 32476 -284 18212 -13778 END
START -21660 1796 31480 -3642 14814 -11861 END
START -18108 1624 32767 1618 9507 -4609 END
START -13528 -796 31924 6628 5180 2957 END
START -16244 3176 31392 8809 1165 8998 END
START -14916 5220 30320 9263 -1144 11336 END
START -12812 6336 26540 8828 -3467 11126 END
START -11436 6472 24276 7948 -6677 10322 END
START -8972 7108 22304 5237 -8171 8357 END