START 8660 436 16688 2058 -3754 -133 END
START 8156 -376 16252 2154 -3297 343 END
START 7664 -1360 15644 1768 -4073 1081 END
START 7524 -1728 15936 1335 -5033 2120 END
START 7232 -1604 15600 853 -5534 2600 END
START 7136 -1704 15324 1200 -6126 2879 END
START 7380 -780 15016 1720 -6290 2749 END
START 8000 128 14836 2023 -5882 2229 END
START 8120 1392 15156 1589 -5035 1213 END
START 7768 1788 16308 607 -4686 -220 END
START 7092 1212 15596 -250 -3307 -1565 END
START 6388 36 14336 -13 -2778 -1589 END
START 6192 -828 13328 575 -2795 -491 END
START 6044 76 12824 1356 -3007 1003 END
START 6224 1516 12544 1379 -2978 1593 END
START 7596 2160 12436 1043 -2973 1333 END
START 9636 2008 12928 77 -3320 746 END
START 12528 492 12928 -1374 -3587 68 END
START 14632 -1028 12108 -2762 -2795 -1020 END
START 16116 -2388 10772 -2158 -553 -2655 END
START 17280 -3252 10040 -444 2306 -4561 END
START 20052 -5180 7388 997 5942 -6481 END
START 23288 -7144 5300 2558 8307 -7413 END
START 24700 -6156 5452 4131 11884 -8223 END
START 23048 -3336 7248 4412 17204 -11061 END
START 18580 492 10476 1844 23801 -16330 END
START 11884 2860 11716 -3079 30645 -21952 END
START 1300 336 10220 -8899 32767 -25934 END
START -14084 -3292 7408 -9215 32767 -23317 END
START -24580 -1992 8036 -1889 26639 -10075 END
START -32768 2668 12724 -2337 12569 -2105 END
START -32768 9820 18196 -2975 8555 -1910 END
START -32064 8936 18320 -1718 -2012 1583 END
START -23496 7820 19820 -3933 -5578 2161 END
START -14164 4124 19128 -3666 -7623 4140 END
START -4380 -12 18040 2981 -7118 4675 END
START 2440 492 20912 1389 -10244 8278 END
START -1276 152 18412 2772 -4285 10157 END
START 668 1756 17612 5249 -3821 10465 END
START 2076 1544 16728 4784 -3884 9678 END
START 3204 1112 16324 4958 -3896 8987 END
START 4360 544 16500 4470 -4341 9571 END
START 5420 432 17580 2998 -4413 10747 END
START 6584 1152 17856 1143 -5138 9836 END
START 8100 -484 17468 1121 -6002 8869 END
START 11120 -708 17996 -1219 -5623 5591 END
START 9968 -1444 17480 -394 -2784 4700 END
START 9720 -2184 17636 621 -2329 5272 END
START 9656 -1920 16892 593 -763 4384 END
START 9848 -1732 16740 896 -1235 3337 END
START 10276 -1824 16812 37 -740 2042 END
START 10660 -1760 16032 -349 -525 1466 END
START 11016 -2128 16268 -642 -396 521 END
START 11368 -2452 16320 -1131 -927 -386 END
START 11572 -2900 16340 -1150 -763 -1239 END
START 11932 -3712 15624 -1216 252 -2748 END
START 12000 -4368 14500 -346 1288 -3705 END
START 12228 -4184 13736 1010 3120 -4707 END
START 12160 -4308 12736 2664 6035 -5218 END
START 11204 -3140 11236 4244 8927 -5126 END
START 10032 -1724 9660 5262 11932 -5109 END
START 8652 -232 8396 5719 14803 -5441 END
START 7016 1312 7112 5295 17100 -4844 END
START 5652 2736 5876 3330 19403 -4328 END
START 4648 3808 4864 452 21271 -4352 END
START 3424 4560 4268 -2229 22388 -5143 END
START 1836 4736 4632 -4732 24398 -6741 END
START 424 5772 5824 -6315 27556 -8873 END
START -1504 6324 6524 -7051 32187 -10124 END
START -3824 5712 8536 -8136 32767 -10998 END
START -5388 4272 10336 -9754 32767 -11866 END
START -9928 3276 12240 -11381 32767 -11425 END
START -12268 1860 15824 -9180 32767 -10716 END
START -16744 -540 19460 -7365 32767 -17726 END
START -20868 -7980 20828 -11486 32767 -20073 END
START -25492 -12036 22748 -8440 27862 -13206 END
START -25960 -7568 23228 51 9061 5754 END
START -27204 4160 32660 6969 -6497 22096 END
START -21692 6880 32767 5078 -9744 22832 END
START -17284 3256 32767 7938 -9540 12555 END