START 22496 -5864 8100 6721 16525 -18942 END
START 19180 -3492 7512 7557 20622 -19505 END
START 13108 -1052 8008 7823 24349 -18537 END
START 4904 836 6996 6207 26759 -15378 END
START -4848 1780 8308 4078 23448 -10532 END
START -20936 6216 13196 3130 21795 -2458 END
START -26504 9500 15756 -1654 15657 -1748 END
START -30376 11096 15980 -2237 10558 -1161 END
START -26156 14004 17496 -3095 2328 927 END
START -21940 13216 18996 -6812 -2865 2297 END
START -16480 9776 18528 -7258 -4670 5230 END
START -7096 7976 11524 -6625 -6682 9275 END
START -6772 5688 15284 -1124 -4261 14267 END
START -1144 7108 14024 283 -2450 16396 END
START 1388 5508 13392 -912 -1078 18883 END
START 3376 5188 13104 -3705 132 21138 END
START 4916 3820 11688 -6514 1016 21199 END
START 6464 1172 9328 -9057 902 20482 END
START 8712 -1196 9408 -9790 -1184 19340 END
START 8096 -4048 10772 -11083 -154 18425 END
START 9980 -6752 11116 -11276 991 16910 END
START 10332 -8696 10720 -9429 1910 15414 END
START 12896 -10656 10836 -7946 3591 14288 END
START 12512 -11132 11748 -6573 8569 15341 END
START 9920 -10820 13492 -6451 11339 14651 END
START 6788 -12228 14780 -10013 12303 9803 END
START 4332 -16108 12920 -11181 10610 4291 END
START 4672 -21576 14140 -9141 7946 2263 END
START 4324 -26060 16252 -6816 6678 -1997 END
START 4284 -27568 18308 -1882 1881 -6449 END
START 6080 -27676 20376 1816 299 -8572 END
START 7064 -27536 22740 3135 1380 -8302 END
START 5904 -25152 23964 3606 5523 -10580 END
START 4452 -21888 20440 8016 6834 -14530 END
START 2788 -19364 17940 12642 7775 -16527 END
START 720 -16204 15780 17345 9407 -15507 END
START -2260 -11940 13496 20582 10799 -13155 END
START -5832 -5560 11700 22873 10982 -9563 END
START -9336 2300 10828 22004 10270 -7179 END
START -12732 7024 9988 18275 8290 -7322 END
START -10552 10640 6808 13450 7680 -9163 END
START -7548 11876 3872 10459 6815 -10371 END
START -4736 12524 2236 9639 6283 -9543 END
START -1104 12100 2068 8660 8749 -7250 END
START 984 11968 2048 7637 12894 -4468 END
START 3036 11492 2996 7088 16109 -1416 END
START 3720 10928 5936 4537 19709 1602 END
START 3152 9952 7656 97 22860 4066 END
START 2156 8704 9416 -4571 23829 4699 END
START 840 6192 10364 -10029 23853 3440 END
START -524 2700 12336 -14276 23030 389 END
START -2456 -1960 15892 -17401 20282 -3604 END
START -3536 -8124 20468 -17991 16284 -10185 END
START -3020 -14736 24828 -15061 10516 -18051 END
START -2120 -18352 28376 -9040 7916 -20610 END
START -2284 -18340 32128 -4401 10156 -19817 END
START -4588 -13120 32767 1902 13609 -18101 END
START -6448 -8792 32767 8329 16217 -17317 END
START -3176 -6808 28272 16230 17869 -19394 END
START -8632 -3088 29292 18183 16049 -13051 END
START -8032 -88 26100 20811 15810 -10878 END
START -12168 -568 22504 18786 17386 -7778 END
START -17264 4144 16592 16348 15743 690 END
START -17488 9688 16792 14615 6106 9659 END
START -16880 14140 18844 10383 -1741 9995 END
START -13448 14464 18600 5142 -6075 4764 END