START 13664 -2396 8724 8641 381 -10007 END
START 13204 -244 12668 7061 3768 -11737 END
START 11688 1344 13248 5955 9734 -14342 END
START 9728 1068 11328 6103 14808 -15222 END
START 5768 1036 9364 5084 18838 -15037 END
START 1936 444 5536 4235 19248 -12964 END
START 184 1984 4792 4684 17880 -7920 END
START -5520 6328 7404 4888 15380 -4480 END
START -13120 11164 11260 581 13826 -4040 END
START -18720 13980 14032 -4452 12313 -3942 END
START -22144 13560 13656 -10016 10388 -3756 END
START -23404 11060 11432 -10759 4524 -2923 END
START -19212 7924 11044 -7544 651 784 END
START -14052 7240 13128 -3831 -1848 4827 END
START -5944 6208 10804 -2450 -5058 7976 END
START -4856 6152 17444 -1653 -1357 9231 END
START -1532 4740 16820 -2646 -979 10131 END
START 712 3424 16824 -3181 -610 10104 END
START 1728 1956 16372 -4044 27 9846 END
START 2448 -828 15248 -4377 -161 9638 END
START 892 -2868 14708 -3161 -652 10359 END
START 4892 -3116 16424 -662 -740 11419 END
START 6936 -3216 19448 374 -701 11845 END
START 8880 -3292 18268 -694 192 9290 END
START 8640 -3676 18416 -745 -262 5738 END
START 11388 -3808 17716 684 1776 4397 END
START 11420 -4136 17672 1432 3635 3727 END
START 11032 -4024 16904 2393 5906 2761 END
START 10308 -3520 17608 2767 7125 1351 END
START 8936 -3260 17908 2168 8581 -613 END
START 8000 -4104 16928 1171 9172 -2984 END
START 7348 -5288 15616 1365 8593 -4908 END
START 7404 -5704 15516 2142 7858 -5705 END
START 7548 -5084 15592 2645 8256 -5786 END
START 6912 -4028 15160 2568 8866 -6256 END
START 6512 -2392 13392 3347 12545 -6429 END
START 5632 -68 11560 3572 16302 -7312 END
START 5780 1848 10924 5403 19368 -7201 END
START 5832 5536 11360 6158 24320 -7494 END
START 1572 6036 11708 5823 29194 -7713 END
START -1184 8272 15028 2472 31680 -7749 END
START -4636 7048 13340 -4499 31508 -10140 END
START -6408 4396 10064 -5918 26980 -10270 END
START -10596 3036 14332 -7508 29966 -8735 END
START -15896 4668 17560 -17444 32767 -11360 END
START -20092 616 12396 -12849 32767 -5199 END
START -21204 184 15036 -8625 26206 -674 END
START -22020 1044 17240 -4845 13192 3130 END
START -19912 2120 21232 -860 -2282 5705 END
START -14712 4768 31120 -1756 -2664 -1541 END
START -11348 1452 28572 -7466 -102 -9779 END
START -11500 -1008 25900 -5399 1080 -8528 END
START -8696 -2500 26200 -1839 410 -4104 END
START -7012 -2688 26508 391 581 -555 END
START -7740 -2476 25284 1869 896 2024 END
START -8444 -2396 24168 5902 -1066 6062 END
START -8448 -316 24320 7361 -3358 7891 END
START -9884 1408 24332 6769 -5590 7076 END
START -12332 3728 24196 5709 -8415 6651 END
START -8036 4264 22028 4660 -9584 5922 END
START -7408 5684 20892 1266 -8129 2566 END
START -7928 4780 19572 -568 -6352 -79 END
START -6984 2668 17736 -2023 -8133 -2221 END