START 19264 -6244 13456 5164 -7613 -7947 END
START 20688 -5328 10988 8914 -2260 -8317 END
START 20368 -2864 9380 11370 4046 -9204 END
START 17308 -992 7180 11167 9722 -10799 END
START 13864 -1620 6060 9055 13122 -11100 END
START 9548 -632 4008 6945 15252 -8387 END
START 4992 2736 3236 6369 14866 -4820 END
START -1960 9868 5656 5353 14742 -3483 END
START -11244 14556 6916 3235 16417 -4288 END
START -16676 17640 11060 -2363 18059 -5992 END
START -24144 14636 11152 -8138 12590 -2767 END
START -23224 12304 9896 -8215 6036 4310 END
START -19224 12348 10336 -8306 702 10326 END
START -12824 12648 11360 -9302 -1622 12343 END
START -5992 10140 12164 -9394 -3589 12976 END
START -548 7364 11792 -9399 -1690 14182 END
START 964 5756 10468 -8576 1074 16076 END
START 4748 3612 10456 -8098 1443 16865 END
START 4252 3580 11024 -7630 7023 18944 END
START 4736 1736 11140 -8687 7006 19506 END
START 3748 -1288 9932 -11698 7892 19124 END
START 3196 -3064 9184 -12841 7302 19237 END
START 3744 -4316 8568 -12433 6333 17027 END
START 5164 -6400 8088 -11147 6422 15184 END
START 5608 -6936 11608 -10414 7274 14270 END
START 5400 -8912 14312 -11245 9497 13323 END
START 4480 -10452 17084 -14428 10471 11085 END
START 4712 -13724 15500 -14541 9739 7289 END
START 5484 -15692 12312 -11103 9259 2714 END
START 11096 -19592 11528 -5149 9737 4345 END
START 13108 -17828 15636 -1230 12277 6774 END
START 8976 -15180 19080 -1458 13753 4979 END
START 6452 -15008 21172 -3564 14085 489 END
START 3400 -18068 23792 -5456 11951 -4191 END
START 888 -21620 26972 -7082 8206 -9961 END
START 936 -25564 24912 -3310 5077 -14833 END
START 1824 -25884 25660 5842 3833 -15663 END
START 2004 -22120 27992 12505 5725 -12470 END
START -1144 -17004 26424 17167 8348 -11638 END
START -4884 -10232 24484 17627 8468 -15076 END
START -8344 -6472 23220 15619 5631 -19300 END
START -12100 -8516 18284 13271 4288 -24766 END
START -13396 -10484 14460 16986 1762 -22130 END
START -14512 -5440 13348 22907 -985 -12835 END
START -13156 1960 11028 25859 -1403 -6755 END
START -9068 8208 9304 25137 -1775 -3558 END
START -4864 12016 6884 23121 -1670 -2955 END
START -1408 15048 5724 18286 -88 -4414 END
START 852 15784 3860 13517 1369 -4938 END
START 2504 16500 2360 8210 3706 -4845 END
START 3592 15468 -544 4025 7024 -3927 END
START 4024 14904 -1508 1316 11304 -2279 END
START 4292 13264 -2132 -909 15285 601 END
START 3508 10916 -552 -3876 19469 3895 END
START 2688 9036 4292 -8126 22689 7431 END
START -216 7052 7592 -15121 25024 8095 END
START -3812 4368 9652 -21931 25261 5240 END
START -2344 -908 10708 -24376 23017 -1554 END
START -1872 -7804 14740 -23441 17256 -12224 END
START -312 -12204 19472 -18894 11691 -16875 END
START 1308 -13980 24368 -14110 10547 -18880 END
START -976 -12844 31860 -7482 11631 -19667 END
START -4096 -13332 32767 -5295 17080 -22760 END
START -7588 -13508 32767 2458 16947 -21545 END
START -28708 -6004 32767 2882 -3949 -19742 END
START -7924 -7796 32767 13481 19146 -16747 END
START -10068 -2720 31352 25250 12681 -8979 END
START -10320 640 29308 21268 15176 -9722 END
START -13576 180 21744 20468 11415 -4784 END
START -16720 7264 21620 19566 7392 -414 END
START -18004 10452 19272 14275 1564 2711 END
START -16812 12180 18908 8206 -3411 4650 END
START -14776 11652 19484 5935 -7952 3651 END
START -10212 10196 20532 2978 -11747 265 END
START -7788 8256 20252 423 -10906 -1753 END