START 15792 -6960 16104 -1531 -12110 -6508 END
START 15168 -4384 16448 2252 -6133 -8551 END
START 12868 -3252 14332 5724 -1310 -11482 END
START 11844 -2240 12632 7631 3328 -15045 END
START 9456 -4712 9092 8414 8921 -15335 END
START 2340 -4020 8824 11734 9885 -9688 END
START -6268 3580 11412 14638 15412 -322 END
START -15772 12680 12408 13669 17071 5960 END
START -23544 19228 11692 8065 13943 8434 END
START -22452 18320 7952 3988 6498 7236 END
START -20856 16124 6916 2090 -853 6300 END
START -14968 13924 8532 -1042 -8929 5459 END
START -7072 10204 10296 -7156 -12870 3334 END
START -2092 5392 10868 -10088 -11964 2185 END
START 880 2120 10092 -8826 -10119 2145 END
START 3084 -208 8788 -6849 -7782 2488 END
START 4448 -1560 8152 -4333 -5009 4012 END
START 5324 -2316 7980 -2029 -1964 6183 END
START 6332 -3036 7400 -476 1477 8249 END
START 6644 -3196 6344 817 4717 9170 END
START 7296 -3344 5632 2165 7212 9455 END
START 9268 -4752 4064 2889 9516 8797 END
START 10924 -5464 2180 3396 11680 8053 END
START 12776 -5720 832 4586 14652 8165 END
START 13656 -4280 1192 4658 18887 7524 END
START 14200 -2920 1540 5380 23655 5885 END
START 12780 -1580 3300 4858 30362 1702 END
START 10712 -1364 4960 3551 32767 -4135 END
START 8324 -2684 6436 1472 32767 -9689 END
START 5300 -3592 6512 1231 32767 -13801 END
START 884 -4792 7756 793 32767 -17081 END
START -7200 -4592 11840 4934 32767 -18204 END
START -17288 -2660 19712 4870 32767 -15739 END
START -26984 872 28252 1619 32767 -15256 END
START -32768 1900 28824 3213 31532 -8273 END
START -32768 8112 32767 -1528 32078 -8340 END
START -32768 5852 31976 3894 16029 3460 END
START -32768 13724 32767 4132 -7317 7173 END
START -30020 13036 32592 1916 -1827 11370 END
START -20452 10440 31672 13699 -9973 12120 END
START -14320 9736 29892 6852 -10991 5971 END
START -10860 7844 25900 -442 -7671 834 END
START -9248 5388 24024 79 -9110 989 END
START -6656 2824 22288 -1668 -8463 2029 END