START 6088 -5812 22292 -9662 -3601 -6063 END
START 8176 -7372 22840 -2941 -5971 -5730 END
START 8720 -7340 22280 -2181 -5831 -7942 END
START 10380 -7472 22004 1739 -5318 -8728 END
START 10852 -6388 22848 4518 -5131 -9248 END
START 9024 -5828 21728 5262 -3513 -10390 END
START 6456 -4868 19960 7481 -2011 -9769 END
START 3408 -3612 17752 9453 -43 -8996 END
START -224 -2072 14900 10854 1934 -8818 END
START -3580 -340 11900 12476 3737 -6888 END
START -6660 2312 9176 14890 3341 -2330 END
START -10012 6368 6964 15831 2177 2906 END
START -12132 10608 7724 14233 3290 5237 END
START -12736 13052 5568 11691 1932 6663 END
START -11520 13608 5092 8348 619 5988 END
START -8908 12276 4188 4533 -873 4124 END
START -6944 10364 5196 611 -2198 2658 END
START -4864 7720 5660 -2573 -1695 2697 END
START -3296 5948 5600 -3739 -1035 3649 END
START -1984 4412 5588 -4204 587 3922 END
START -1068 3268 5668 -3860 2106 4238 END
START 880 2348 5348 -2798 1786 5474 END
START 2852 1360 6012 -4224 3267 5365 END
START 5160 -124 5340 -5024 4800 5762 END
START 7056 -1116 4760 -5221 6807 6107 END
START 11936 -2316 3172 -5263 7683 5891 END
START 9964 -1876 5184 -5346 11736 5167 END
START 9432 -2396 5292 -5156 14172 4460 END
START 10644 -2736 4960 -6891 17837 1428 END
START 11872 -3660 4364 -5983 21870 -1012 END
START 12248 -3576 3068 -4755 26746 -2426 END
START 10944 -3192 4604 -3875 31427 -4465 END
START 8748 -4036 8020 -2049 32767 -4030 END
START 4140 -4556 10828 -4241 32767 -5714 END
START -2468 -3256 14948 -6873 32767 -8978 END
START -12744 -1032 19368 -5565 32767 -11858 END
START -19108 -1360 22300 -7777 32767 -15651 END
START -26684 -2120 27856 -7108 30043 -12484 END
START -31120 -2520 32767 -4652 22570 -5188 END
START -32768 -1112 32767 -3486 14748 2371 END
START -26828 -3980 32767 760 6604 4846 END
START -32192 2724 32767 2221 -371 8726 END
START -22108 3444 32767 7470 -4425 8118 END
START -15832 1512 32767 10019 -7354 5142 END
START -12496 2828 32767 7224 -10730 2257 END
START -10452 1956 32767 4886 -9563 3191 END
START -10716 1404 30656 6171 -11110 6805 END
START -11220 604 26412 3237 -12230 5500 END
START -9760 -120 22200 3811 -15284 5666 END
START -8168 448 19644 4817 -17454 6107 END
START -5992 1460 17484 4864 -17720 5831 END
START -36 1332 14680 4448 -16791 6546 END
START -1816 3164 13864 5592 -14880 6046 END
START 620 3536 14248 6465 -14491 5074 END
START 764 3812 14796 2313 -10653 3461 END
START 1144 356 12848 510 -7248 3595 END
START -1368 2808 10688 -3647 -5456 2883 END
START 3416 5436 9552 225 2863 5438 END
START -512 6904 11528 1487 7245 6554 END
START -2588 6604 11524 -971 2695 -586 END