START 14804 -6332 11952 -907 -8025 -5395 END
START 16256 -6176 11284 86 -5291 -7241 END
START 16112 -5200 10744 3379 -2682 -7200 END
START 15088 -2660 12660 4854 2432 -8303 END
START 13380 -256 13288 3771 8466 -13093 END
START 10228 536 11800 1361 14845 -17981 END
START -1996 232 11448 293 23122 -19919 END
START -8952 -640 7272 -257 24379 -17069 END
START -11924 2304 6584 1160 23236 -9159 END
START -26608 7128 8120 3080 21011 655 END
START -31388 10128 8540 1321 14198 4701 END
START -32768 10088 9816 -1170 6288 6421 END
START -28052 10184 11528 -2270 -2366 7476 END
START -21068 9932 12192 -4667 -7079 7387 END
START -10508 6904 11456 -5709 -8266 4696 END
START -3700 4276 12224 -5115 -12383 3928 END
START -928 1740 16160 -2759 -8012 4875 END
START 1104 1108 15420 -378 -5853 6348 END
START 3020 156 15844 426 -3081 8466 END
START 4032 -600 17344 172 -1016 9635 END
START 3608 -688 16024 160 -1041 10168 END
START 4972 -2024 15832 1797 -63 11647 END
START 5220 -1612 16608 -431 746 11011 END
START 4888 -1576 15216 -1205 1270 9124 END
START 5568 -2064 15112 -1812 675 6321 END
START 6908 -3112 16340 -2144 -1100 3471 END
START 8068 -4828 16808 -2449 -880 1201 END
START 9272 -5648 17348 -2236 -297 -590 END
START 10056 -6792 16652 -2254 917 -2401 END
START 10248 -6884 15788 -215 2810 -2380 END
START 9516 -6660 14896 2068 5460 -2035 END
START 8596 -5400 13072 4313 8144 -1352 END
START 7768 -3588 11884 5977 10585 -784 END
START 6500 -1488 11532 7864 12124 -315 END
START 6124 380 11572 7518 13059 -806 END
START 5828 1560 11356 5581 14309 -2509 END
START 5368 2012 10476 3122 15737 -4102 END
START 4768 1976 9772 1103 17220 -5064 END
START 3704 2172 9308 -194 18775 -5761 END
START 2504 2040 9760 -1142 20713 -5872 END
START 240 2380 11260 -2067 22718 -5392 END
START -3108 3380 13232 -2870 25212 -4701 END
START -8848 4316 15164 -3559 28320 -4564 END
START -10276 3888 15380 -2632 29619 -4914 END
START -13700 3532 15572 -2305 32026 -6593 END
START -16260 3004 16352 -139 30941 -6024 END
START -18592 3080 18428 -323 30548 -4664 END
START -19432 2636 19748 465 27261 -3155 END
START -19772 1972 18452 -1525 22212 -3441 END
START -17500 828 21448 1413 26195 59 END
START -19940 1376 18576 -1071 24584 3772 END
START -19108 2528 19936 1995 16997 9666 END
START -17432 2940 24532 3208 9718 11909 END