START 5212 4064 9752 625 2512 -5467 END
START 7252 3600 7604 786 7830 -7190 END
START 4340 3496 7408 113 11158 -9864 END
START 2180 2248 4616 504 13352 -11128 END
START 2848 -172 2612 -408 15682 -12239 END
START 1584 -4116 368 -116 16000 -10051 END
START -1252 -3160 588 651 17755 -2548 END
START 420 -784 1492 998 17678 3732 END
START -4708 2644 3028 -239 19565 3933 END
START -7888 4796 3372 -3242 21427 1142 END
START -7948 5664 3324 -4435 21706 -374 END
START -8600 6560 5096 -6080 21777 -5441 END
START -9900 5736 5572 -7724 24299 -11257 END
START -8868 2864 6032 -9172 27486 -17790 END
START -9636 -1592 5008 -9165 30461 -20548 END
START -11424 -3684 1924 -8276 31136 -17234 END
START -13944 -5772 3452 -1842 28514 -4714 END
START -14648 -1500 9948 1734 27927 10480 END
START -16028 3364 11452 -1610 26727 16984 END
START -18708 5744 12984 -1957 22754 15864 END
START -20112 5772 17392 -3212 15546 7505 END
START -15964 3040 23512 -4702 15160 -1045 END
START -17280 1788 24164 -6888 15385 -7917 END
START -17376 -352 23684 -7642 11764 -11526 END
START -15616 -2088 25752 -5297 11295 -8805 END
START -13672 -2520 25844 -2085 7955 -3512 END
START -11244 -2392 25148 2776 7420 5153 END
START -10428 -4 25940 4272 4542 8800 END
START -9236 1868 26828 3767 3705 7914 END
START -9936 2476 25576 1396 3088 5293 END
START -10492 1644 24568 -90 1792 3294 END
START -6680 512 22076 -328 -1543 1962 END
START -9568 696 22416 1421 -1065 2260 END
START -9440 2036 22944 493 -2062 1126 END
START -11380 1760 23252 626 -3621 -343 END