START 4068 0 20144 -8992 -11223 2950 END
START 3928 8 19868 -8199 -11244 2168 END
START 5092 -348 19752 -7111 -10940 1183 END
START 5960 -628 19640 -6118 -10476 195 END
START 6236 -1336 19612 -5546 -9872 -378 END
START 6252 -1644 18824 -4980 -9253 -232 END
START 6040 -1364 18792 -4862 -8408 -482 END
START 6032 -948 18520 -4170 -7892 -1523 END
START 6384 -804 18128 -3733 -7499 -2856 END
START 6860 -1876 16036 -3728 -6992 -3640 END
START 7368 -2444 15680 -3274 -6609 -2859 END
START 7920 -2432 16336 -3193 -6449 -2306 END
START 9056 -2620 16792 -3774 -6641 -3121 END
START 9984 -3124 16780 -5074 -6252 -4876 END
START 10980 -3540 16252 -5074 -5542 -6760 END
START 11484 -3820 15196 -4002 -3931 -9326 END
START 11592 -4024 14200 -3090 -1301 -12112 END
START 8548 -7140 11920 -2606 511 -12800 END
START 6152 -7140 11280 226 529 -7879 END
START 4576 -5284 10644 2915 1333 -1987 END
START 2084 -1912 10416 4174 3958 -632 END
START 1436 508 8840 4221 5509 -2975 END
START 460 3420 8352 5158 5614 -6167 END
START -516 4212 6312 4403 6278 -10078 END
START -3436 2288 3868 563 6735 -12501 END
START -6200 2724 3712 -694 5826 -7523 END
START -9336 6612 4572 -490 6059 -2308 END
START -8324 10276 4456 -979 8722 774 END
START -11884 11616 8048 -2107 5289 -539 END
START -11852 12180 9820 -3607 4540 -1137 END
START -9964 10932 11436 -4300 2330 -1477 END
START -6628 8620 12040 -4696 1586 -495 END
START -3176 6992 14144 -3119 442 2207 END
START -1128 6212 16424 -2829 501 4256 END
START -1184 5232 20032 -4357 771 4467 END
START 1032 3928 20352 -6949 -182 3343 END
START 1492 1144 19272 -8842 -647 2157 END
START 2516 -1284 18960 -8472 -1929 2002 END
START 3500 -3640 17912 -7654 -2982 1800 END
START 5464 -5812 17008 -5710 -2707 1795 END
START 6804 -7080 15136 -4453 -913 2348 END
START 7928 -8052 12788 -746 1542 3228 END
START 9028 -7224 9212 2844 3878 3534 END
START 9192 -6576 7576 6932 6785 4196 END
START 10296 -5816 3212 9907 10750 4364 END
START 11536 -3468 1048 13745 14685 4896 END
START 11912 -1148 -16 16211 18782 5090 END
START 10980 736 204 15121 22875 4348 END
START 8892 1360 964 11031 27467 2332 END
START 6772 1572 -376 5513 32417 679 END
START 3448 2552 -928 1637 32767 263 END
START -508 3696 -592 -1001 32767 -824 END
START -5104 5556 3928 -2173 32767 -1999 END
START -10980 6284 9760 -4212 32767 -4738 END
START -11856 5684 17120 -4958 32767 -7945 END
START -15888 4336 23464 -7008 30784 -10877 END
START -21836 2720 31060 -10610 24716 -14238 END
START -26168 1588 32767 -8980 17925 -14680 END
START -27008 -696 32767 -10080 9020 -11087 END
START -30236 880 32767 -12144 6990 -13521 END
START -22204 -2900 32767 123 -724 -8268 END
START -17280 -5896 32767 15712 -3422 5787 END
START -11500 -220 32767 14843 -2832 7608 END
START -11160 260 32767 16254 -2770 9084 END
START -11488 952 28196 14777 -2725 11938 END
START -7608 4952 23668 12012 -2092 10944 END
START -8624 5568 20860 13540 -4803 12195 END
START -8616 6020 18940 7543 -5243 8369 END