START 12008 -6356 17380 4126 -9157 -7311 END
START 13464 -5000 17940 7570 -7303 -8012 END
START 12204 -4324 16344 8293 -2903 -8541 END
START 11056 -2792 14540 9875 2344 -10458 END
START 8788 -940 12200 10774 7697 -12087 END
START 6084 420 8520 11263 12746 -12459 END
START -96 1272 7080 11762 16184 -10128 END
START -3356 5224 7068 12401 18213 -2230 END
START -15292 11304 9364 8193 18399 2274 END
START -20220 15080 8976 2337 15649 4053 END
START -23748 15384 8608 -1562 11133 1985 END
START -22264 12212 6796 -4987 5147 -3225 END
START -19264 8744 6660 -8621 -730 -6328 END
START -14480 5476 7236 -7930 -4425 -3181 END
START -9412 3804 9796 -5469 -5438 1368 END
START -5912 3548 11480 -5323 -5203 3519 END
START -4460 1152 14080 -5060 -1413 4701 END
START -2284 844 12656 -2352 364 6648 END
START -380 1004 12100 -856 819 6205 END
START 260 1256 11544 -639 2411 5771 END
START 1408 1340 10816 -243 3761 6707 END
START 2244 520 11800 -576 4948 7507 END
START 1940 1428 11896 -2706 4164 5491 END
START 3912 -2088 11140 -2447 5169 5591 END
START 4536 -2772 13704 -5052 5752 4265 END
START 5272 -3856 13908 -7202 6643 1124 END
START 6352 -5516 13012 -5681 6712 -586 END
START 8408 -5980 12588 -3275 6465 -2151 END
START 8392 -6136 12476 -713 10989 -2613 END
START 9672 -4820 12692 1354 15794 -2743 END
START 9000 -3140 11840 3261 20391 -3027 END
START 6880 -676 11788 4719 24852 -4136 END
START 4912 1180 13412 4560 29148 -5854 END
START 1920 1716 14944 2527 32767 -7366 END
START -2916 564 15016 -60 32767 -8930 END
START -9172 -208 15000 -1180 30850 -12200 END
START -13916 -1476 17476 -3050 32767 -7130 END
START -23036 1052 17008 -6361 32767 -3519 END
START -25936 4176 18744 -930 25131 2874 END
START -27160 6152 22400 -1004 19262 3540 END
START -26028 6956 23340 -5001 11911 -48 END
START -20344 4548 26848 -4635 7814 -2763 END
START -19320 3440 26024 -3002 6346 -555 END
START -14648 2540 27116 -2494 2530 -1458 END
START -12804 1628 25824 -1170 4072 2493 END
START -10792 1236 23260 88 4036 4176 END
START -10520 932 21800 1739 3301 6954 END
START -9864 1348 21308 3243 1663 8904 END
START -9080 2456 21648 2843 189 8835 END
START -7620 2364 19880 2898 103 7886 END
START -8152 3048 19460 415 1261 6292 END
START -7596 2572 19008 -14 509 4568 END
START -7464 2172 18592 -1374 -1338 1584 END