START 9180 -2412 17052 -274 -8920 2607 END
START 10296 -3252 16952 -305 -8619 1867 END
START 11088 -3304 17196 154 -7885 1057 END
START 11256 -3396 17520 -112 -7377 -445 END
START 11448 -4224 17088 -514 -6282 -2599 END
START 12284 -5812 14904 -543 -4540 -4857 END
START 13420 -7120 12452 893 -2988 -6051 END
START 14316 -6888 10844 3844 -838 -6206 END
START 14240 -5112 10304 6202 1699 -6126 END
START 12844 -3268 10324 7118 5169 -6520 END
START 10460 -1640 9844 6767 8590 -6826 END
START 7632 248 9616 5732 11593 -6805 END
START 2852 3152 10548 3754 13981 -7024 END
START -1496 4924 10668 1085 16142 -7870 END
START -3940 7880 11376 -1286 19961 -7279 END
START -15024 9060 11576 -2377 15586 -7714 END
START -17748 8636 11916 -5098 12222 -7908 END
START -19680 6768 10404 -5302 8720 -5087 END
START -17696 5804 10008 -3505 3135 -597 END
START -14056 5536 10520 -1772 -1785 4077 END
START -9360 5516 12268 -1038 -3766 6296 END
START -2816 4288 11884 -965 -4232 5533 END
START -60 3456 13212 -1794 -3637 5310 END
START 1480 1740 12552 -2167 -3064 4541 END
START 2440 436 10968 -2404 865 4785 END
START 3248 -324 9308 -1327 1954 5496 END
START 4800 -1372 8900 -1566 3662 5190 END
START 4916 -1672 7988 -1221 4634 5062 END
START 7532 -2648 6872 1533 6829 7009 END
START 8368 -1452 7956 1408 9830 7032 END
START 9384 -612 7344 2421 12693 6839 END
START 8980 204 8412 1940 15409 6181 END
START 8184 612 10416 1002 18209 4716 END
START 6500 420 11468 -1223 21434 2098 END
START 5212 -660 11396 -3253 24537 -1012 END
START 3336 -1780 11968 -3963 27263 -4141 END
START 1572 -2936 12340 -2653 29051 -5831 END
START -232 -3484 13972 -870 30851 -7104 END
START -3296 -3128 15996 789 31937 -6835 END
START -6712 -2924 16824 3867 30152 -4902 END
START -10252 -796 22240 1359 30992 -3347 END
START -14184 732 22928 1243 29083 -1 END
START -17604 3432 23696 175 25497 105 END
START -17324 3760 25084 95 22339 -2045 END
START -18572 4312 27212 1031 17879 -1735 END
START -15368 3992 30128 2787 16349 -1715 END
START -16088 3268 30608 332 14988 -3405 END
START -17292 1648 29072 -509 11789 -2504 END
START -17508 588 27196 1095 6799 1522 END
START -16892 1332 26680 3582 2578 6200 END
START -16992 3276 26036 4338 -188 8670 END
START -16724 4076 26196 4887 -3986 7363 END
START -13812 4212 24712 2976 -6830 4932 END