START 2180 5416 12388 -796 -3158 2959 END
START 2784 2912 13816 -3023 -5970 2135 END
START 1860 -1848 10192 -5045 -6539 3907 END
START 2076 -2740 10900 -4328 -8127 7392 END
START 600 -1120 12896 -2848 -7769 11473 END
START 1612 1848 14168 -3716 -5834 15455 END
START 1140 2524 11772 -5976 -2320 14089 END
START -1468 1028 9060 -6016 -1637 11377 END
START 168 -908 6944 -4097 -1883 9176 END
START 1076 -404 7792 -2299 -3884 9847 END
START 2764 144 8060 -4676 -2225 8369 END
START 3812 -404 6932 -4843 -1592 7860 END
START 5524 100 7912 -4719 159 7400 END
START 6188 32 8384 -4014 3001 7194 END
START 6220 -960 7508 -3376 6571 6388 END
START 6404 -2404 6852 -2345 9032 6207 END
START 7436 -3700 6876 -1923 10325 5506 END
START 9772 -6240 6168 -1793 12058 3641 END
START 13096 -10744 3040 -1402 13476 2159 END
START 17672 -12748 840 845 14759 2162 END
START 18972 -11252 5380 3478 18640 2692 END
START 17624 -9068 8208 1341 24858 -630 END
START 15876 -9020 9724 201 29971 -5375 END
START 13616 -9516 10972 -1071 32136 -9866 END
START 11936 -8964 12364 -477 32767 -12372 END
START 10328 -6136 13724 1810 32767 -12499 END
START 2960 -6700 13204 1720 32767 -13874 END
START -4452 -9252 11896 -1601 32767 -13348 END
START -18100 -4340 20516 -1404 32767 -5432 END
START -25076 3440 30824 -3175 25937 -4499 END
START -32768 7056 32767 -11073 23385 -11598 END
START -32768 5628 32767 -10792 11895 -16011 END
START -32768 76 32767 -8107 5003 -21275 END
START -28244 -10208 29380 -4148 4506 -18893 END
START -23268 -11048 27472 8870 -8978 5700 END
START -17796 708 32767 14406 -8187 18067 END
START -13824 5152 28756 11873 -8428 14462 END
START -10728 3964 24076 7793 -11404 8079 END
START -4540 376 20636 6138 -12013 5265 END
START -2100 -436 19312 5577 -11188 5113 END
START -1496 -620 18516 3684 -9599 4008 END
START -1140 -1392 18428 2929 -8116 3531 END
START -1760 -1920 17284 1008 -6273 2116 END
START -3128 -3744 16048 803 -6379 1577 END
START -5396 -4260 14904 39 -7517 841 END
START -5684 -4288 14048 406 -10252 1596 END
START -5952 -3184 15288 1443 -12482 1743 END
START -4564 -2508 15828 1465 -13064 1300 END
START -3816 -1164 15412 684 -12174 2574 END
START -2772 656 16804 482 -10046 2139 END
START -2760 -420 16668 -263 -10488 903 END