START 12492 -2440 11600 2196 -695 -8737 END
START 11968 -1184 12904 2707 3787 -11603 END
START 11400 -2100 9444 2326 9194 -15509 END
START 10160 -848 8232 3186 15650 -17861 END
START 3868 -880 6896 4344 21221 -16977 END
START -4428 876 7880 3074 23859 -13369 END
START -11796 3540 9564 421 23882 -7498 END
START -27420 7116 10292 -2445 23205 463 END
START -32768 12540 10012 -3176 16313 5229 END
START -32768 12764 8080 -2726 7790 4807 END
START -29644 11524 8460 -1920 -1733 1643 END
START -22020 9844 10740 -4336 -8013 -576 END
START -11684 6248 11748 -5308 -7268 -26 END
START -4508 3916 12760 -3272 -9822 3721 END
START -2020 2512 16240 -1358 -6453 6382 END
START -2444 1612 14796 -509 -3669 8523 END
START 764 1528 14908 492 -2767 10336 END
START 2544 188 16708 512 -2203 10827 END
START 2188 32 16556 -109 -3221 9970 END
START 4816 -2484 16696 656 -2547 11338 END
START 4528 -1912 18428 -951 -1670 9765 END
START 4800 -2412 17200 -1465 -650 7153 END
START 5568 -2316 16976 -748 -466 4959 END
START 7528 -2380 17468 -142 -590 3370 END
START 7828 -2764 18276 299 861 2342 END
START 7928 -3348 18236 647 731 1642 END
START 8108 -3604 18284 113 1442 609 END
START 8124 -4064 17720 -194 2563 32 END
START 8004 -4368 15716 156 3385 -194 END
START 7160 -4524 14684 1510 3409 194 END
START 7048 -3836 13952 2632 4354 676 END
START 6436 -2660 13360 2624 5801 -1 END
START 6324 -1912 12688 2809 6904 -1516 END
START 7196 -1456 12356 3279 8172 -3558 END
START 7972 -1180 12140 4144 9837 -4914 END
START 8252 -800 12184 4379 12392 -5032 END
START 7872 -196 11552 4055 15317 -4723 END
START 6604 508 10672 3600 18088 -4286 END
START 5476 1148 9128 2987 20363 -4213 END
START 3860 1832 8232 2019 22622 -4477 END
START 1324 3164 7700 489 24666 -4909 END
START -1636 4628 9088 -120 26063 -5480 END
START -4472 7380 11780 -2234 28259 -7152 END
START -7600 7668 15104 -1970 29828 -8653 END
START -11368 6852 15172 -4443 31465 -11565 END
START -15252 3696 15840 -3465 31224 -13707 END
START -17016 1768 18256 -5984 32143 -13093 END
START -19536 0 18492 -8661 31963 -9663 END
START -25784 -560 17148 -4947 25927 -1927 END
START -27484 756 21108 1405 14007 6927 END
START -25640 4812 25464 3674 7637 11104 END
START -22268 6484 27784 4449 1043 10886 END
START -20296 7800 31876 4155 -4709 7290 END
START -17156 6300 31940 -3149 -5050 -360 END
START -14412 2672 30544 -3801 -6796 -3898 END
START -11864 448 28368 -2918 -6055 -2257 END
START -11388 -700 26296 137 -5777 2477 END