START 8012 -3976 17312 -2760 -803 -2750 END
START 8380 -5572 16396 817 -650 -2635 END
START 9568 -6232 16080 886 619 -5079 END
START 11968 -8080 14372 895 1828 -7737 END
START 13440 -9784 13416 1227 2871 -9077 END
START 12300 -9784 13080 2137 4160 -8248 END
START 8136 -6764 14876 4894 5785 -5485 END
START 2240 -2152 16952 5392 8521 -4723 END
START -1768 2880 16696 5239 12516 -5232 END
START -8896 6532 17020 5360 10722 -5586 END
START -12692 9240 16660 2633 9654 -6449 END
START -17200 9552 14976 2534 5722 -6753 END
START -17688 8772 13976 2072 1843 -5988 END
START -15092 8104 14348 2403 -2110 -1862 END
START -13728 9096 15576 795 -5470 1713 END
START -7520 6924 15848 3382 -5183 5041 END
START -644 6452 14276 1125 -6772 5471 END
START -4 5208 14860 -383 -3890 4606 END
START -260 4308 14368 -364 -3300 4608 END
START 836 2504 12712 -763 -2454 4453 END
START 1524 1356 12680 -1203 -1874 3784 END
START 2248 -228 12148 -1143 -833 3690 END
START 2416 -1812 11616 -870 -166 3726 END
START 4504 -2588 10356 -694 481 3581 END
START 6124 -3204 10212 -577 2033 2716 END
START 8180 -3788 9120 150 3975 2218 END
START 8672 -3236 8324 1679 6479 2143 END
START 9288 -2564 7324 3037 9030 2512 END
START 9612 -1396 7104 3317 12960 2404 END
START 8372 -304 6484 2516 16803 1154 END
START 7460 400 6016 1714 20660 -911 END
START 5960 108 6468 604 23882 -3420 END
START 4000 -904 7516 -561 25961 -5029 END
START -448 -516 10112 -2867 29085 -6835 END
START -712 -1528 10716 -4041 29513 -7441 END
START -4344 -1876 13424 -5287 29813 -8984 END
START -7072 -2424 15668 -4280 30932 -9206 END
START -11744 -1052 18296 -2432 28391 -8116 END
START -16268 1632 22232 1514 25421 -4820 END
START -18000 3488 26852 3961 20313 -2877 END
START -21084 4936 30960 -994 20233 -4447 END
START -18588 3696 28440 -609 15013 -4994 END
START -20876 3432 30992 1088 10321 -1869 END
START -19352 3940 31568 1081 7322 38 END
START -15392 2144 32520 6179 1999 3869 END
START -14264 4212 32116 4680 -599 3033 END
START -12468 3672 30568 2259 -1674 1448 END
START -10520 1996 29696 1828 -4411 2627 END
START -10124 1240 27684 715 -5357 2383 END
START -8544 960 24380 -490 -6955 1946 END
START -8664 1172 22700 426 -7537 2257 END
START -8344 924 21960 747 -9000 2901 END
START -8412 1200 21212 -443 -9341 2325 END
START -7116 1296 19500 -676 -10251 2166 END