START 21052 -7052 4048 9376 10882 -17132 END
START 17540 -4760 2304 11234 17604 -17356 END
START 11292 20 1256 9904 23059 -15990 END
START -536 5688 3768 7535 25861 -12674 END
START -9344 10488 6644 6385 26667 -3229 END
START -23148 17936 11036 580 20999 1203 END
START -30200 17336 12220 -4432 11196 -767 END
START -24108 17452 14248 -4001 1136 1132 END
START -18548 17568 16840 -5855 -2210 4362 END
START -12132 15676 17140 -5845 -3345 7117 END
START -4884 11740 16400 -3585 -1913 10819 END
START -1340 10020 15012 -209 -435 16155 END
START 2608 12164 14216 -3267 870 17919 END
START 2160 9128 15680 -2657 4162 18391 END
START 3800 4968 13928 -6699 4182 19121 END
START 3560 2380 11656 -8895 5239 19835 END
START 3136 432 11308 -11283 3912 20555 END
START 3560 -1816 11032 -12148 2939 19559 END
START 5804 -5952 10696 -11636 2447 17201 END
START 8788 -9188 10368 -9662 2190 15636 END
START 10788 -10656 12140 -6770 3300 15523 END
START 12880 -11060 15488 -5018 7834 16675 END
START 12172 -11148 18192 -6471 11361 15074 END
START 9592 -12236 20632 -9418 12299 10840 END
START 8232 -16228 21480 -13333 10867 4441 END
START 6592 -22692 20448 -11790 7700 -1982 END
START 6612 -27764 19524 -7497 4953 -4762 END
START 7728 -29464 20836 -2211 3195 -6315 END
START 7340 -26620 24748 -231 3428 -7117 END
START 5596 -24368 23440 2279 5926 -9857 END
START 4080 -22584 21304 6762 7152 -14125 END
START 2536 -19684 19628 11389 7727 -16864 END
START -104 -16324 17660 15839 9527 -17034 END
START -3928 -11628 16320 18562 9451 -15380 END
START -7412 -5760 14932 18953 7988 -13487 END
START -10892 756 15008 17022 5885 -13262 END
START -13468 4944 14608 14362 5374 -14761 END
START -14716 8108 10824 13386 3089 -15992 END
START -13784 9196 6604 13683 2010 -14002 END
START -10624 11656 3432 15613 1838 -7812 END
START -3608 14416 1128 16427 4478 -1800 END
START -124 18008 504 15460 8992 4713 END
START 1028 21508 832 12733 13465 9316 END
START 2988 21628 2100 6263 16108 9926 END
START 2608 19364 3900 -1756 17968 7351 END
START 2472 16332 6044 -11784 19864 3405 END
START 4320 10104 6132 -19575 19939 1416 END
START 1416 3756 9920 -24544 18965 259 END
START -404 -2976 9860 -27502 19350 -551 END
START -124 -10520 11288 -23554 16570 -2799 END
START 548 -15284 14744 -15716 14408 -5919 END
START 2512 -17804 18852 -7395 14752 -8403 END
START 3344 -16368 24824 -3525 16220 -9880 END
START 3128 -16356 27828 -4174 21757 -12404 END
START -368 -13368 28028 -2923 23575 -16121 END
START -2576 -12068 27856 1987 24151 -20081 END
START -9800 -9512 32767 5722 22498 -24268 END
START -11384 -10152 32767 16936 24578 -22253 END
START -19064 -7208 30732 20046 14512 -11198 END
START -26368 4060 32520 19009 8698 -3024 END
START -24880 12132 30508 17500 1910 1337 END
START -21320 15496 29128 18491 -5117 961 END
START -15520 14404 28816 10369 -8727 -3630 END
START -10076 11756 28392 5182 -11829 -5771 END
START -5712 9124 24960 3996 -10789 -2671 END
START -4516 8064 23464 5131 -9212 331 END
START -4988 7232 22476 4516 -9769 2472 END