START 11448 -6904 16068 -2948 -9517 -4622 END
START 15272 -8180 13548 2891 -7395 -5142 END
START 17076 -8200 13636 5979 -4407 -5439 END
START 17344 -5496 14656 9391 177 -5819 END
START 14668 -4880 13992 8028 6409 -7750 END
START 9636 -3604 12208 8172 11984 -10242 END
START 4024 -1116 11124 10639 15481 -9418 END
START -3120 2568 10324 11096 18098 -7341 END
START -11976 7492 10680 11500 24208 -2441 END
START -18376 11040 7788 9532 15603 -427 END
START -21164 13884 10060 5483 9359 -1506 END
START -21644 12956 9352 222 4124 -2217 END
START -20060 12448 11304 -3563 -474 -611 END
START -15648 10252 10820 -6303 -3042 2047 END
START -10772 7568 10528 -6794 -4409 4211 END
START -7656 5436 11836 -6518 -4272 5012 END
START -2712 3848 11492 -5874 -5300 5038 END
START -764 1480 11820 -4223 -2634 5790 END
START 80 692 11984 -3079 -1363 6743 END
START 736 -584 11140 -3194 182 6638 END
START 1784 -996 10528 -3153 1310 6581 END
START 3008 -1916 9592 -2749 2191 6461 END
START 3472 -2092 9264 -2151 3531 6041 END
START 3864 -2220 8800 -1599 4371 5656 END
START 5652 -2392 7552 -1214 6098 5242 END
START 7248 -2520 7824 -837 8483 5009 END
START 7848 -2196 6692 -219 10510 4329 END
START 9416 -3296 5888 2678 14451 5200 END
START 9180 -2236 7064 3790 18821 5422 END
START 7688 -1340 7676 4330 22911 4349 END
START 6644 -164 9644 3920 26902 1027 END
START 5488 844 12120 2721 29887 -2992 END
START 3660 1604 14924 1238 31472 -7337 END
START 1772 840 16032 131 32767 -10601 END
START -1288 1780 17468 -3127 32767 -16003 END
START -7544 -232 18308 -6547 32767 -18830 END
START -17320 -1444 23824 -7543 29901 -16381 END
START -24100 -188 27400 -8301 22601 -7926 END
START -26148 2036 32084 -11329 19288 -5794 END
START -26488 2252 30308 -1538 9966 1003 END
START -21368 4396 27828 -2845 8071 -1063 END
START -19912 2992 31800 4828 1395 3618 END
START -17208 4752 32767 10548 -884 4798 END
START -13956 5608 32767 4535 121 1818 END
START -12276 3984 32460 169 28 651 END
START -10756 1604 29060 -969 -108 1202 END
START -9128 -892 26384 659 -558 3938 END
START -9508 -1480 24672 -420 -1957 4019 END