START 25156 -7136 8988 8639 17048 -14260 END
START 20496 -4776 8072 9280 24811 -18998 END
START 22372 -10312 3808 8886 22247 -20090 END
START 10300 -12848 4244 7912 25336 -16989 END
START -1568 -6896 7012 10961 21634 -1163 END
START -9736 4440 12972 13555 15834 8561 END
START -17432 20644 22964 7014 16135 3968 END
START -20448 20988 24288 686 9021 -6239 END
START -21556 19184 24216 -4558 8998 -9865 END
START -20084 13912 22240 -6414 5672 -6901 END
START -17972 8836 20296 -5132 -337 874 END
START -15940 9996 17488 -9530 -8690 4181 END
START -7996 5664 20092 -1163 -6142 13516 END
START -4860 4472 19536 -1643 -8947 16668 END
START -1812 3148 16748 -853 -9092 18336 END
START -392 3172 15300 -873 -6117 17238 END
START 3492 2856 13220 -584 -4886 18091 END
START 4300 2880 12176 -1751 -4651 17762 END
START 7920 804 10972 -3486 -2907 18966 END
START 8684 -1396 10260 -4974 -1712 18564 END
START 9248 -3172 9132 -5356 -542 19341 END
START 8920 -3408 9704 -5516 1215 20431 END
START 7568 -3284 10832 -6603 3431 20310 END
START 6360 -3764 10912 -8564 5312 18928 END
START 6784 -6040 9028 -10830 5510 16465 END
START 8668 -9552 7636 -10659 4420 14560 END
START 10500 -10272 8228 -10545 3729 13074 END
START 11340 -11536 9724 -11809 6879 12163 END
START 13028 -13700 10548 -10765 8191 10868 END
START 9564 -14348 12652 -11576 10794 6264 END
START 6228 -17088 14044 -12309 11824 2260 END
START 3164 -20616 15228 -13401 10573 -2756 END
START 2656 -24644 13772 -11019 6926 -6992 END
START 4708 -29572 15692 -2878 5385 -12507 END
START 6684 -31832 18708 6753 -133 -9374 END
START 8280 -31068 25360 6576 -457 -11863 END
START 8708 -29868 26728 1403 5908 -16227 END
START 5436 -28368 20972 5000 10220 -20423 END
START 3008 -26484 17904 12502 10312 -22104 END
START -348 -21240 16156 18414 11182 -20303 END
START -5084 -12868 14920 22065 12191 -17526 END
START -9600 -3244 13620 23052 11433 -14435 END
START -11588 3940 13156 21195 9422 -13312 END
START -9848 10284 11924 18905 8864 -13925 END
START -11624 12760 9972 14955 6893 -16081 END
START -9172 12848 5496 12251 7414 -15183 END
START -6968 13164 1904 12162 7485 -8724 END
START -4684 16556 1780 11361 8323 -112 END
START -2904 18400 3268 8678 9850 4230 END
START -2636 17676 4588 4093 11590 3293 END
START -1644 15296 5308 509 11871 1239 END
START -992 12428 5788 -4024 12746 380 END
START -348 9368 6076 -7403 12939 1042 END
START 1548 6780 3284 -9386 14197 1784 END
START 4292 4244 4020 -8310 14813 4934 END
START 5456 2088 5632 -7616 17191 8945 END
START 5180 1464 7824 -7203 20452 9283 END
START 3428 -1716 14332 -8594 20514 7028 END
START -968 -5236 21016 -14133 18608 2356 END
START -2728 -11532 22300 -18615 19578 -8113 END
START -916 -19628 19736 -11053 17439 -16602 END
START -1240 -23240 20240 -2435 15428 -19052 END
START 3016 -20180 25356 8844 19171 -11647 END
START 56 -14180 32767 9484 21931 -10103 END
START -8980 -8692 32767 4989 22009 -15167 END
START -16404 -9528 30844 3084 20310 -22479 END
START -20280 -11268 28764 14810 15377 -22656 END
START -18552 -4952 31328 22682 11166 -11924 END
START -15588 3560 28864 25414 12515 2701 END
START -15900 13748 25856 23018 12717 10570 END
START -15484 16496 22280 18827 8859 13525 END
START -14064 16644 19328 13036 3504 8893 END