START 9776 -5728 14812 -841 -9702 -3209 END
START 9756 -6172 12732 1207 -9074 -3617 END
START 10900 -5256 14096 1946 -7293 -3817 END
START 10932 -3712 14188 3520 -4804 -5357 END
START 10032 -2628 13544 3489 -418 -7407 END
START 9352 -1500 12640 5430 2796 -8701 END
START 6696 -796 12328 5853 7264 -9689 END
START 3896 -292 11092 7095 10624 -8429 END
START 100 1160 10304 8021 12654 -5543 END
START -964 4196 10188 8478 16927 -59 END
START -9672 6860 11316 8619 14065 1810 END
START -10520 8428 10468 5804 11410 3276 END
START -12960 9960 10464 3232 8953 4466 END
START -14952 10492 10468 559 6654 3772 END
START -11552 8604 9448 -2367 1321 1923 END
START -7772 6692 10612 -5285 -1284 160 END
START -4352 4492 10916 -5969 -2720 260 END
START -1832 2908 11676 -6221 -2654 1006 END
START -12 1200 12192 -6342 -1445 1800 END
START 1632 168 11912 -6025 -29 2889 END
START 1532 16 11548 -4563 2219 3923 END
START 2664 -984 10104 -3248 3946 4581 END
START 3560 -1596 9696 -1351 5544 5200 END
START 3456 -1900 9384 -431 8027 5015 END
START 4432 -2016 7804 942 9704 4714 END
START 4804 -2508 7536 1993 11477 4898 END
START 4828 -2204 8676 2617 13907 5032 END
START 4828 -2044 8724 2296 15887 4191 END
START 4224 -1832 9756 1471 17684 2658 END
START 3604 -1824 10564 411 19778 738 END
START 2792 -1564 11024 89 22051 -1168 END
START 3068 -1240 11488 950 24753 -2846 END
START 2764 -1264 12484 3708 27159 -3139 END
START 1444 -640 16260 4807 28283 -3666 END
START -1644 180 19776 3625 29607 -4930 END
START -6928 240 22180 1812 28200 -5611 END
START -10164 2092 28704 -3308 31255 -8388 END
START -17124 16 27740 -2923 25741 -4975 END
START -20652 1060 32408 -941 19550 -1961 END
START -29372 3564 32767 -1764 10233 -633 END
START -22756 4884 32767 2986 6082 2739 END
START -21004 6000 32767 5592 851 2265 END
START -18088 5000 32767 2556 -2533 -236 END
START -14348 3496 32764 2737 -5817 612 END
START -11436 2832 30212 3790 -7640 2878 END
START -9416 2516 26948 4191 -8287 5054 END
START -8568 2940 24624 2937 -8328 6033 END
START -8144 3304 21960 1630 -8461 6106 END
START -7256 3320 20212 530 -8714 5288 END
START -1352 1976 17476 113 -10095 5380 END
START -5548 2204 17712 -3347 -9575 3370 END