START 13664 -3680 15308 -940 -7092 1853 END
START 15484 -4300 16592 -806 -7002 577 END
START 15720 -4736 16944 -1221 -5508 -1369 END
START 16912 -5852 16100 -282 -3251 -4043 END
START 18432 -7696 14584 970 -2142 -6386 END
START 21036 -10208 12592 2156 -1555 -7863 END
START 24008 -12280 9628 3544 -549 -8214 END
START 25592 -11808 7956 4883 904 -7911 END
START 24424 -8840 8204 6036 3554 -8980 END
START 22244 -5816 8432 6084 7174 -11226 END
START 17968 -1748 9412 5015 13162 -15760 END
START 13272 -148 8608 3130 18164 -19608 END
START 6476 -552 7308 1466 21648 -20352 END
START -1720 188 6468 2243 22896 -16433 END
START -11996 4160 8160 3777 20667 -9365 END
START -21752 10844 9140 4763 19143 -1276 END
START -28352 16224 15120 -2148 13953 -2529 END
START -28420 17248 16560 -4083 5293 -1158 END
START -24940 17108 17020 -6638 -68 1012 END
START -18356 15164 17044 -10131 -3403 3389 END
START -10644 11544 14176 -5102 -4829 6528 END
START -4544 7924 15668 -3798 -3626 12802 END
START -524 7724 15268 -2059 -2467 13982 END
START 3396 7900 16424 -1348 479 15125 END
START 4836 5892 14592 -2256 335 16919 END
START 6552 5184 14708 -3726 1544 18186 END
START 7388 4720 15112 -5309 2415 18101 END
START 8360 2820 14456 -6631 2127 17665 END
START 9272 956 14508 -8177 2222 17402 END
START 10232 -1352 15472 -10817 1805 16418 END
START 10984 -3736 15136 -12726 1533 15026 END
START 12104 -7196 15076 -12990 988 13926 END
START 12844 -9828 15500 -12615 1112 12015 END
START 12292 -12596 16404 -11180 1045 11068 END
START 12448 -15504 19888 -11947 4178 8665 END
START 9960 -16356 19092 -11225 5334 4390 END
START 7936 -19884 19220 -9409 4904 -12 END
START 7460 -24432 17236 -8650 3891 -4799 END
START 7564 -27940 16644 -5783 3233 -8785 END
START 7700 -29760 16184 -28 2469 -9720 END
START 7592 -28784 16268 4575 4022 -9577 END
START 5748 -24928 16044 9022 6529 -10555 END
START 4060 -20664 14912 12990 8012 -12965 END
START 2356 -15972 13728 15037 9344 -15706 END
START 296 -11460 11912 15027 9859 -18206 END
START -1968 -8868 10328 14625 9735 -20217 END
START -4616 -6016 9664 14978 9113 -20079 END
START -7500 -1436 8764 15668 9864 -17843 END
START -10428 4172 8584 17094 11253 -14429 END
START -11920 9248 7356 18273 11928 -9441 END
START -11304 15140 5616 18331 12104 -4471 END
START -9432 19376 3092 17115 12148 480 END
START -5440 21728 2432 13844 12972 3684 END
START -2164 22580 984 7455 15077 6117 END
START 356 22072 1136 3695 16082 6257 END
START 616 20292 3320 -141 17404 3642 END
START 876 15992 6224 -8221 20225 1697 END
START 1188 9056 8448 -17129 23304 1401 END
START -2160 4072 8044 -21693 22410 -1082 END
START -1400 -5452 7160 -19725 20717 1133 END
START -2536 -11956 12364 -21682 20815 -1547 END
START -4012 -18104 14388 -17041 18999 -9118 END
START -1764 -21280 20116 -9761 14554 -13885 END
START -548 -21368 25948 -5089 12863 -15981 END
START 872 -20016 29812 -759 15784 -17671 END
START -1660 -14796 32767 3747 16460 -20738 END
START -4888 -10148 32767 8873 20151 -23531 END
START -10804 -9740 31904 14572 20914 -19906 END
START -18396 -696 32767 18127 17942 -9511 END
START -19212 6264 31092 25930 11254 5631 END
START -22448 19140 32767 22304 6595 9109 END
START -17340 23748 31900 15238 360 5689 END
START -12976 22736 30468 6131 -3480 -805 END
START -7588 18564 30092 1259 -8014 -4902 END
START -4704 13484 26248 -2433 -7475 -3800 END