START 15076 -6320 10156 1766 10921 -12637 END
START 14208 -7424 8648 2840 12616 -12181 END
START 11364 -7460 9364 4432 14653 -10251 END
START 6156 -3916 12164 6144 15518 -6496 END
START -1768 2616 14344 4397 16084 -5486 END
START -10172 8544 17532 2677 16563 -3429 END
START -17508 12988 22908 -2134 11957 -6719 END
START -22560 11748 20800 -3715 5369 -5370 END
START -22188 10936 20748 -816 -1314 1881 END
START -18684 11680 21280 726 -5686 7885 END
START -19184 12768 25868 -255 -6595 9932 END
START -4880 9000 21688 -84 -9348 11194 END
START -1356 6296 21292 -251 -8800 12112 END
START -400 4100 20144 -910 -7335 11237 END
START 1048 976 16924 -661 -6330 12038 END
START 1884 -1756 14072 -192 -6253 12332 END
START 2308 -2764 12652 334 -5171 11937 END
START 4032 -4012 10960 923 -4350 10837 END
START 5436 -5128 9796 1689 -3245 9750 END
START 7676 -6492 9548 2064 -3454 9330 END
START 10592 -7112 9180 1918 -2711 8647 END
START 12952 -7384 9580 1509 -2009 8582 END
START 13692 -6736 10508 -134 -58 7323 END
START 13944 -6928 10396 -741 1642 5915 END
START 13488 -7232 10432 -1185 3307 3571 END
START 12940 -7596 10884 -1188 5108 887 END
START 12188 -7940 10568 -1571 6513 -1619 END
START 11308 -9276 10052 -1102 7180 -3998 END
START 11060 -9280 9072 -401 7008 -5100 END
START 11832 -9088 8484 472 6999 -5868 END
START 13168 -9032 7920 1961 8388 -6671 END
START 13936 -7884 7180 4058 10900 -7005 END
START 15080 -7656 8100 5538 16009 -6747 END
START 13204 -3576 7060 7277 18938 -8650 END
START 10140 -2348 7088 8598 24571 -8355 END
START 9164 -852 6152 6961 29344 -9999 END
START 7936 -304 6132 4357 32532 -12923 END
START 6952 -812 4840 2585 32767 -14437 END
START 4052 -1924 4812 1894 32767 -14885 END
START 876 -2088 6784 2105 32767 -13484 END
START -3980 1188 11396 -395 32767 -12492 END
START -12256 3532 15948 -5363 32767 -13722 END
START -20348 3124 19468 -7831 32767 -13406 END
START -28620 2712 21800 -7189 31308 -13159 END
START -31324 2820 20952 -4565 25749 -9925 END
START -31416 3212 23612 -1959 18931 -3914 END
START -30176 5488 29760 -2108 10173 278 END
START -21256 4196 26336 -5944 4200 -1419 END
START -20504 1616 29620 -394 1656 2348 END
START -14000 1544 30900 556 1629 2107 END
START -11652 -1184 26320 3767 897 3867 END
START -5172 100 25136 5430 1625 7020 END
START -5264 1484 27692 3233 2182 7264 END
START -5884 1880 26568 2410 2604 7114 END
START -7120 1700 25364 595 1028 5535 END
START -7612 1296 24344 -1599 -139 2980 END
START -7352 -968 21956 -2329 -1256 1513 END
START -6976 -2412 21100 -307 -3834 1860 END
START -6036 -1352 22024 311 -3955 3689 END
START -4904 716 23056 1385 -2390 4976 END
START -7436 1240 24636 1226 -1313 3635 END
START -7676 -872 22108 162 -2177 2707 END