START 6912 -556 15292 642 -6583 -2343 END
START 7900 -544 13424 1199 -5062 -4575 END
START 8100 -908 13096 1687 -2781 -6282 END
START 8516 -968 12272 1964 49 -8164 END
START 8320 -1440 11232 1499 2877 -9678 END
START 6752 -2172 9824 1308 6222 -10892 END
START 5960 -2772 7856 2496 8102 -9435 END
START 4304 -1772 6820 3694 10329 -7602 END
START 316 -672 5612 5152 11855 -4829 END
START -3948 964 7756 5659 12434 -3934 END
START -1460 3180 4596 1716 15529 -3840 END
START -3204 4376 5804 -47 15671 -5273 END
START -5872 5680 4936 -2788 17789 -7795 END
START -7272 4992 3680 -5234 20133 -11650 END
START -8548 3580 2524 -4380 21171 -12369 END
START -8916 2772 3296 -3202 22797 -10278 END
START -10716 1936 3928 -3341 24093 -6408 END
START -9940 -288 3672 -3776 21001 -464 END
START -12776 2532 5352 -3709 23798 4757 END
START -11464 3760 6584 -4970 24806 6831 END
START -12744 4240 9564 -754 23244 12418 END
START -13068 5176 9420 -3940 24516 7757 END
START -12080 4184 11316 -5945 23506 1513 END
START -11556 2832 14152 -4083 20904 182 END
START -10184 1884 17248 -4023 22662 -602 END
START -12480 656 19188 -5648 20421 -2257 END
START -13124 -2108 22044 -4704 20855 117 END
START -15448 -2212 24200 -2415 17847 3868 END
START -16056 -1292 27928 -469 13576 5281 END
START -12540 -804 28476 -633 9719 3415 END
START -15132 1104 32232 528 7535 3210 END
START -13676 2068 32767 1279 8116 2576 END
START -14824 2312 32767 1627 6869 1313 END
START -15420 1532 32767 1785 4252 669 END
START -15976 1104 32767 1593 1321 1306 END
START -15684 1156 30744 1553 -864 2654 END
START -11580 1456 28524 2135 -5466 4066 END
START -12732 1520 27188 1018 -7301 5371 END
START -12564 2452 26268 489 -10035 6194 END