START 9924 -2496 16968 3827 -3374 -4195 END
START 10096 -1980 16320 4780 -2591 -2425 END
START 9524 -276 15748 4856 -1895 -1559 END
START 8952 808 16256 3556 -1638 -2156 END
START 8436 1848 16628 1504 -1427 -4215 END
START 8880 1540 16040 -240 -610 -7167 END
START 7340 1120 14928 -1181 803 -9821 END
START 7144 -160 12976 -322 2571 -10656 END
START 5748 -544 11292 674 5153 -10433 END
START 4708 -440 9484 1700 6661 -8284 END
START 3092 472 8236 2812 7863 -5885 END
START 2768 1788 6768 2627 9390 -4774 END
START 1764 1948 5048 3052 10405 -4126 END
START 956 3348 5532 1079 11086 -4008 END
START 1032 3588 5264 -910 12160 -4361 END
START 0 2912 4528 -4148 13490 -4987 END
START -720 2336 3832 -5957 14336 -4324 END
START -1156 1832 3200 -7210 15517 -2847 END
START -2360 1924 2268 -6856 17859 -1738 END
START -1836 2164 1756 -5395 20925 -1324 END
START -2036 2672 2000 -3747 25186 -1052 END
START -1736 3104 936 -1314 29242 233 END
START -1952 3008 92 32 32767 530 END
START -2520 2824 -384 -96 32767 348 END
START -5280 1876 -468 -2164 32767 2411 END
START -6496 2168 -396 -3609 32767 6510 END
START -15004 3592 3140 -5787 32767 8503 END
START -13464 2636 5224 -7180 30693 5353 END
START -17052 2000 7292 -8287 23316 1204 END
START -15808 524 17988 -5607 17030 -788 END
START -14704 -456 25156 -11152 18124 -5944 END
START -13652 -4856 28588 -13115 19413 -9469 END
START -15196 -7204 30972 -10697 17616 -6881 END
START -15564 -8060 31364 -5161 15882 2216 END
START -21008 -4856 32767 288 13927 7456 END
START -14324 -4096 32767 4272 12525 10830 END
START -13740 -2168 32088 8248 9188 9227 END
START -13756 -836 29776 8660 7320 6393 END
START -13928 1112 28008 8369 7077 4218 END
START -15148 1192 25244 7774 5376 3275 END
START -15152 1796 22912 8604 2128 3961 END
START -14432 2428 20688 8579 338 4878 END
START -13540 3332 17424 7655 -204 5170 END
START -11552 4036 15300 5839 368 4621 END
START -11388 3952 15544 4428 -1914 4887 END
START -9608 2628 15236 2694 -4470 4889 END