START 14392 -1028 15288 2201 11697 -15007 END
START 12464 -2408 12708 150 15307 -19795 END
START 8464 -4544 10192 1347 20824 -18794 END
START 144 -4964 8924 2963 20575 -15082 END
START -10272 -1912 9992 4552 16305 -8799 END
START -22096 7356 15700 6134 13456 -1260 END
START -29716 15036 18760 3840 9795 245 END
START -31328 15120 15328 -2781 7253 -3476 END
START -27540 10448 10904 -3831 -2082 -4384 END
START -22480 8328 15268 -6052 -9259 -1700 END
START -11152 6136 14532 -1578 -10287 6455 END
START -3228 5480 14456 -753 -10308 10111 END
START -2032 5872 15028 -1024 -6195 9542 END
START 768 4472 14760 -82 -3739 9630 END
START 2296 2516 14148 1385 -2362 11272 END
START 2792 1980 12944 133 -944 10802 END
START 3164 908 12664 -839 -1192 10318 END
START 3592 -732 13444 -1931 -1050 10069 END
START 3684 -1916 13272 -2725 -1253 9218 END
START 4276 -3096 13180 -2349 -1074 8577 END
START 6280 -2884 14320 -763 -478 7946 END
START 7528 -2476 15520 46 824 6123 END
START 8448 -2652 15628 -144 2419 4903 END
START 9264 -2736 15876 49 4075 4075 END
START 8824 -2620 15820 -201 5537 3431 END
START 7652 -2968 15592 -779 6780 2336 END
START 7112 -3476 14724 -875 7930 1217 END
START 6432 -3756 13524 -474 8472 993 END
START 5944 -3748 12644 259 9476 871 END
START 5240 -3416 12224 1382 10599 551 END
START 5116 -3028 11896 2955 11692 61 END
START 4892 -2144 12064 2896 12964 -1327 END
START 4956 -1996 11496 2730 14639 -2881 END
START 4704 -1956 10976 2229 16211 -4067 END
START 3572 -1428 10664 2171 18254 -4579 END
START 2156 -808 9940 2626 20953 -4111 END
START 876 252 8688 3067 23619 -3411 END
START -44 1724 8400 3544 25666 -1967 END
START -1300 3204 9016 4114 27579 7 END
START -2836 4760 10964 3627 28847 472 END
START -4372 5656 13916 1600 29433 -1276 END
START -4680 5132 17052 -2339 30637 -4420 END
START -9920 4148 18372 -4459 30192 -7489 END
START -13360 1780 17824 -4065 28793 -8437 END
START -15128 1208 20744 -1999 27845 -7215 END
START -17152 1668 22720 1296 24026 -2854 END
START -19084 2828 27412 2229 19691 -553 END
START -20420 2016 29724 45 17011 -1330 END
START -23744 3040 31416 -2116 13042 -2555 END
START -19752 1020 31276 128 8967 -1623 END
START -18172 204 31296 669 3739 -2490 END
START -17604 -1056 31056 2153 2996 -402 END
START -16972 -980 30296 3688 1452 371 END
START -16996 -460 28284 4732 -536 2553 END
START -15992 396 25740 5047 -3998 5455 END
START -15680 1428 24308 5644 -7500 8695 END
START -15308 3148 22516 4546 -11145 9980 END