START -148 1304 4408 1216 26710 -8520 END
START -4532 2084 5976 -2394 32429 -11501 END
START -6756 1212 4072 -3781 32767 -14168 END
START -11016 144 3236 -4425 32767 -12969 END
START -16776 -352 3156 -5321 32767 -9245 END
START -20748 452 3736 -5130 31376 -3717 END
START -24948 2184 4384 -4995 25764 1298 END
START -25040 3476 5360 -5802 19111 4711 END
START -23664 4484 7380 -3383 13183 7806 END
START -20176 4504 9412 -3038 9366 7920 END
START -17692 4112 13540 -2363 7884 4506 END
START -16896 4344 16828 -7951 12127 1170 END
START -17724 1924 16428 -9536 13438 -538 END
START -16340 -852 15556 -7342 11874 2623 END
START -16840 -808 16328 -5071 11266 5312 END
START -14892 -776 16820 -2932 9409 6279 END
START -15164 20 18836 -392 9166 7885 END
START -14080 1924 20568 -1149 8541 6658 END
START -12776 1496 20976 -2712 6827 4337 END
START -11636 1140 21804 -3470 7955 3593 END
START -12284 -8 21720 -3926 7636 3712 END
START -12176 204 22820 -2632 6633 4137 END
START -12388 -608 22424 -3096 6095 3538 END
START -11972 -772 22024 -1298 5199 4487 END
START -12092 -344 22116 -369 3819 4902 END
START -12380 108 21452 263 1567 5531 END
START -11692 876 22268 -297 -1228 5315 END
START -10564 1316 22632 -1869 -2717 4152 END
START -10452 868 22192 -3743 -3550 2843 END
START -9544 492 21524 -4088 -4761 1940 END
START -9556 -732 21428 -4315 -5973 842 END