START 7384 -800 9592 3927 5448 -6399 END
START 5952 -1380 6320 3830 7930 -5064 END
START 4164 -692 5272 3509 9679 -3383 END
START 1524 140 4540 3287 10948 -1638 END
START -272 20 3188 2546 11066 -755 END
START 64 1356 4748 854 11162 463 END
START 216 2400 4808 -1554 11145 -249 END
START -80 2724 5264 -2984 11765 -254 END
START -864 3120 5836 -4110 12519 -388 END
START -1984 3408 6528 -4943 15874 -134 END
START -1304 3072 5612 -5715 15319 -130 END
START -340 2056 7104 -6695 16036 215 END
START -92 952 10968 -7504 16066 615 END
START 2388 -376 16480 -8417 14041 406 END
START -432 -992 23820 -9020 11650 160 END
START -664 -2344 25112 -7484 9397 -669 END
START 120 -1836 28760 -6165 10800 -2469 END
START 172 -2760 28332 1749 5178 1516 END
START 2692 -2972 32767 307 4655 2049 END
START 1628 -1504 32767 369 1779 550 END
START 2856 -1828 32767 4050 633 2852 END
START -2632 892 32767 1789 744 2126 END
START -1060 2460 32767 2363 2449 627 END
START 1948 2504 30904 6282 2429 53 END
START -1064 648 27232 10446 -1531 1561 END