START 9900 -6604 13748 5035 -10580 -8908 END
START 10828 -4216 15552 5540 -6785 -10835 END
START 9632 -2104 13640 6246 -1969 -12353 END
START 5056 336 12036 7618 2858 -11912 END
START 496 3724 10860 10361 5464 -7961 END
START -4912 8576 10636 11288 7404 -3944 END
START -9096 13288 10176 10333 8753 -185 END
START -11584 16472 8620 7426 9448 2989 END
START -13564 18780 8820 5213 5097 2917 END
START -13888 18724 8092 1004 1943 3767 END
START -10936 17352 8928 -3153 20 4782 END
START -7116 15036 9360 -6276 -806 5735 END
START -2988 12208 9768 -7571 -529 6587 END
START -372 10116 10712 -7621 869 7738 END
START 1076 8564 11516 -7653 3095 8856 END
START 1540 7288 11340 -7992 5321 9786 END
START 1868 5580 10744 -7554 6868 11719 END
START 2428 4992 11216 -7483 8205 13628 END
START 3756 3184 11900 -8388 9739 14604 END
START 2628 1860 13700 -8667 10639 15969 END
START 2856 -212 14144 -11336 10628 13974 END
START 2972 -2444 15596 -12688 9622 11074 END
START 3740 -5544 18108 -13767 8239 7975 END
START 2520 -8320 22504 -15156 6740 4303 END
START 2020 -13076 23932 -17155 6916 578 END
START -252 -16808 23276 -13200 6385 -1793 END
START 1112 -19708 22404 -7986 4658 -2934 END
START 1616 -19284 23648 -1121 3461 -2219 END
START 2080 -16304 25420 2114 4406 -2373 END
START 436 -13216 25900 4836 5414 -4029 END
START -1968 -11128 24664 5903 5696 -7257 END
START -4192 -9908 23072 7238 4767 -9835 END
START -4580 -8008 20688 8598 4458 -11114 END
START -7844 -6300 19240 11502 2939 -9724 END
START -9016 -3260 17236 13046 1410 -8744 END
START -9864 876 15492 12807 -706 -7839 END
START -10292 3764 14568 11943 -2263 -8632 END
START -6284 5544 13092 10036 -2997 -10501 END
START -7120 7264 12392 11106 -3448 -9817 END
START -4568 7096 11220 8384 -675 -9232 END
START -3636 8072 10684 8342 290 -6064 END
START -2760 8580 9284 7066 1617 -3978 END
START -1804 8564 8900 5056 2927 -3001 END
START -1392 8604 8160 2622 3160 -2647 END
START -1140 8336 7364 148 3686 -3340 END
START -252 7244 6848 -1501 4352 -4485 END
START 832 6076 6592 -2141 5326 -5191 END
START 2144 4872 6444 -1848 7435 -4746 END
START 2932 4484 6584 -1111 10000 -3775 END
START 3012 4384 7040 -127 13083 -2916 END
START 2832 4144 8860 972 15430 -1747 END
START 2068 4244 9364 431 17900 -1247 END
START 1092 4140 9588 211 19257 -529 END
START 172 4728 10872 62 19666 117 END
START -264 5324 12008 461 20081 835 END
START -696 6696 13452 98 20474 955 END
START -1040 7808 14320 1390 21293 1559 END
START -2676 9772 16224 1890 22427 2456 END
START -5980 11768 19064 1476 23124 3136 END
START -9604 13228 21088 -699 23400 5174 END
START -12204 12548 21008 -2683 22179 6671 END
START -14800 12316 22668 -3374 17137 9145 END
START -11552 12148 25488 -6619 13883 7459 END
START -16376 9836 29980 -7991 8997 6417 END
START -16052 5428 31640 -10412 3613 4350 END
START -16264 1028 32767 -13653 -760 756 END
START -16120 -3700 32767 -13428 -3966 -735 END
START -13168 -8476 32744 -8365 -5842 1233 END
START -12092 -9848 28636 -3021 -6275 3429 END
START -11380 -8668 28600 1342 -6833 4600 END
START -11348 -5888 24124 6515 -6998 5238 END
START -10044 -3532 21404 8207 -6258 4855 END
START -9832 -2620 20372 9284 -6546 6738 END
START -9992 -440 18388 8616 -6525 8087 END
START -9832 948 15624 6295 -5716 7608 END
START -7664 936 13160 5349 -5821 7915 END
START -9284 2480 12372 4844 -4389 7206 END
START -8540 2632 11656 2421 -4349 5585 END