START 10656 -3268 14668 3093 -8246 -7531 END
START 7708 712 16388 4343 -5316 -8583 END
START 7636 1544 13840 3877 -1831 -8466 END
START 4664 4236 14392 4534 1128 -7411 END
START -400 6340 14200 5249 4237 -5712 END
START -5092 8076 13296 4546 5998 -3597 END
START -9700 9992 12768 4512 6378 -466 END
START -13068 11920 11228 3623 5349 3206 END
START -13476 14296 10896 2749 3343 6262 END
START -7576 15456 10616 564 1280 7649 END
START -6776 15300 12236 -1378 -1833 6970 END
START -4696 13628 12944 -4529 -1694 6999 END
START -1832 11204 12440 -5570 -1046 8225 END
START -624 9344 12604 -6497 990 9042 END
START 292 7964 12096 -6619 2139 10694 END
START 1136 7208 11396 -6768 3605 12926 END
START 2252 6492 10596 -7519 4801 14036 END
START 3212 5180 11140 -9040 5531 14525 END
START 4980 3144 11740 -11519 6293 14339 END
START 5660 376 13940 -13220 6218 14077 END
START 5464 -2568 16204 -15986 6332 11459 END
START 5084 -6144 18336 -17233 5703 8427 END
START 4488 -9940 20664 -16607 6397 4419 END
START 3004 -12800 21144 -13336 4643 1505 END
START 4352 -15372 22928 -10538 4288 -1713 END
START 3656 -17628 24376 -6379 4387 -4233 END
START 2412 -18700 24280 -3114 3924 -6219 END
START 1112 -17936 23724 632 4049 -7704 END
START -48 -15808 22732 5228 4210 -8500 END
START -1856 -13236 21480 8857 4390 -9921 END
START -3668 -10052 19256 11740 4439 -11030 END
START -5400 -6916 16860 13407 3740 -11133 END
START -6528 -3760 15112 13869 2196 -10127 END
START -7552 128 13916 13981 1432 -9434 END
START -8440 2636 10632 12415 -713 -8691 END
START -7500 4624 10756 11489 -397 -9050 END
START -6284 5764 9268 10455 -937 -8921 END
START -4848 7340 8972 9373 -586 -8957 END
START -2932 7580 7468 7270 1321 -9503 END
START -1808 7844 6260 7284 2816 -8214 END
START -548 8912 5328 6742 5633 -6407 END
START 500 10408 4344 6121 8984 -4129 END
START -976 11648 4312 4877 11817 -1773 END
START 2092 12536 3956 1202 14617 -742 END
START 2112 13152 5732 -1831 16168 -1121 END
START 2088 11660 6792 -6529 17577 -2429 END
START 836 10120 8744 -8351 19030 -2302 END
START -1492 9320 10308 -8908 20642 -2512 END
START -3116 8136 12628 -7605 22079 -2469 END
START -1420 6816 13608 -7508 23263 -1880 END
START -2692 6964 15504 -5964 23037 465 END
START -1804 8040 17296 -4232 22351 2926 END
START -1368 8884 21504 -3093 21756 5148 END
START -3472 10364 25140 -4886 21948 6975 END
START -5940 10768 26948 -7789 19969 7359 END
START -10580 9896 30708 -8187 17213 8767 END
START -13576 7652 32767 -7971 12718 6345 END
START -15880 4520 32767 -7525 4382 4325 END
START -17064 1632 32767 -6036 -273 4924 END
START -16572 -1584 32767 -3947 -5562 4956 END
START -16192 -3640 32767 -1037 -9639 5435 END
START -13360 -5788 32767 3345 -11749 5857 END
START -11592 -5408 29268 6432 -12301 6985 END
START -9940 -4976 24136 10082 -11452 7937 END
START -9020 -3660 20312 11394 -9922 8567 END
START -8656 -2480 16016 9886 -7880 8757 END
START -9480 -892 9848 8361 -5416 9383 END
START -7548 -696 7640 7420 -4946 8006 END
START -6484 144 7040 5035 -5669 5043 END
START -6024 52 6200 1726 -5184 621 END