START 7800 -4008 18832 5051 -36 -15605 END
START 5984 -2344 17628 7873 2439 -15301 END
START 3316 320 16636 10216 5414 -13677 END
START -336 4068 15400 11102 7599 -10908 END
START -6136 9020 14472 10600 10149 -7633 END
START -9056 12500 12428 8354 7957 -5549 END
START -11468 14676 12488 6667 7022 -2991 END
START -15716 17916 12848 3907 7321 477 END
START -16028 18428 10360 171 5022 2785 END
START -14720 17404 8580 -3478 3602 4786 END
START -10648 15936 8116 -4903 1535 6095 END
START -6984 14056 8724 -6907 1233 6899 END
START -3620 12576 8136 -7294 2127 9578 END
START -1176 11752 9012 -9056 3967 11135 END
START 824 10440 9464 -11475 6001 11546 END
START 1548 8672 9688 -12365 6188 12513 END
START 2072 7088 11508 -14725 7651 12557 END
START 1612 4552 12316 -16353 8311 13056 END
START 4 3328 12384 -17246 7845 13457 END
START 1068 432 14204 -16383 8879 14132 END
START 300 -756 15712 -13912 8336 15603 END
START 784 -2500 16216 -13796 8124 14330 END
START 972 -4376 18368 -13584 6858 12727 END
START 2436 -6148 20516 -13725 5320 10688 END
START 1852 -8548 22968 -15509 5313 7005 END
START 3356 -13020 23164 -15409 4699 4597 END
START 1080 -15092 22944 -13024 4621 3177 END
START 1000 -17396 21808 -9682 4141 914 END
START 300 -18256 21192 -4981 2995 -1782 END
START 2372 -19848 20968 -468 1350 -3535 END
START 3136 -19664 22512 2371 2129 -5313 END
START 1936 -19056 21712 5917 2588 -6466 END
START 676 -18056 19972 8897 3220 -8678 END
START -464 -16448 18016 12123 3908 -10644 END
START -1200 -13288 16012 14348 3682 -12284 END
START -2492 -10024 14728 15102 3847 -14173 END
START -3616 -7056 12904 15944 4155 -15218 END
START -4592 -3660 11100 17368 4364 -15047 END
START -6064 416 10744 18679 3486 -13869 END
START -6596 4080 11252 15825 5358 -14459 END
START -8264 6332 9148 13036 5638 -13093 END
START -8588 8340 9040 11409 4764 -11316 END
START -8440 9544 7668 8363 5379 -11656 END
START -9448 10584 6912 6553 5817 -11143 END
START -5328 11052 5592 7523 4872 -9067 END
START -3536 12768 5660 6600 7773 -8004 END
START -1840 14728 5912 6702 10070 -5131 END
START -884 15752 6672 4878 12563 -2294 END
START 88 15796 8336 792 15522 -875 END
START 500 14964 8696 -2385 17618 326 END
START -236 14308 9340 -4578 17948 1882 END
START -136 14072 11388 -5499 18099 3687 END
START -680 13776 13604 -6906 18801 4274 END
START -4508 13916 16564 -7193 17497 2845 END
START -4008 12632 20200 -7743 17684 2053 END
START -6560 10604 21292 -9533 16992 1708 END
START -6292 7572 22216 -8378 16406 4675 END
START -10900 7816 27452 -8909 13839 6561 END
START -6888 6044 31196 -4797 8196 10475 END
START -9476 7168 32767 -8211 6114 8937 END
START -11468 4104 32767 -11242 3721 6928 END
START -12812 -684 32767 -9318 -1044 5564 END
START -13928 -3628 32767 -7854 -2671 3076 END
START -13364 -5808 31492 -827 -7015 4620 END
START -12456 -5584 28980 3636 -10213 7418 END
START -10656 -4316 25552 6550 -9887 9164 END
START -9624 -2016 25184 8087 -9917 10181 END
START -9852 -1632 22140 5185 -7500 8423 END
START -10272 -2196 16780 4716 -5275 7299 END
START -5068 -2912 13124 5334 -4090 7478 END
START -10428 -1844 11080 4765 -5228 4476 END