START 2228 172 15420 -8946 2577 5921 END
START 444 -1796 17876 -10202 1389 4693 END
START 584 -5292 17652 -11466 -1287 2272 END
START 1100 -7996 20220 -10692 -2694 -1121 END
START 2380 -12488 20660 -7120 -4100 -3992 END
START 4248 -16464 23408 -4623 -7408 -7315 END
START 6232 -18732 25400 -3851 -8307 -10858 END
START 7088 -19780 22912 418 -7103 -11432 END
START 8448 -18092 21412 5014 -5899 -12150 END
START 7992 -14672 19824 10989 -3073 -12835 END
START 8088 -7964 17948 15230 -512 -13308 END
START 1636 -2760 15620 16065 4513 -14702 END
START -2248 1732 12008 15871 6068 -12327 END
START -5696 5724 10476 15053 5972 -8718 END
START -8668 9892 8716 12003 5681 -5270 END
START -7628 14244 9016 10044 5415 -1790 END
START -11640 16688 8984 7081 2165 -961 END
START -10988 18256 9864 3584 1447 391 END
START -9404 18040 10152 -150 1190 1146 END
START -7016 15624 9544 -3845 949 2080 END
START -4172 13364 9872 -4996 574 4960 END
START -1840 11544 10872 -6107 1041 7192 END
START -616 9472 11032 -8017 1684 8189 END
START 660 7720 12436 -8170 1412 9511 END
START 1740 6156 13236 -8409 1700 9897 END
START 2796 4756 13544 -8446 2309 9779 END
START 2728 3016 15156 -7719 3139 10542 END
START 3784 1260 16172 -8290 3976 9704 END
START 3548 -932 15844 -5913 4849 12165 END
START 3760 -1424 15432 -5897 6480 12494 END
START 3484 -1740 14620 -4641 6433 11788 END
START 4336 -1636 14536 -4438 6755 10684 END
START 4460 -2320 13944 -4622 7231 10158 END
START 3928 -4032 15428 -4869 7054 9893 END
START 2984 -6304 17260 -5747 7143 8268 END
START 2500 -8716 18648 -6559 6314 5634 END
START 3948 -11000 20056 -5911 5658 2360 END
START 4096 -12800 19656 -4325 4791 -57 END
START 4424 -14072 19808 -1366 5068 -1297 END
START 3996 -14728 21936 1418 4075 -2249 END
START 2916 -15256 24264 1759 4917 -4494 END
START 1012 -16216 24996 2885 4228 -7583 END
START -432 -17172 24632 4700 3721 -10511 END
START -1224 -16384 23328 8826 3461 -11983 END
START -2436 -13160 22120 12198 3547 -13349 END
START -3516 -8924 19108 14320 3754 -14928 END
START -3872 -5644 16880 15187 3670 -15961 END
START -4828 -1928 15072 15330 4079 -17327 END
START -4856 800 11928 14802 5071 -17205 END
START -6640 2872 9336 15258 5843 -14627 END
START -6960 6584 7892 13911 7445 -12824 END
START -7972 9984 5796 12363 8297 -9401 END
START -7116 13216 5844 11150 8434 -6295 END
START -3640 14668 4816 5957 8693 -5910 END
START -5296 14864 5796 1884 10400 -5859 END
START -5260 13796 6360 -1115 10713 -6615 END
START -5256 12212 7276 -4513 12258 -7375 END
START -5304 9944 7872 -6088 13923 -6513 END
START -5464 8004 9112 -6436 15706 -4875 END
START -5272 6440 10008 -6313 17142 -2491 END
START -4788 6320 10512 -4953 17953 1052 END
START -3856 7516 13004 -4269 18551 3596 END
START -4232 8764 15956 -3170 18302 4713 END
START -3644 8012 19592 -4649 19101 3927 END
START -6764 7072 20608 -7017 20529 4376 END
START -8972 5456 21292 -7263 19667 5987 END
START -9672 4168 20520 -6094 18695 7877 END
START -9764 6208 22224 -4116 14909 9392 END
START -9068 7848 26188 -5563 11989 8221 END
START -9244 5784 30048 -9889 9095 6240 END
START -10908 2996 32767 -12859 6687 4405 END
START -11704 -2188 32132 -13913 2064 1867 END
START -14320 -7428 32124 -12097 -649 2577 END
START -15252 -9512 29940 -4782 -2391 3771 END
START -13192 -8348 29436 1197 -4830 6968 END
START -12680 -6344 28072 3444 -6668 6100 END
START -11868 -4212 25444 4555 -8299 4280 END
START -10704 -3772 23312 5187 -8885 3830 END
START -9884 -2812 20528 6194 -8808 4164 END
START -7920 -1336 18240 8077 -7836 5205 END
START -8240 -304 17268 9197 -5909 6590 END
START -9044 1280 15172 8634 -3780 6781 END
START -9996 1192 10912 6704 -2377 7773 END
START -2656 2528 11088 6255 -1728 8629 END
START -9712 4520 12464 3041 -3903 5298 END
START -8964 3404 10668 437 -5771 2275 END