START 10820 -4948 13528 4466 -581 -8526 END
START 7728 -4740 14444 3025 1223 -10320 END
START 3792 -3376 14388 3939 3855 -10777 END
START -428 -696 14400 5961 5775 -8848 END
START -6644 3308 16380 7720 10664 -5332 END
START -10332 8604 15376 7652 10013 -4056 END
START -12848 11652 14740 6516 8175 -3202 END
START -15680 11724 12980 5872 4125 -742 END
START -14756 13320 14188 3266 1373 477 END
START -14372 12988 15612 12 -572 1754 END
START -10044 13340 14240 187 -3243 5283 END
START -5816 11844 13384 -1582 -3826 6509 END
START -1716 10064 14808 -3260 -3862 6959 END
START 960 8504 15644 -3907 -2958 8432 END
START 2352 6492 15820 -4802 -1232 8563 END
START 2892 4384 15428 -5319 -97 8334 END
START 3184 2996 15476 -5001 977 8572 END
START 3316 1752 14976 -4448 2033 9404 END
START 3764 1808 14952 -3665 2998 10813 END
START 4128 2360 14748 -3896 3985 11945 END
START 4624 2940 14264 -4789 5020 11743 END
START 4908 2340 14948 -5979 5518 11544 END
START 4508 1276 15964 -8266 5928 10811 END
START 3416 -764 16788 -10920 6025 9235 END
START 2320 -3452 16940 -12092 5638 7310 END
START 1992 -6008 17068 -11621 4652 5276 END
START 1048 -8116 17952 -9999 3732 3528 END
START 2548 -10480 19280 -7686 2517 3030 END
START 2172 -11196 21400 -6684 2270 1349 END
START 1372 -12136 21376 -5510 2729 -1041 END
START 808 -13788 21716 -3476 1758 -2756 END
START 1468 -14560 21972 -1128 2443 -5067 END
START 1428 -14384 21472 2012 2841 -6979 END
START 512 -13684 19936 6022 3361 -8333 END
START -832 -11852 18100 8993 3842 -9487 END
START -1980 -10052 15904 11080 4052 -10060 END
START -3232 -7720 14452 12545 3539 -10298 END
START -4348 -4760 13304 12971 3356 -10396 END
START -5124 -1604 11976 13056 2364 -10096 END
START -4932 1180 11008 11280 2518 -11186 END
START -4272 3692 10520 9963 2447 -11799 END
START -4012 5172 10064 8144 2815 -11684 END
START -2568 5732 9552 7015 3441 -10723 END
START -3448 6100 9656 5854 3851 -10621 END
START -1096 6208 8056 4245 7042 -10457 END
START -1432 6964 7732 4878 9080 -9385 END
START -1052 7932 7468 4945 11806 -7923 END
START -1212 9344 7172 4146 14316 -5491 END
START -1996 10180 7612 2678 16086 -2999 END
START -2272 10624 8156 205 16763 -1929 END
START -2120 11124 9552 -1862 16898 -1948 END
START -1452 10272 10668 -3912 17744 -2357 END
START -1308 9532 11496 -4509 18984 -2071 END
START -1484 8616 13056 -3672 21055 -964 END
START -2704 8108 15040 -3907 22699 792 END
START -4072 7692 16540 -3143 23461 4616 END
START -5456 9428 18736 -4279 22940 7448 END
START -8592 10740 19544 -6217 20761 6692 END
START -7128 8780 23624 -6552 15084 6104 END
START -8372 7412 27676 -12152 13896 2387 END
START -10840 4036 30704 -12073 9402 666 END
START -12004 1016 32767 -11624 5821 -205 END
START -12784 -1628 32767 -9715 3977 116 END
START -13392 -3292 32767 -3980 1102 4718 END
START -13928 -1984 32220 -1053 663 8357 END
START -13200 696 32767 3627 -1949 12259 END
START -13524 1552 30696 3955 -4138 11266 END
START -13780 1368 28964 1826 -7910 8914 END
START -12556 -144 27044 860 -8052 7669 END
START -12420 -1620 23228 2250 -9338 9728 END
START -11064 -2388 20068 2972 -9692 11222 END
START -10144 -2812 16680 3370 -9270 11568 END
START -9296 -3264 14148 6557 -8949 11700 END
START -8308 -1916 13372 7340 -8287 11013 END
START -7408 -760 11072 5467 -6676 8498 END
START -6984 -1464 9172 2874 -5394 4430 END
START -6628 -1940 7380 2210 -4477 1895 END