START 11440 -6592 14468 4369 -6418 -6635 END
START 10304 -4500 15344 4979 -3063 -9093 END
START 7828 -1540 15576 5915 1819 -12065 END
START 5640 -4 13520 7254 7417 -14552 END
START 2148 1268 11644 9002 11347 -13585 END
START -2804 3884 10164 11673 13187 -8598 END
START -6260 8740 10788 11675 14163 -907 END
START -14072 15600 12164 11649 12432 5441 END
START -18940 18392 10572 4054 9211 7887 END
START -17052 19704 11728 93 2366 7001 END
START -15992 18200 12304 -5981 -1737 3795 END
START -8104 14592 11860 -7412 -5240 4276 END
START -2556 10268 12472 -8352 -4178 4803 END
START -460 7364 13788 -7719 -4211 6526 END
START 2700 6248 13944 -7067 -274 9565 END
START 3816 5864 14108 -7314 2011 10431 END
START 4004 3708 13936 -8240 4359 10567 END
START 3672 1952 14548 -6865 5513 13173 END
START 3652 1376 14348 -8373 6527 13274 END
START 3252 -248 14944 -10080 5488 12249 END
START 3452 -2248 15164 -12797 4953 9638 END
START 4636 -5176 15488 -13011 4315 7296 END
START 5800 -8072 17304 -12331 3010 4779 END
START 6580 -11320 20472 -11372 2553 3130 END
START 5024 -13300 23144 -11739 4082 1712 END
START 3420 -16092 23180 -10513 6012 206 END
START 1704 -17532 21404 -5937 4994 -805 END
START -600 -17732 21328 -756 4698 -1911 END
START -848 -16376 22664 3561 4044 -3698 END
START -2392 -14720 22412 6581 4302 -6427 END
START -3780 -13236 20572 9340 4244 -8931 END
START -4728 -11120 18752 11648 4363 -11077 END
START -5228 -8620 16068 14158 4235 -11534 END
START -5492 -5680 14168 16277 3987 -10587 END
START -6736 -2088 12128 16454 3844 -8993 END
START -7004 1192 11172 15029 3238 -8175 END
START -6464 4068 10748 12843 1994 -8557 END
START -7280 6584 11420 9052 2718 -10192 END
START -4872 7040 9592 9041 1412 -9721 END
START -4984 8640 9704 5848 2637 -11393 END
START -3804 8120 8148 4761 3976 -11728 END
START -3020 8428 7448 5295 5925 -10550 END
START -2416 9392 6268 6000 9559 -8690 END
START -4560 10416 5620 8013 12059 -5437 END
START 1232 10944 5052 7079 16181 -2913 END
START -664 12108 5396 6127 18675 259 END
START -1784 13840 7660 4434 18682 2402 END
START -1336 13904 8804 -301 20727 1707 END
START -1732 13680 9636 -2852 21202 2058 END
START -1996 13668 10816 -4557 21885 2208 END
START -2152 12912 11760 -4948 22698 2196 END
START -2592 12056 13884 -4808 22861 3031 END
START -3432 11384 17768 -5772 22302 3663 END
START -3864 10100 21636 -6423 20951 4921 END
START -5000 7360 27152 -9341 19137 5499 END
START -9780 6276 30696 -11223 15281 6495 END
START -13472 5480 32767 -11937 13194 7373 END
START -14552 1544 32767 -12843 8696 6644 END
START -17712 -728 32767 -8721 2919 6121 END
START -16988 -3628 32624 -3314 -2470 6235 END
START -12956 -5208 31776 -3658 -4912 4444 END
START -12544 -6936 30492 205 -6967 6967 END
START -12248 -5556 28524 1644 -7202 6889 END
START -12312 -4852 25376 2890 -7521 5955 END
START -11212 -4304 22732 5094 -7229 6665 END
START -11600 -2884 19920 7008 -6031 7576 END
START -11004 -920 17076 7369 -5497 7224 END
START -10584 96 14560 6928 -4600 6404 END
START -10636 692 13720 6290 -4529 6012 END
START -10076 852 12372 4103 -6629 5498 END
START -9936 1108 12176 2780 -7264 5287 END