START 13300 -7972 14792 -2338 -9481 -5926 END
START 15664 -9140 15148 -2428 -8523 -8249 END
START 16796 -9500 15040 -1298 -5512 -10889 END
START 17980 -9828 13192 -217 -1118 -14566 END
START 16992 -8872 10928 1604 2139 -16997 END
START 14456 -7328 10200 2417 6214 -18957 END
START 9724 -6040 10452 4491 8977 -16593 END
START 2664 -1188 11908 5352 12853 -14161 END
START -4176 4012 12100 5452 14997 -12070 END
START -12852 9552 14300 5761 17396 -9661 END
START -21296 11896 15864 -879 16405 -12548 END
START -24552 9804 11560 -786 11082 -8505 END
START -25792 11236 13752 192 4553 -1540 END
START -22668 11428 14400 -1673 138 3926 END
START -19312 9480 14524 -5618 -5419 6229 END
START -10376 7352 17904 -7669 -7494 4755 END
START -6284 3508 19136 -9603 -8734 3727 END
START -2620 56 17488 -9416 -7366 2216 END
START 500 -2744 16060 -7693 -6006 1406 END
START 2452 -4404 14576 -5562 -4812 1018 END
START 1852 -6948 13356 -3120 -4755 2192 END
START 5800 -7116 12528 -1597 -1571 3871 END
START 7180 -7156 12420 -1466 -858 2901 END
START 7120 -7060 13660 -2556 -235 230 END
START 7284 -7388 12636 -3123 1080 -2552 END
START 8176 -7636 12220 -1987 1665 -4426 END
START 8108 -7588 12292 -718 1860 -6524 END
START 9944 -6912 11568 1573 4510 -6728 END
START 11304 -5680 11224 3143 5845 -7379 END
START 11844 -4244 10288 4514 9113 -6893 END
START 11220 -2580 8956 5018 12075 -6937 END
START 11148 -1528 6724 4987 13841 -6631 END
START 10308 36 7128 5076 14927 -5933 END
START 8868 1588 8456 3286 16233 -6738 END
START 7140 2252 9172 1276 18198 -8890 END
START 5632 2492 9480 281 20166 -10896 END
START 3892 2340 9944 81 22108 -12127 END
START 2324 2228 10180 18 23943 -12772 END
START 400 2264 9952 265 26273 -12011 END
START -1536 2644 9400 1329 27953 -9934 END
START -4312 4396 9812 1271 29570 -8259 END
START -10964 6260 10408 394 32432 -7557 END
START -10904 6868 10440 -1807 30908 -6083 END
START -15216 8692 12980 -5229 30909 -4408 END
START -19820 10444 14656 -5511 29144 116 END
START -21856 12244 15248 -4388 25893 3437 END
START -20536 12052 16788 -3688 24001 4244 END
START -17584 13324 18036 -2851 19661 5626 END
START -15136 11996 23668 -4364 20021 7048 END
START -13068 10880 25464 -2809 17770 13523 END
START -12532 11496 28848 -2257 16673 18155 END
START -14604 12936 32767 -6427 19424 16088 END
START -13668 8064 31268 -2549 10223 21216 END
START -15596 6560 32767 -9546 7303 17688 END
START -16292 1432 32767 -10104 216 14922 END
START -17324 -4316 32767 -8378 -6425 13676 END
START -13852 -7548 32767 -9574 -10841 10588 END
START -10984 -11072 30724 -6798 -15965 8866 END
START -8292 -12684 28104 -2290 -18652 9239 END
START -8108 -13604 24484 270 -18425 9323 END
START -4480 -14628 22480 2571 -16944 6690 END
START -5712 -11584 18632 4014 -12941 3128 END
START -5696 -10412 14016 6757 -9621 -132 END
START -7520 -9236 8224 8218 -1345 -2954 END
START -8752 -6608 4876 10448 1738 -4033 END