START 6144 -4692 13896 229 -7477 -758 END
START 7928 -6760 16224 -613 -9357 -2463 END
START 8788 -8340 16704 -1586 -9972 -6012 END
START 10016 -9944 17380 -921 -8803 -8082 END
START 12236 -8800 18476 2700 -5993 -10690 END
START 12008 -6800 18064 6064 -2075 -13978 END
START 11108 -4196 16212 9565 1890 -16036 END
START 9396 -2564 13568 11194 6173 -17097 END
START 3988 -112 11012 13159 9696 -15022 END
START -2552 4396 9872 14724 11670 -9960 END
START -11836 10832 11152 14763 17934 -3623 END
START -14152 18164 8456 12020 12350 298 END
START -18320 22256 10504 7387 12517 3862 END
START -18508 24244 8296 2636 7226 4840 END
START -17272 23940 9388 -2918 2976 4989 END
START -11744 20400 8292 -7833 25 4948 END
START -9300 18264 11504 -9890 -276 6332 END
START -5396 14476 12204 -10777 -1070 7592 END
START -1752 10544 13116 -11594 301 8660 END
START 276 8004 14264 -11527 1706 10732 END
START 480 6544 13916 -12495 2192 11210 END
START 2304 2960 14236 -12084 3588 12887 END
START 2092 1476 15656 -11648 3943 15448 END
START 2144 232 15276 -13080 5263 14909 END
START 2188 -1688 15124 -13526 4400 13686 END
START 2152 -3648 15380 -14660 3995 11050 END
START 1724 -5648 15820 -14710 3696 8427 END
START 3772 -9092 16776 -12059 3052 7107 END
START 3728 -10696 19452 -10663 3608 5214 END
START 4796 -13304 19804 -10158 4598 3434 END
START 3040 -15224 20708 -8380 4682 2381 END
START 1884 -17668 23004 -6871 4145 488 END
START 364 -18728 22764 -6043 3925 -2594 END
START -912 -19788 21128 -1795 3263 -5352 END
START -536 -18928 21040 3490 2072 -8290 END
START 64 -16780 21228 7603 2131 -10669 END
START 188 -14160 20668 11013 2697 -12000 END
START -1112 -11396 19144 12455 3886 -13160 END
START -2696 -8352 16868 14783 4583 -12696 END
START -4520 -4964 15296 16649 4983 -11837 END
START -6460 -1152 13624 16738 5249 -11699 END
START -8256 2192 12144 16269 4837 -11622 END
START -8944 4508 10960 14540 4105 -12156 END
START -8196 5492 9296 12626 3029 -12113 END
START -7736 7680 8312 10320 3520 -12894 END
START -7084 8640 6712 11554 2411 -9723 END
START -5124 10192 6348 9896 4677 -8032 END
START -3404 11504 5208 9111 6263 -5955 END
START -3176 12248 4876 7637 7761 -4628 END
START -992 13120 3592 3942 12220 -4510 END
START 536 13620 4208 3780 12435 -2459 END
START 1208 13892 5908 637 15655 -3441 END
START 2216 12656 6100 -1044 18062 -2502 END
START 1096 12456 7856 -2909 20748 -1400 END
START -1572 12512 8876 -4010 23639 -963 END
START -3672 12148 10160 -4417 24911 -341 END
START -5440 10548 12856 -5454 25300 463 END
START -6200 10048 16300 -6418 23642 1562 END
START -6916 9744 19376 -5727 22235 4517 END
START -8680 9408 22164 -6462 20536 6866 END
START -9768 10512 24448 -7227 15985 7731 END
START -12676 7936 27788 -7436 14873 9189 END
START -15696 8964 32767 -10667 12349 6574 END
START -17116 4092 32636 -11110 7788 5717 END
START -15988 1236 31940 -7261 3536 6694 END
START -13800 12 30860 -4703 566 6941 END
START -14880 -188 31704 -1672 -1802 8361 END
START -13620 -2392 31796 1703 -4471 10259 END
START -14220 -2380 28912 790 -5353 8827 END
START -13480 -3564 25896 -41 -7666 6120 END
START -11820 -4544 22632 2402 -8466 5821 END
START -10304 -4812 19604 5469 -8107 7485 END
START -9860 -3440 17144 5514 -7836 6843 END
START -8720 -2780 13764 4596 -6772 4865 END
START -10516 -2012 11684 5376 -4726 4206 END
START -7132 -1912 9056 3806 -3623 2241 END
START -7116 -236 8184 3441 -1816 1600 END