START 16524 -7284 16652 -134 -4690 -6146 END
START 17348 -6648 16996 428 -363 -9383 END
START 13120 -5768 15080 4272 3388 -10793 END
START 9448 -4808 13268 4374 6454 -13266 END
START 4588 -3732 11288 4754 8740 -13381 END
START -1092 -628 9828 6956 9972 -10072 END
START -2936 3968 9520 8402 12115 -4807 END
START -10524 8604 12252 7721 8670 -2181 END
START -15312 11984 13564 3540 8136 -1327 END
START -17144 12496 12804 93 4340 -953 END
START -17204 11720 12236 -3305 2303 -1115 END
START -16836 10536 11484 -5673 -427 685 END
START -12688 7584 11692 -3915 -722 3875 END
START -7952 4936 11268 -3677 -1855 6424 END
START -4576 4080 13260 -4111 -2352 7050 END
START -916 3064 14888 -3651 -1785 7958 END
START 1688 1628 15456 -3748 -749 7938 END
START 2980 644 15456 -3457 253 8025 END
START 3512 96 15488 -3264 1648 8388 END
START 4236 -592 15092 -3117 2824 8812 END
START 4628 -1476 15232 -3553 3848 8806 END
START 3644 -1560 16096 -4002 3785 8210 END
START 5212 -3344 16156 -3485 3651 8968 END
START 6016 -3480 17276 -5042 3845 8344 END
START 6044 -3836 17040 -5233 3947 6827 END
START 7392 -3820 16632 -4847 4221 5179 END
START 7300 -3960 15276 -3531 5896 4122 END
START 7964 -4308 14024 -1409 8129 4561 END
START 8164 -3748 13996 -113 10456 5057 END
START 6496 -2580 14324 -803 11938 5803 END
START 5480 -2908 15664 -3359 11915 5686 END
START 4148 -3480 16152 -4916 11142 5471 END
START 3012 -3836 17596 -5295 9882 3806 END
START 2180 -5252 19248 -5201 8641 1477 END
START 1248 -6920 20812 -4900 7917 -1451 END
START -60 -8200 22564 -3902 6783 -5147 END
START -1712 -10060 23256 -2740 7083 -8704 END
START -2424 -12216 21836 160 6915 -10123 END
START -3580 -13156 21812 4827 6401 -9777 END
START -5060 -11444 20940 9146 6147 -9082 END
START -5644 -9052 19704 12859 5004 -8366 END
START -5920 -5948 18904 13747 3947 -8643 END
START -5840 -2932 17368 12688 3430 -9584 END
START -4888 -948 14884 11197 2825 -11052 END
START -5236 -52 12880 11664 1684 -11458 END
START -3480 1040 12544 10450 3168 -12435 END
START -4404 3060 11240 11958 4899 -10545 END
START -5152 5604 9292 12184 7515 -7604 END
START -5376 8520 7208 12228 6535 -4314 END
START -4148 11636 6480 8850 10159 -1794 END
START -5044 14624 5164 6130 10611 -306 END
START -3108 15304 6008 1570 11437 -559 END
START -2792 14724 8800 -1274 11770 -800 END
START -2700 12004 10124 -5441 13576 -1080 END
START -3444 9428 11132 -7537 14184 -185 END
START -4456 6848 12024 -8016 14657 230 END
START -5444 5404 12852 -8254 15083 43 END
START -5652 4052 13420 -8095 14620 273 END
START -4428 3188 14512 -6242 14040 2183 END
START -3960 3944 18776 -6318 13877 2908 END
START -5148 3872 22592 -6379 14138 2598 END
START -5752 2816 24248 -5776 13037 3131 END
START -4812 876 25580 -7224 14297 2703 END
START -7952 760 25424 -4460 13408 3569 END
START -10628 348 26008 -2644 12047 5116 END
START -9612 716 27916 -522 9056 8652 END
START -9628 2540 31812 47 6047 10539 END
START -11308 3612 32767 -708 3447 9602 END
START -11484 3536 32767 -2123 -818 7622 END
START -9732 1404 32767 -3516 -3567 5012 END
START -12748 -284 32767 -848 -6355 4804 END
START -11484 -1808 30696 1785 -9856 4840 END
START -9752 -2848 26792 3000 -10456 4793 END
START -8788 -3288 23448 5682 -10118 7056 END
START -8244 -2400 19964 6470 -8895 9662 END
START -9772 -980 16540 6862 -7452 10807 END
START -10768 40 14288 5846 -6071 8906 END
START -10380 196 12328 4510 -6486 5547 END
START -11756 480 11628 2971 -8709 1478 END