START 9208 -5068 13984 2321 -2416 -6680 END
START 8544 -5180 14264 4050 -315 -8156 END
START 7268 -4388 12644 6121 1009 -8068 END
START 5264 -2696 12268 8269 2432 -6107 END
START 1612 1652 12444 10462 4627 -3784 END
START -2152 6256 12328 11857 6705 -1718 END
START -12284 11696 14576 12343 12524 1603 END
START -10112 15700 11584 8490 8253 1083 END
START -11312 17128 10540 5132 6499 3185 END
START -10384 18024 10252 2271 4808 5136 END
START -10656 18328 10816 -1053 2633 6650 END
START -8384 17584 10016 -4082 1097 8794 END
START -6532 15796 11296 -5908 1452 10532 END
START -3960 12460 11116 -7878 1589 11179 END
START -1684 9012 11984 -9552 1984 11439 END
START 136 5456 12936 -10918 2476 11271 END
START 940 2356 14224 -12865 2052 10395 END
START 1680 -1532 16092 -13637 1723 9325 END
START 476 -5208 17964 -14450 1550 6507 END
START 2988 -10756 18992 -12912 79 5042 END
START 396 -12856 20944 -10708 -457 2419 END
START 2364 -15952 23288 -9428 -2973 -19 END
START 1028 -16264 24916 -7476 -1759 -3031 END
START 3340 -18212 22716 -4447 -828 -4632 END
START 2804 -17824 21916 1094 865 -5541 END
START 1952 -15584 20232 5911 2309 -6297 END
START 268 -12676 18500 9289 3998 -7038 END
START -2388 -8588 16840 11369 5518 -7006 END
START -5996 -4796 14284 11953 6325 -6810 END
START -7904 -1536 12200 11947 5310 -6333 END
START -10416 1112 10460 11143 3837 -5939 END
START -10880 2824 9876 8683 3075 -6638 END
START -10052 4472 7872 7556 636 -7648 END
START -7724 4320 6492 5582 -283 -8833 END
START -4688 4312 6740 4269 460 -9313 END
START -3012 4344 6476 4382 2487 -8340 END
START -468 5112 6168 5260 5108 -6317 END
START 600 6324 5840 5179 9036 -4935 END
START 3000 7544 4868 4900 10960 -3799 END
START 1432 8688 5540 3684 14787 -2443 END
START 1192 9548 5648 2220 16069 -2548 END
START 692 10208 6568 66 17106 -2857 END
START 416 10496 7352 -1108 17994 -2946 END
START 104 11128 9048 -1675 18440 -2725 END
START -216 11412 11368 -1438 19320 -2340 END
START -300 11268 13432 -2145 21231 -2512 END
START -556 11012 14932 -2225 22597 -1916 END
START -988 10724 16392 -1591 23092 -161 END
START -1704 11864 18560 -1259 23310 2950 END
START -3152 12776 22472 -1358 22660 6385 END
START -6752 14112 24524 -4584 21355 7294 END
START -10260 13696 27916 -5271 17645 8940 END
START -15372 12632 29964 -9035 15812 6303 END
START -18192 8844 31172 -9356 9663 5085 END
START -18400 5828 32767 -9822 3719 4265 END
START -17140 1040 32767 -10451 -1413 3788 END
START -19096 -2652 32767 -8116 -4790 4306 END
START -15480 -4864 32767 -4253 -6605 7098 END
START -15032 -5304 31928 896 -7824 8767 END
START -13308 -5564 28260 4716 -7819 9251 END
START -11728 -5520 23896 7291 -7721 10073 END
START -11112 -4140 19676 7949 -6681 10431 END
START -9988 -2076 15700 7006 -5436 9946 END
START -11768 -1180 13264 7084 -6241 9419 END
START -8940 -1156 10196 4756 -6760 6674 END