START 12528 -3424 13992 1396 -8034 -10758 END
START 10920 -2304 14352 4430 -6253 -11636 END
START 8976 -880 13136 5164 -2779 -12689 END
START 6116 -2416 10028 4295 -250 -11529 END
START 3804 -1400 8480 6334 746 -6820 END
START -340 2072 9120 6706 1254 -3155 END
START -4284 7564 9744 5388 2681 -657 END
START -7480 10740 9568 3995 4180 -335 END
START -7180 13504 11340 2023 4552 -2714 END
START -7620 14160 11516 -140 4797 -5831 END
START -8668 12364 10384 -2908 6141 -6714 END
START -9852 9192 8192 -4525 6258 -4443 END
START -9784 7812 7020 -3050 4223 1607 END
START -8804 9600 8808 -2457 3772 5729 END
START -6312 9992 9428 -2729 4914 7115 END
START -3912 10392 9580 -3018 4899 8013 END
START -1740 9880 10328 -3242 6028 9066 END
START 188 9296 11044 -4757 7732 9837 END
START 1628 8408 11988 -6446 8589 10629 END
START 2260 6616 12860 -9654 9068 10969 END
START 2948 4412 13640 -12673 8436 11362 END
START 3652 2440 15192 -14844 7925 12735 END
START 4060 724 15316 -15168 7112 13007 END
START 4600 -2560 16400 -14854 7815 11231 END
START 4608 -5036 18940 -11368 6522 9734 END
START 5448 -7224 20956 -10021 6870 7199 END
START 5528 -9180 23004 -8649 7781 4581 END
START 4792 -10940 23924 -7895 8583 2282 END
START 3396 -12872 23460 -7264 9178 -877 END
START 2388 -15880 21404 -4371 9667 -2648 END
START 1584 -16620 19292 -213 9462 -2847 END
START 796 -15380 19648 4660 8424 -2076 END
START -280 -13208 19164 8011 8040 -2698 END
START -1260 -10296 19208 10351 7419 -3483 END
START -2548 -7420 18560 11087 6977 -5144 END
START -3676 -4864 17628 11052 6167 -7877 END
START -4952 -2824 16016 10244 7164 -10190 END
START -5756 -1352 13396 11048 6155 -9378 END
START -6904 516 11884 10799 5733 -8611 END
START -6108 3012 9852 11177 5105 -6869 END
START -5236 5816 9616 11521 4752 -4868 END
START -3836 8492 9528 10231 5611 -4079 END
START -3180 10112 9832 7693 6869 -4378 END
START -2676 11416 10220 4922 8468 -5473 END
START -4244 11432 9536 2381 10748 -6904 END
START -2392 9616 7504 1861 11060 -7641 END
START -2856 8396 8352 1849 14192 -7886 END
START -2172 6904 7704 1715 16367 -7499 END
START -2180 6268 8472 1178 17484 -4489 END
START -2840 7108 10324 749 18987 -1106 END
START -5256 9016 12136 -384 20901 589 END
START -5184 9472 12284 -1573 21762 1123 END
START -8048 10400 14556 -3002 22556 272 END
START -8844 9768 16360 -4811 22419 -872 END
START -8936 7820 18216 -6493 22002 581 END
START -12872 7652 20296 -5734 18838 3734 END
START -10704 7320 23584 -3290 15995 6989 END
START -10984 7292 27836 -3842 13722 8554 END
START -10360 6528 31764 -3980 9166 8629 END
START -11052 3960 32136 -9355 9490 5457 END
START -12200 2344 31144 -6671 5487 6233 END
START -12068 120 31244 -4467 2783 6535 END
START -13172 -3036 31504 -3129 16 7687 END
START -13492 -3728 30620 -3171 -2814 7559 END
START -14748 -4272 29320 -3900 -5667 5738 END
START -14100 -4964 25696 -1933 -9446 5827 END
START -11488 -4392 24224 71 -11276 7236 END
START -11260 -2956 20460 1319 -9607 7252 END
START -9648 -1276 18720 4345 -7912 4267 END
START -3060 -3320 14252 5029 -7216 2111 END