START 10760 -9788 18124 5905 211 -11527 END
START 9216 -6900 17088 8038 2031 -13200 END
START 7412 -3808 16208 9647 4392 -14990 END
START 4612 -424 14396 10176 6956 -15649 END
START 1100 2632 12200 10460 8455 -13435 END
START -4464 6428 11616 9381 9009 -9594 END
START -11116 10696 12472 9395 10741 -5092 END
START -14808 15516 12732 6583 7941 -2784 END
START -15432 18044 14292 2209 7103 -2000 END
START -16636 17652 13784 -716 2176 -3563 END
START -14708 15212 12604 -2991 -993 -2852 END
START -11040 13472 13068 -2629 -2312 1748 END
START -6340 13024 13080 -3075 -2572 5211 END
START -3992 11900 14404 -3129 -1543 8085 END
START -1784 11200 15252 -4747 -1125 9392 END
START -416 9280 15248 -6792 431 9873 END
START -52 7168 15156 -7564 48 10856 END
START 1656 4504 14456 -7442 682 11734 END
START 2108 2928 15124 -8040 129 11850 END
START 3292 1488 15148 -8544 118 11376 END
START 4564 56 15480 -8466 655 11946 END
START 5456 -220 15876 -7782 1547 12296 END
START 6544 -1164 16948 -7892 2295 12071 END
START 7084 -2476 18284 -8899 3133 11583 END
START 7644 -3220 18592 -10485 4149 10593 END
START 6816 -4856 17804 -10732 4731 9651 END
START 7040 -6260 17444 -10915 4631 8083 END
START 5324 -7592 16596 -9916 4535 6618 END
START 5148 -9864 17152 -7847 4179 5076 END
START 5912 -10928 18684 -6664 3685 3030 END
START 5364 -11840 19800 -4892 3937 651 END
START 4924 -12900 19768 -4216 4254 -1669 END
START 3788 -14512 20068 -2535 4534 -3714 END
START 3336 -15896 20452 -1101 4499 -5934 END
START 1860 -16232 19696 2062 4085 -7248 END
START 688 -15232 19152 5872 3866 -8541 END
START -524 -13248 18416 8875 4165 -9949 END
START -1920 -10216 17428 11255 4522 -11351 END
START -3096 -7276 16652 12075 4778 -12469 END
START -5444 -4188 15192 12627 4994 -12972 END
START -6664 -1556 13352 12746 4834 -12642 END
START -8648 856 11828 12544 4013 -11644 END
START -8860 2988 10756 11918 4370 -10890 END
START -9652 5508 9648 11859 4250 -9558 END
START -8344 6380 8184 10743 4494 -8496 END
START -6288 7504 8024 10547 4910 -6974 END
START -4208 8568 6556 9317 6748 -5781 END
START -2864 10096 5432 7280 8128 -3571 END
START -2024 12224 6008 5289 10079 -2231 END
START -1096 11468 5640 1820 11901 -2227 END
START -408 10880 6036 -853 13952 -2957 END
START -832 9628 6688 -3516 16100 -3651 END
START -1308 7620 7432 -4737 17200 -3484 END
START -1724 7048 10332 -4204 17459 -1935 END
START -1692 7284 13080 -4269 18387 -713 END
START -2256 8052 14996 -4213 19593 191 END
START -2608 8908 15552 -3209 21263 1358 END
START -2492 9060 15548 -2635 23530 2958 END
START -3688 9640 17556 -3057 23801 5553 END
START -5188 10092 20016 -4043 22786 7918 END
START -9260 9076 25644 -6984 19997 8344 END
START -7552 6484 27164 -9590 18497 7204 END
START -12176 4132 32024 -7510 12194 6114 END
START -11504 768 32624 -8454 8699 4053 END
START -11712 -1240 32767 -7147 3767 3821 END
START -11608 -3508 32767 -7308 438 2269 END
START -14448 -5692 32767 -5796 -3439 1932 END
START -13988 -8812 32767 -2202 -6700 1918 END
START -15584 -8556 32767 1212 -8906 2720 END
START -14836 -7228 30228 5418 -11352 1998 END
START -13052 -5912 25376 7835 -13058 2069 END
START -11592 -3868 22588 9978 -13313 4584 END
START -11132 -1272 18712 9837 -11967 5288 END
START -6464 -100 14084 8793 -11605 6022 END
START -8584 2524 12104 7591 -8693 6061 END
START -9640 4488 10768 6745 -7312 6229 END
START -8724 3628 9324 2630 -7943 3047 END