START 4968 1492 13416 -4899 -972 3262 END
START 6780 -936 17024 -7157 -2541 2100 END
START 8560 -3580 20716 -9741 -4128 225 END
START 8380 -6708 23444 -12038 -2834 -3374 END
START 6976 -9968 23788 -9749 -1367 -8018 END
START 3480 -12740 22440 -4559 -1446 -11202 END
START 788 -11928 21988 1808 -508 -12548 END
START -2368 -9672 20608 6970 453 -10522 END
START -4540 -4248 18652 11558 1712 -7379 END
START -7932 2144 16316 13212 1744 -5020 END
START -12604 7564 14968 13606 6036 -951 END
START -12512 11708 10656 10256 666 -4051 END
START -8132 10632 6240 6908 -1231 -5638 END
START -6924 12660 7540 6089 -2497 -2539 END
START -5244 13992 6976 4388 -45 292 END
START -4212 15144 6276 4078 1057 4489 END
START -3328 16288 7040 1530 1922 7221 END
START -2240 16316 8184 -2441 3135 7879 END
START -1244 14696 9188 -6053 3016 8655 END
START 188 12212 10524 -8870 2638 9358 END
START 616 9900 12072 -10965 2519 9854 END
START 152 7404 13720 -11792 2432 9903 END
START -140 4780 14972 -10848 1866 9825 END
START 1112 2284 15620 -9530 1710 9631 END
START 3016 -324 15940 -7905 2287 10403 END
START 3004 -856 17544 -4692 3611 13631 END
START 4120 -1668 15420 -5157 6280 13402 END
START 3876 -2316 15840 -4371 7558 12100 END
START 3620 -3700 17600 -5215 8595 10550 END
START 1284 -6416 18216 -6902 9430 9403 END
START -556 -10220 18964 -7698 8985 7573 END
START -1908 -13108 19708 -7178 6691 3286 END
START -3328 -16384 20900 -6326 3786 -392 END
START -3488 -17244 21976 -4545 1155 -3416 END
START -2180 -17880 22504 -3091 473 -5602 END
START -724 -17516 21156 -166 1094 -7677 END
START -452 -16528 20000 3643 2290 -9995 END
START -1084 -14712 19200 7579 4277 -11188 END
START -2316 -11984 17104 10856 6461 -11390 END
START -4132 -8252 14848 12512 7634 -10848 END
START -5184 -5060 13576 12959 7170 -9932 END
START -6712 -872 12756 12319 5757 -9722 END
START -7360 2344 11716 10779 3841 -10705 END
START -7948 4376 11492 7998 2089 -13533 END
START -6348 5276 11068 5588 1857 -16621 END
START -5288 5740 10592 5690 1781 -16475 END
START -4428 6848 10188 6541 3547 -14312 END
START -4248 8212 9480 7015 6482 -10913 END
START -4380 10372 9384 7058 8438 -7076 END
START -4092 12436 8932 5674 10107 -4331 END
START -4148 13732 8236 3706 11277 -3353 END
START -4360 13868 7300 1892 11817 -3921 END
START -4356 13228 6708 789 12557 -4382 END
START -3660 12624 7068 -279 13597 -3577 END
START -2820 11616 7952 -1537 15373 -2001 END
START -1124 10852 9948 -2463 16920 -204 END
START 712 10076 12452 -2815 18597 1808 END
START 424 10224 15308 -3861 20148 3002 END
START -812 10348 17224 -4112 21759 4106 END
START -3392 10952 20216 -5599 22311 4813 END
START -5760 10532 21740 -6626 21191 5114 END
START -6476 10424 25284 -5109 17683 7068 END
START -6624 11544 29544 -3302 14092 10099 END
START -9364 11436 32767 -4630 10632 10580 END
START -15036 9580 32767 -7400 6581 10494 END
START -17388 3208 32767 -10091 1680 6988 END
START -20764 -4104 32767 -8508 -3476 3015 END
START -20556 -9568 32767 -5319 -7742 1632 END
START -20848 -11240 30244 2979 -11782 4173 END
START -17624 -9900 27888 7925 -13840 5297 END
START -14616 -9360 21916 9094 -13203 4744 END
START -14936 -6968 18724 10377 -11168 4245 END
START -12524 -7232 12900 10842 -9095 3350 END
START -12808 -6284 9900 11700 -8719 2250 END