START 18732 -2308 15624 928 4655 -15701 END
START 19908 -3328 12024 2797 8041 -15221 END
START 12256 -2992 12240 921 12442 -17663 END
START 6288 -1888 10984 3627 12707 -11168 END
START -3296 4688 15316 6468 16453 -2074 END
START -13308 11908 18576 4252 15921 -1031 END
START -19548 14384 18248 1017 10167 -1174 END
START -21520 16204 17448 -90 4757 899 END
START -21056 18736 18496 -3028 2035 768 END
START -18696 21528 16076 -9536 -4059 -1105 END
START -12068 15436 19924 -5328 -3413 2136 END
START -5700 10284 15932 -5295 -4761 6400 END
START -2272 9008 15308 -4171 -4707 10099 END
START -108 9236 15116 -3953 -2622 11559 END
START 2640 7188 13560 -3983 -1583 12892 END
START 3964 5468 12412 -4733 -109 13598 END
START 4332 3524 11928 -6355 671 14271 END
START 5232 1696 10904 -8630 874 13632 END
START 5876 -904 10920 -10652 1466 12506 END
START 6824 -2724 9992 -11082 1682 11494 END
START 8132 -4648 9656 -11310 2629 10410 END
START 8120 -5664 9708 -9738 3972 9795 END
START 8200 -6016 10092 -7346 6304 9636 END
START 7844 -5524 11568 -5236 7813 9365 END
START 8400 -6256 12304 -3338 11148 10329 END
START 7444 -5868 13108 -4220 14008 10091 END
START 6404 -6004 13268 -4248 14434 9333 END
START 5052 -6288 14428 -4447 12849 8255 END
START 4068 -7116 17032 -5822 10887 6044 END
START 2940 -9024 19780 -7409 8681 2585 END
START 2392 -11336 21152 -8392 6808 -1781 END
START 1672 -14128 22692 -7331 5384 -6166 END
START 1440 -16288 24148 -4287 4725 -8683 END
START 1104 -16980 25648 -430 4604 -10129 END
START 408 -16140 25808 2633 4946 -10765 END
START -644 -14560 24904 6441 4921 -11125 END
START -2204 -12016 23656 10525 4319 -10878 END
START -3888 -8636 22364 13616 4083 -10084 END
START -5716 -4504 20308 14904 3282 -9641 END
START -6648 -468 19464 14164 2729 -11056 END
START -5936 1932 16528 12150 2856 -12338 END
START -6876 3288 14376 11317 -913 -12944 END
START -5188 3800 13112 9204 -747 -14345 END
START -3632 4092 11144 8761 -1007 -13732 END
START -2328 5104 10324 8478 136 -12029 END
START -1524 6268 9448 8094 2050 -9943 END
START -680 7344 8312 7112 3949 -7799 END
START -396 8768 7552 5512 6435 -6154 END
START -908 9296 6608 3499 7974 -4757 END
START -628 9476 6132 975 9277 -4827 END
START 484 9024 5428 -1225 9945 -5674 END
START -516 8732 5980 -2386 11434 -7038 END
START -88 7824 6192 -2490 13164 -7934 END
START 444 7196 7568 -2528 15987 -7575 END
START -16 6668 8160 -2861 19101 -6404 END
START -928 6840 8096 -2182 22848 -4037 END
START -2068 7260 7912 -1802 25881 -1865 END
START -4948 8324 8500 -2659 26940 -1703 END
START -4644 6884 11076 -3778 27740 120 END
START -6144 7108 14428 -4862 26908 1899 END
START -7772 7380 16892 -4727 25366 3343 END
START -7688 7316 20484 -3440 22179 3254 END
START -7160 7616 24416 -4984 23459 2100 END
START -6260 7064 24212 -3945 20952 3266 END
START -5972 7396 26072 -3293 19771 4556 END
START -7628 7748 27204 -3792 19782 7507 END
START -9244 8748 30180 -2756 17268 11810 END
START -10212 11388 31644 -2293 14681 14810 END
START -11860 10976 28644 -6197 13749 15438 END
START -13992 9660 28992 -5537 9049 16581 END
START -15980 6400 29196 -8155 5526 13799 END
START -17348 1616 29832 -8463 -315 9926 END
START -16452 -3920 28940 -9120 -4987 6025 END
START -15464 -7056 26432 -6639 -9349 5670 END
START -15244 -9600 24760 -4582 -13797 6382 END
START -13824 -9944 22564 -2606 -16491 5740 END
START -11656 -9028 20988 -882 -18184 4682 END
START -8180 -8632 19100 221 -17680 2538 END
START -9136 -7620 16176 1372 -15224 1636 END
START -7884 -5928 14240 3964 -14054 2188 END
START -7108 -4112 12400 6160 -13788 2359 END
START -6608 -1648 11636 6032 -10370 1642 END
START -4068 -860 10712 4631 -9641 -1848 END
START -6204 -952 8400 3700 -6693 -2957 END
START -5732 672 8104 4492 -2615 -4255 END
START -6116 1480 7484 4605 548 -4792 END
START -6788 2092 8020 5424 3202 -5600 END