START 12620 -6228 14076 11139 6847 -13511 END
START 7992 -2696 13200 11827 8208 -15325 END
START 7096 -4120 10780 8414 13786 -18748 END
START 2588 -3448 9328 8446 13963 -16665 END
START -2040 556 10068 11761 14230 -9371 END
START -9444 7228 11248 11812 13623 -3402 END
START -14136 14248 13216 11189 10831 1040 END
START -17208 18940 14860 8151 8573 2388 END
START -18132 18840 13832 3661 6736 919 END
START -16304 17624 12580 -1661 2097 574 END
START -11320 16448 14128 -5412 -3021 890 END
START -8060 13440 14980 -5949 -2687 4406 END
START -3108 11316 15384 -4103 -3917 8540 END
START -1336 10476 17540 -5861 -2094 9319 END
START 1712 7988 16924 -5856 -203 10105 END
START 2816 6528 17480 -5851 1057 11028 END
START 3496 4688 16952 -6832 2632 11501 END
START 3588 3416 16836 -7095 3523 12655 END
START 3552 1780 15588 -8578 4892 12671 END
START 3296 280 15128 -9138 5395 12040 END
START 2356 -1372 15588 -9475 4483 10694 END
START 2604 -3380 15608 -9996 4572 9270 END
START 2784 -5376 16536 -10070 4045 7859 END
START 2764 -7232 18608 -10175 3316 5214 END
START 2900 -9964 19152 -10782 3143 2661 END
START 2216 -12972 19640 -9893 2840 265 END
START 1732 -15764 20044 -7902 3371 -1933 END
START 860 -17472 20284 -4801 3514 -4044 END
START 696 -18612 20376 -1005 2970 -5569 END
START 328 -18132 20508 3100 2953 -6408 END
START -648 -16432 19884 7013 3393 -8092 END
START -1176 -13932 18704 9982 3556 -10181 END
START -1556 -11052 17408 12479 3796 -11572 END
START -2196 -7196 16308 14655 4319 -12393 END
START -3524 -3524 14892 14598 6351 -13093 END
START -4172 -620 12744 15731 5677 -10938 END
START -5828 3424 12432 15200 6125 -9158 END
START -7652 6928 11372 13028 6224 -7747 END
START -8152 9592 9940 11218 5925 -6691 END
START -8448 11236 9176 8520 5594 -6731 END
START -7684 11820 8064 6058 5355 -6986 END
START -6588 11736 7488 3822 5882 -7017 END
START -5264 11204 6536 1700 7002 -6816 END
START -3564 10460 6060 301 9356 -5723 END
START -2972 10064 5288 -85 11232 -3733 END
START -1536 9832 6632 -243 13017 -1605 END
START -920 9720 8536 -2005 15509 -1636 END
START -1212 8844 9980 -4478 17486 -2073 END
START -1788 7724 11340 -7013 19505 -2093 END
START -1960 6352 11912 -6917 20620 -370 END
START -2112 7356 12948 -4799 22129 2971 END
START -1652 9244 15132 -1249 22784 6139 END
START -1772 12100 16352 199 21390 6889 END
START -2236 12628 20228 1147 23422 8487 END
START -5084 11788 23172 -4762 24260 8439 END
START -8252 9424 23564 -5660 17215 9793 END
START -10124 6292 28100 -12226 18453 9544 END
START -15424 4864 29868 -9552 13648 11360 END
START -16600 2004 30160 -9525 8006 9449 END
START -18184 -1132 31764 -9462 2456 6059 END
START -16240 -3968 32340 -7372 -2718 4244 END
START -16148 -5948 30740 -6955 -5915 2782 END
START -14644 -8892 29640 -3600 -9684 3790 END
START -12252 -9228 25648 -892 -10314 2409 END
START -10888 -7840 23208 2982 -11000 2904 END
START -9188 -5276 19636 4473 -8554 3011 END
START -10496 -4092 17712 7679 -5237 4353 END
START -7636 -2956 14216 6408 -5133 2800 END