START -8284 7016 8948 5860 6581 -10605 END
START -13932 10320 12804 4558 7509 -6857 END
START -17292 11020 9496 4583 6688 -78 END
START -17972 14980 11236 2147 3529 3755 END
START -14060 15412 9668 -622 419 5732 END
START -10236 14608 10188 -3413 -3587 5791 END
START -3584 11540 10148 -5601 -5707 4821 END
START 520 9404 12948 -6759 -4484 5128 END
START 4108 7976 15228 -6258 -2713 5522 END
START 4416 5296 14568 -5756 -290 7296 END
START 4516 4112 14980 -5619 2086 9056 END
START 3560 4352 15584 -4301 2701 10465 END
START 2788 4184 15608 -3886 3255 11472 END
START 3600 2496 15152 -4285 3714 12214 END
START 3444 2992 16464 -4314 3259 13784 END
START 3604 3708 15712 -6089 3356 12869 END
START 4144 3104 16072 -6718 2707 12101 END
START 5248 2224 17792 -8809 3356 10808 END
START 5616 280 17532 -10230 3944 10241 END
START 4276 -1048 18028 -10586 5034 9641 END
START 3980 -2812 17500 -10553 6159 8389 END
START 3808 -4104 16560 -8799 6677 8197 END
START 4608 -5252 16204 -6181 7025 9135 END
START 4032 -5936 17796 -6149 6569 9382 END
START 4088 -7208 19216 -7563 6138 7685 END
START 3996 -9112 19924 -8378 5047 5371 END
START 3396 -11964 21396 -8937 3798 2190 END
START 3220 -14728 21708 -9274 2380 -901 END
START 1944 -16308 21732 -6843 2138 -4221 END
START 1860 -18144 21708 -3124 936 -6454 END
START 2864 -18492 22904 784 905 -7472 END
START 2956 -17208 22940 3935 1868 -8997 END
START 2176 -15724 21540 7450 2403 -11008 END
START 1616 -13352 19984 10446 3325 -12926 END
START 592 -10988 17332 12314 4367 -14719 END
START -772 -8668 15120 13519 4581 -15143 END
START -1964 -5636 13652 13838 4450 -14481 END
START -4384 -1516 12552 14123 4007 -13295 END
START -7680 2676 11864 12355 3712 -12512 END
START -8800 5020 11616 9694 3114 -12404 END
START -9732 7088 10592 7596 2356 -12241 END
START -9024 7780 10024 6092 1911 -11470 END
START -8260 8144 9248 4890 2298 -10128 END
START -6844 8288 8772 4264 3283 -8498 END
START -5996 8404 8300 3785 4257 -6699 END
START -5472 8720 8088 3167 5841 -5262 END
START -4780 8132 7556 2310 7314 -4411 END
START -3480 7600 7388 1309 8384 -3787 END
START -1936 6948 7416 152 9363 -2865 END
START -136 6404 7728 -818 10615 -1623 END
START 1352 6524 8592 -1215 12053 -85 END
START 2656 7104 8312 -1752 13958 480 END
START 3020 8128 10264 -2534 16310 202 END
START 2392 7800 10392 -2414 18379 702 END
START 2460 7240 12020 -2719 21055 2077 END
START 1292 7144 15144 -4805 22580 3726 END
START -224 6164 16684 -5969 23589 5485 END
START -1712 4848 18996 -6827 21369 5973 END
START -4184 4708 23584 -9133 19546 3925 END
START -6364 3684 25600 -9023 15670 2458 END
START -8184 444 31660 -11729 11015 -1717 END
START -13420 -2500 32767 -13423 8325 -5221 END
START -12836 -8204 32767 -9819 4378 -7466 END
START -14392 -9188 32767 -2618 887 -4787 END
START -11960 -9628 32767 3687 -83 105 END
START -14376 -6312 32120 9281 -1847 5491 END
START -13016 -3312 31640 11408 -3569 7601 END
START -11388 -1236 28232 13459 -4850 7992 END
START -9616 344 27160 12588 -4917 8639 END
START -8760 972 24360 11199 -3595 9657 END
START -10688 1712 19220 9009 -2029 10325 END
START -8200 2520 16988 8741 -3870 10435 END
START -9704 3100 16224 5929 -4796 8439 END
START -10452 3432 14088 3204 -7796 3733 END