START 9160 -9044 16052 3358 -7608 -7900 END
START 9824 -8068 15788 4986 -6437 -8677 END
START 9256 -6436 15352 6913 -4518 -8929 END
START 6908 -3820 16232 8255 -2964 -9079 END
START 4544 -704 15664 8922 -1114 -8722 END
START 1448 3124 16000 9543 987 -8502 END
START -1720 6016 15308 9066 3230 -8615 END
START -6980 9568 13800 9116 5834 -7110 END
START -7940 11256 11324 8820 4588 -5013 END
START -7868 13388 11196 6287 4351 -2740 END
START -8596 15308 11056 4706 2933 308 END
START -8524 16020 10984 1812 2071 2572 END
START -7896 15892 11288 -1539 1378 4211 END
START -6364 15156 11156 -4883 270 5340 END
START -5108 13372 11056 -7035 477 6844 END
START -3000 11564 10700 -8124 643 7676 END
START -784 9436 11220 -8553 1133 8890 END
START 468 7948 11096 -9213 2369 10167 END
START 1252 6356 11336 -9895 3488 11328 END
START 1704 5148 11812 -10594 4629 12362 END
START 2440 3164 11952 -11223 5618 13459 END
START 2840 2248 11932 -12552 6027 13826 END
START 3080 -232 12748 -13512 7225 13943 END
START 2488 -1776 13412 -12998 7474 14297 END
START 2184 -3628 15072 -14037 7332 12630 END
START 1664 -6276 16048 -15024 6683 9499 END
START 684 -9284 17372 -14972 5980 5959 END
START -124 -12896 18124 -13635 4474 2678 END
START 2068 -16004 18700 -11968 3286 -877 END
START 1580 -19100 18836 -7175 3157 -987 END
START 2136 -19880 20180 -3696 3131 -1279 END
START 2576 -19500 20672 -476 3146 -1864 END
START 2524 -18312 21420 3304 4047 -2491 END
START 1036 -16480 20104 6491 5112 -3886 END
START 288 -14344 18436 10099 5483 -5768 END
START -40 -12048 17436 13056 6025 -7891 END
START -652 -9092 16716 15266 6363 -9470 END
START -996 -6360 15368 16879 6679 -9478 END
START -2832 -3584 14228 16258 6924 -9504 END
START -4048 -536 13548 15202 6790 -9375 END
START -5072 2332 11980 13811 6579 -8842 END
START -5508 5460 11200 12828 6222 -7684 END
START -5872 7316 10904 10810 6033 -7408 END
START -4480 8656 10332 8597 5880 -7764 END
START -4176 9400 9856 6884 5913 -7964 END
START -3800 9716 10152 4811 7073 -8407 END
START -3340 9592 8900 3646 8556 -7997 END
START -3316 10084 10128 2818 11215 -7250 END
START -2524 9024 8392 2910 11044 -3390 END
START -2512 9724 10108 611 12842 -2201 END
START -2408 9120 10312 -2051 13445 -1696 END
START -2232 8168 10800 -3935 13623 -1150 END
START -2236 8012 11308 -4120 14659 -560 END
START -2508 7556 11864 -2903 16360 81 END
START -2856 7532 13456 -1819 17762 504 END
START -3364 7600 14800 -1442 20109 1959 END
START -3992 7660 16084 -1093 21476 4689 END
START -4632 7428 16408 -1515 21958 7005 END
START -5388 7944 18460 -985 20639 9909 END
START -5268 9312 21732 -2261 18644 11096 END
START -8504 9744 26412 -5566 18347 9057 END
START -10692 6944 27196 -7568 15194 7451 END
START -11960 3892 29064 -8359 11982 6229 END
START -15772 2768 31184 -10122 8613 3565 END
START -13924 -2320 29820 -7432 4158 5101 END
START -13892 -4480 31568 -5252 243 5288 END
START -13736 -5376 31240 -3916 -2312 4751 END
START -13552 -7520 30592 540 -5807 6083 END
START -13812 -6868 27608 1750 -7396 4976 END
START -13128 -6496 24788 4414 -9593 3504 END
START -10956 -5968 22256 7154 -10489 3275 END
START -9096 -5088 19344 10202 -9809 5228 END
START -8756 -2808 16356 11591 -8885 6271 END
START -8488 -440 13364 11788 -8060 6270 END
START -6708 836 11764 10568 -7173 6104 END
START -5360 3108 10440 9365 -4944 5346 END
START -5456 3732 9344 7865 -2729 3735 END
START -2488 3332 7156 5126 78 2639 END
START -4664 4980 8200 3300 2609 1459 END
START -4308 5308 7504 361 5553 615 END
START -5180 5328 6972 -1963 6752 1025 END
START -6480 4380 10004 -4710 6534 -324 END
START -8416 3440 10468 -8280 6091 -2412 END