START 12720 -3240 10828 3166 11770 -23074 END
START 8728 -4536 10880 4952 15189 -23764 END
START -1636 -3192 8636 7708 21652 -18632 END
START -9432 2856 8648 11697 18301 -7111 END
START -17628 11616 11268 12137 14960 648 END
START -23380 17480 13036 9244 13327 5610 END
START -25036 22204 17764 2184 10670 50 END
START -23596 20056 8476 -665 525 4183 END
START -17332 20484 16264 -3791 -5112 3289 END
START -7860 14424 13728 -8533 -4092 -495 END
START -4720 9836 14052 -6574 -8554 2978 END
START -772 8288 16840 -4139 -3555 7138 END
START 444 6816 15632 -2838 -2193 9622 END
START 1748 6012 14964 -2748 -54 11005 END
START 2792 5168 14356 -3095 1791 11707 END
START 3252 4660 13596 -3706 3023 12681 END
START 3104 3884 13588 -2805 3720 14914 END
START 3144 3252 13948 -6214 3767 13358 END
START 2992 932 14700 -9159 3216 10741 END
START 2920 -284 16024 -11779 2832 7403 END
START 3896 -2988 14744 -12558 2023 5079 END
START 5004 -4820 14120 -11527 2165 4513 END
START 8080 -5772 13364 -9114 2866 5439 END
START 8012 -4844 13012 -6486 5889 7515 END
START 8980 -3692 12816 -3544 9190 10105 END
START 7000 -2264 15104 -3298 11916 10660 END
START 5304 -1972 16096 -4899 14199 9725 END
START 4068 -3348 15324 -6584 16022 8750 END
START 1964 -4716 15912 -6874 15285 8063 END
START 148 -6736 17664 -6857 14034 7337 END
START -2612 -8324 20132 -7311 11929 5051 END
START -4292 -10888 21836 -7648 10216 641 END
START -5576 -12232 23724 -6719 7143 -5448 END
START -4380 -14676 22552 -4096 3385 -9191 END
START -3928 -15700 23512 -1524 2624 -10757 END
START -2804 -15168 22984 1999 1797 -10996 END
START -2468 -13628 22120 5183 2882 -12039 END
START -2904 -12008 20328 9405 4452 -12607 END
START -3916 -9824 17992 12761 5556 -12411 END
START -5388 -7064 15892 15324 5672 -11664 END
START -6408 -4428 14276 16779 4702 -10748 END
START -7376 -864 12772 15524 4629 -10568 END
START -7716 2280 11336 15164 3363 -9052 END
START -7148 5264 10820 13832 2426 -8497 END
START -5948 7180 10520 11259 2253 -9301 END
START -5028 8432 10416 8930 2211 -10442 END
START -4320 8468 9672 7110 3754 -10824 END
START -4396 9192 8532 6527 6012 -9942 END
START -1992 10560 6392 6884 5507 -8703 END
START -3140 11456 6244 7081 11554 -5311 END
START -4300 12640 5668 6299 14158 -2357 END
START -3064 13364 5860 3621 15398 96 END
START -2068 12512 8228 -372 16027 -446 END
START -2700 10204 9412 -5712 16707 -2208 END
START -2324 8376 11324 -8373 16162 -2643 END
START -4124 7540 13900 -9233 16884 -3941 END
START -4416 5408 14400 -9849 17606 -5972 END
START -5252 4656 14840 -8061 20154 -4677 END
START -7124 4088 14072 -5609 21047 -2343 END
START -7844 3792 14532 -4488 22422 1978 END
START -9184 4588 16976 -4417 20473 5896 END
START -10736 7268 21172 -3745 18291 10655 END
START -12056 10820 25160 -4320 17313 11665 END
START -11708 9740 25756 -4647 16078 10245 END
START -14060 8372 28792 -4378 11906 8574 END
START -13456 5316 29924 -9429 6583 4151 END
START -13260 1496 29776 -8198 4012 7311 END
START -13456 -412 31740 -7476 -1107 9482 END
START -13708 -328 32767 -7490 -2831 10468 END
START -9760 -2592 28932 -3581 -8024 12338 END
START -10180 -2012 28044 -2381 -8600 9942 END
START -9312 -3540 25424 549 -8616 6439 END
START -9128 -3560 24760 3345 -9186 5278 END
START -10136 -3544 22960 2391 -6506 4712 END
START -9540 -5964 17072 2594 -471 4540 END
START -11536 -5396 13120 5484 616 4063 END
START -12800 -5624 12428 6997 -357 4295 END