START 11584 -4504 13556 8132 1396 -12358 END
START 10168 -1996 13092 8051 4945 -14925 END
START 6888 -212 12228 8331 9058 -15615 END
START 3200 912 11084 8482 11071 -13775 END
START -2276 2608 10672 8554 11731 -8791 END
START -8480 5480 11768 7787 12275 -2900 END
START -11124 11244 13772 5438 9605 -55 END
START -12616 13704 11720 2853 7390 2228 END
START -14040 16012 12648 140 4408 2481 END
START -12892 15000 12364 -3016 1785 630 END
START -11572 12280 13884 -5849 -1062 -1304 END
START -6024 9560 14660 -5407 -1525 576 END
START -2456 7580 14476 -4341 -883 3329 END
START -884 6896 15236 -4525 301 5150 END
START 384 6188 15644 -4857 808 6072 END
START 1264 5508 15304 -5184 851 6114 END
START 2860 3156 15924 -4976 2260 6781 END
START 1972 2768 17184 -4246 2697 8178 END
START 1896 2460 17468 -5544 3255 7536 END
START 1348 1872 17680 -6449 2703 7172 END
START 608 1732 18024 -7712 2800 6711 END
START 776 1100 17648 -8226 2682 6919 END
START 1344 724 16720 -7507 2561 7801 END
START 1756 720 16132 -6690 2702 8947 END
START 2096 364 16776 -6472 2318 9433 END
START 2008 -240 17892 -7813 2405 8835 END
START 2108 -1620 17652 -8494 2665 7688 END
START 2128 -3080 17460 -8350 2419 6582 END
START 2332 -4248 17104 -7983 2709 5524 END
START 2460 -5192 16508 -6560 3392 5042 END
START 3364 -5452 16104 -4302 3764 4951 END
START 4276 -5952 16732 -1539 4638 5597 END
START 4036 -5604 19192 -1236 5275 4869 END
START 3488 -6348 18808 -1980 6636 3274 END
START 2764 -7756 17788 -1662 6801 1822 END
START 2028 -8752 17636 -1054 6478 495 END
START 1112 -9268 16876 -336 6708 -499 END
START 64 -9768 16052 1644 6527 -1613 END
START -96 -10112 15224 4066 6033 -3340 END
START -324 -9552 15276 6132 5403 -5380 END
START 8 -9040 15196 7976 6476 -6937 END
START -528 -8436 14692 9802 7401 -7684 END
START -1364 -6916 14012 11465 9004 -8435 END
START -2788 -5576 12624 12744 10857 -9253 END
START -3428 -4368 11740 14905 11107 -9338 END
START -3620 -1852 11816 15635 11126 -9288 END
START -4596 768 11568 14032 10908 -8719 END
START -4768 2564 10896 11817 10210 -8136 END
START -5748 5080 10484 9897 10250 -8129 END
START -5796 7448 9112 8894 10750 -7258 END
START -5860 9928 8400 8221 12765 -5825 END
START -5720 11680 7416 7582 14120 -3698 END
START -6592 12496 9348 5772 14435 -2628 END
START -4552 12464 10520 1944 17396 -491 END
START -4716 12388 11820 -1718 17406 1491 END
START -4964 11804 12420 -6166 17621 2102 END
START -6384 11584 12480 -7912 17555 3121 END
START -7912 10448 13640 -8307 17830 3001 END
START -9592 9740 15888 -8381 16767 1208 END
START -10144 7700 18936 -9012 15855 -1413 END
START -10008 5296 21832 -8428 14011 -686 END
START -8232 3964 24168 -7887 12465 590 END
START -8864 3104 26280 -7754 11575 2284 END
START -10040 2996 28436 -6107 10256 5542 END
START -11064 4004 29824 -4916 8041 7766 END
START -13432 2288 32767 -5956 5842 7252 END
START -15012 -200 32767 -6505 503 5080 END
START -15260 -2228 32767 -7056 -1612 5272 END
START -16508 -4276 31872 -3261 -6196 3166 END
START -13608 -4512 31024 -136 -10651 1762 END
START -12320 -4716 28456 2497 -12678 2632 END
START -10304 -3436 26312 5108 -13413 5375 END
START -9484 -2188 21972 6011 -12762 5381 END
START -7876 -1752 18496 8723 -11571 6610 END
START -5816 -224 16908 11941 -9290 8581 END
START -5624 2864 15280 11506 -5609 9735 END
START -6316 2792 10804 7544 -1090 9362 END
START -6428 3176 8900 5787 1264 9201 END
START -8268 3100 7904 2708 -139 7269 END
START -7564 1492 5512 469 -2439 4802 END