START 9132 -4352 14720 -7 -9219 -3883 END
START 10284 -4664 15308 1062 -8134 -5346 END
START 11336 -4460 14564 2690 -6609 -6508 END
START 11976 -4312 14880 2935 -4254 -8546 END
START 11804 -4528 13872 2820 -2188 -10120 END
START 10536 -3844 13272 3492 -301 -10480 END
START 8808 -1896 12764 4379 1356 -10073 END
START 6780 824 12636 5272 3521 -9793 END
START 3984 4024 12800 5993 5765 -9304 END
START -620 8064 12984 6251 8264 -8279 END
START -5868 11448 12764 5618 10570 -6548 END
START -11384 13916 11964 4845 10741 -3080 END
START -12076 16300 10944 3417 9632 3084 END
START -14644 19756 13336 1255 6264 7003 END
START -13888 21716 13348 -4841 3953 8699 END
START -10524 19040 14048 -6463 270 9152 END
START -5320 13772 12008 -8972 -1561 8842 END
START -1988 10148 14408 -10889 -1372 8943 END
START 1024 6360 15128 -10037 -518 11072 END
START 2572 3500 14892 -10237 999 12634 END
START 4020 1488 14100 -10381 2705 13150 END
START 4780 -956 13164 -9484 5171 14555 END
START 4312 -2236 12072 -7066 7303 17242 END
START 3220 -2588 12104 -7062 8304 17607 END
START 2164 -3484 13260 -8814 8019 15299 END
START 1792 -5576 14728 -11521 7057 11583 END
START 1944 -9396 16960 -13494 4695 7461 END
START 452 -12680 18388 -16216 4524 2361 END
START 2408 -15984 15880 -15426 3498 -839 END
START 2660 -19720 16892 -9848 4200 -1468 END
START 4076 -20128 17780 -2699 4749 -364 END
START 1968 -17928 21320 2749 5562 371 END
START 680 -16396 23664 3930 6691 -2020 END
START -1080 -15228 22616 4730 6992 -6669 END
START -1992 -14576 20176 7518 5650 -11171 END
START -2540 -13284 18128 10500 4718 -13696 END
START -3556 -11116 16792 13785 4074 -13829 END
START -3932 -7372 14536 16073 3681 -13317 END
START -4772 -3560 13556 17628 3865 -12647 END
START -3964 272 13096 18141 2873 -11985 END
START -3544 3184 12120 15654 4263 -12506 END
START -4376 6064 11172 13820 4216 -12293 END
START -5036 7756 9688 11875 4610 -11997 END
START -4572 9256 7788 10615 5723 -10943 END
START -4252 11312 7028 10653 5965 -8926 END
START -3112 13000 7128 8818 7832 -8326 END
START -2132 13944 6352 6145 9970 -7319 END
START -1140 14376 6748 4632 11416 -5450 END
START 224 13992 8284 2089 12868 -4231 END
START 184 12804 9756 -1539 14514 -3213 END
START -636 12000 10932 -3056 15633 -949 END
START -2188 11096 11776 -4485 16921 187 END
START -2748 9452 12164 -5304 17533 175 END
START -2736 8264 12624 -5125 17423 334 END
START -1724 7416 12932 -4308 18041 1016 END
START -808 7260 14712 -3190 18652 2426 END
START -296 7224 18600 -2746 18799 4104 END
START -564 7120 20568 -3777 19407 5433 END
START -3368 7164 23496 -6376 21044 5284 END
START -7188 6656 24160 -6207 20003 5797 END
START -9624 6104 25224 -5661 18041 5477 END
START -10784 4940 28412 -4649 13903 4927 END
START -12572 3364 31416 -6762 9243 4520 END
START -19444 3936 32767 -6183 5613 4302 END
START -14488 1780 32767 -7211 181 3643 END
START -14880 -1328 32767 -5335 -3112 3504 END
START -14156 -1464 32767 -1603 -4693 4137 END
START -13600 -2984 31464 2390 -6247 6036 END
START -13308 -2872 27440 5495 -5859 8079 END
START -13472 -1868 24132 7236 -6973 9974 END
START -12212 -1496 20608 7083 -7097 10917 END
START -11636 -372 16788 5517 -6978 10888 END
START -11432 -84 13156 4268 -7536 9579 END
START -10064 4 10464 3799 -7464 7530 END
START -7784 -632 9220 3242 -7380 4179 END
START -6240 -1468 8240 2768 -6588 1073 END