START 10408 -11056 14440 4317 -62 -7631 END
START 12024 -12900 13696 6004 1754 -9282 END
START 13264 -13936 10836 8893 4138 -10874 END
START 13004 -12792 9092 12759 6073 -11048 END
START 9656 -8644 11216 16451 8974 -9456 END
START 4852 -2364 12624 17116 13003 -9834 END
START -80 3484 11752 16675 16012 -9276 END
START -9284 10340 13656 14182 20284 -9504 END
START -12772 14672 10572 9825 18023 -6771 END
START -19428 17984 9844 8950 11732 -1423 END
START -22048 19964 10148 4652 6298 2407 END
START -20308 22516 14508 2272 764 3756 END
START -14568 21268 15440 -3368 -2363 2282 END
START -5492 18612 14460 -6735 -5697 2120 END
START -3316 16280 18428 -5517 -4380 5186 END
START 408 13080 19924 -5016 -2577 7210 END
START 2136 10708 19020 -6289 -667 7728 END
START 2664 8708 18300 -6849 583 8624 END
START 2804 6864 17812 -6929 1363 9719 END
START 2816 5612 16836 -7466 2364 10947 END
START 2540 4276 15876 -7064 2532 12329 END
START 2360 3204 14860 -8092 3351 12058 END
START 2420 2168 14488 -8072 3727 11510 END
START 2332 500 14916 -8497 4105 10773 END
START 2052 -1468 15956 -9180 4758 10093 END
START 1828 -3920 16928 -10211 4973 8391 END
START 1372 -7288 16884 -11284 4237 6383 END
START 1148 -9396 18276 -11326 4328 2717 END
START 1492 -13412 16356 -9852 3086 19 END
START 788 -16208 16976 -8358 3294 -1397 END
START -256 -17904 18604 -4771 1617 -624 END
START -216 -18260 20228 -3524 1692 -1059 END
START -1364 -18308 21540 -1278 948 -4006 END
START -1496 -17904 20436 1635 626 -8871 END
START -848 -17192 19772 7204 279 -11624 END
START -724 -14756 18896 11551 1427 -13426 END
START -2064 -11368 17776 15580 3346 -13589 END
START -4004 -6928 15660 19012 5015 -12386 END
START -5700 -2116 13448 21294 5818 -10236 END
START -6892 3352 11512 21622 6604 -8643 END
START -6728 8568 9432 19995 6069 -6438 END
START -8768 12104 10032 17258 7976 -5473 END
START -4704 13936 8248 14284 5108 -6201 END
START -4084 14804 5524 8348 5364 -8164 END
START -4984 15252 8148 6629 7137 -8187 END
START -1880 13332 5376 3219 7695 -8379 END
START -892 12576 4992 1912 11408 -6705 END
START -824 12300 5372 1008 14021 -5047 END
START -68 11252 5252 197 16875 -3127 END
START -120 10912 5652 -1015 19108 -1027 END
START -332 11640 6808 -1670 20752 1361 END
START -276 12036 8216 -2450 22312 3463 END
START -1000 12080 10928 -3494 23299 5593 END
START -3436 12080 14264 -5744 24533 6536 END
START -5512 10760 15444 -7070 25435 6588 END
START -7660 9972 17964 -7726 23252 5196 END
START -6920 9072 19584 -5659 20123 4369 END
START -7124 7844 22824 -7319 17809 3540 END
START -8404 5860 28948 -5851 14591 6873 END
START -11724 4084 32767 -9412 11608 8600 END
START -15812 2420 32767 -13482 8564 6773 END
START -15816 -3132 32392 -13329 5063 4118 END
START -17584 -5344 30316 -8310 2759 3439 END
START -15492 -7940 30620 -1735 -3277 5910 END
START -15368 -6260 28220 2866 -3217 6539 END
START -15256 -3112 27060 6412 -5358 7799 END
START -15192 -1176 24128 4222 -4452 5690 END
START -14652 -1760 20440 7132 -4914 6345 END
START -13436 -892 18784 5274 -6875 4239 END
START -12932 -320 15600 4233 -7370 2410 END