START 9656 -11216 17916 -2434 -13429 -8144 END
START 13180 -11852 15976 2142 -9228 -11123 END
START 13080 -10592 17624 5398 -4671 -15169 END
START 12180 -9120 17468 8489 1338 -18453 END
START 8940 -6908 15712 11074 5089 -19715 END
START 4456 -5800 14100 12287 7316 -18664 END
START -2612 -2204 13420 13552 9979 -14748 END
START -6708 4168 10408 14891 12992 -7071 END
START -14492 10700 10620 15182 10960 -3354 END
START -17044 16276 11068 12095 7605 -1226 END
START -16128 18940 9368 8851 3396 2041 END
START -13528 22128 10316 2599 -1412 976 END
START -10216 18516 11512 -2972 -1315 -638 END
START -7612 14988 11452 -6333 -2105 634 END
START -3564 13076 12524 -7414 -2145 3556 END
START -1200 11436 12984 -8539 -1058 6587 END
START -80 9484 13612 -9525 82 8584 END
START -308 8208 14136 -9257 875 11143 END
START -56 7180 15092 -9175 1288 12816 END
START 228 6112 15476 -10126 1758 12512 END
START 1052 4808 15896 -10858 1580 11804 END
START 2028 3280 16256 -11568 1586 11262 END
START 2104 1436 16168 -12341 2061 11266 END
START 1752 424 15940 -12219 2348 11873 END
START 2032 -1324 16260 -11293 3059 13674 END
START 1788 -1912 16560 -11647 3712 14971 END
START 1128 -1980 16344 -11978 4447 14393 END
START 640 -3188 15772 -11240 4362 12937 END
START 1376 -4444 16096 -9957 4046 10809 END
START 2692 -6184 17152 -8681 4141 9736 END
START 2764 -7624 18632 -9126 4499 8598 END
START 2288 -9520 18808 -9850 4892 7196 END
START 1952 -12304 18644 -8777 4259 6911 END
START 1076 -13732 19756 -8023 3577 5254 END
START 520 -15460 19584 -7147 2352 3321 END
START -744 -15560 21848 -5823 1740 370 END
START -724 -17024 22924 -3146 282 -2959 END
START -868 -17996 23680 -1171 -435 -7032 END
START -232 -19116 23108 1936 -313 -9546 END
START -168 -18676 22380 6497 153 -9649 END
START -876 -16664 21260 10540 1141 -9458 END
START -2572 -14188 19444 14013 1094 -9467 END
START -3416 -10960 17728 16338 795 -9671 END
START -4424 -7116 17008 17593 602 -9979 END
START -5912 -3108 15764 16880 61 -11765 END
START -5612 -1004 13532 16504 -402 -12949 END
START -5108 1480 13084 15332 -353 -13758 END
START -6668 2760 10292 13643 304 -13860 END
START -5860 4264 10252 13064 -424 -12237 END
START -5568 5644 9028 10718 583 -11094 END
START -5140 7024 8316 9985 663 -8694 END
START -4140 8392 7924 8259 1634 -7240 END
START -2988 9608 7408 6599 3281 -5888 END
START -2036 10596 7576 5011 5024 -4687 END
START -648 11072 6640 2721 7240 -4002 END
START 336 10828 6512 651 9592 -3487 END
START 636 10376 6156 -1180 11972 -2629 END
START 740 9664 6092 -2603 14520 -1297 END
START 1068 9188 7020 -2698 16709 1001 END
START 584 9304 8964 -4012 19125 2778 END
START -588 10236 10868 -4544 20887 3943 END
START -1276 10168 11772 -5783 22226 4577 END
START -2160 9580 12612 -7901 23432 4483 END
START -3572 8988 14296 -8132 22884 4560 END
START -3156 7924 16152 -6962 21284 5758 END
START -3560 7488 20564 -8427 20265 5826 END
START -4236 6172 23788 -8623 18538 6877 END
START -6920 4068 27304 -9180 15734 8245 END
START -12232 3864 32767 -11498 13869 6796 END
START -9440 -2096 32767 -10613 8317 6679 END
START -16232 -3952 32767 -11157 5909 2401 END
START -13976 -9004 32767 -7311 448 598 END
START -14652 -11052 32767 -1804 -3631 553 END
START -12180 -12068 30372 5452 -7714 4597 END
START -11952 -8952 29904 8299 -9656 5617 END
START -11208 -7256 25420 10106 -8976 4386 END
START -9828 -6432 22396 12558 -8020 5242 END
START -9436 -5104 19044 13675 -5137 5107 END
START -9100 -3628 14180 14152 -3198 5735 END
START -11024 -520 11748 13700 -309 4352 END
START -11132 -280 9404 11408 -1566 1572 END
START -10532 -176 7772 8082 -2377 -862 END