START 8156 -16484 18764 -6031 -10641 -14592 END
START 11216 -15780 15232 1602 -8269 -14637 END
START 11980 -11908 14904 6640 -4455 -13430 END
START 7912 -5808 14148 9351 1367 -14118 END
START 1960 -1012 13272 12356 6572 -14165 END
START -3204 2680 11000 13832 10675 -13118 END
START -9504 7836 9440 13681 12217 -9212 END
START -11884 13640 7684 10617 15163 -3408 END
START -17768 15240 6464 9331 8376 414 END
START -15544 15388 4292 5757 3414 2944 END
START -14888 19540 7728 5400 -1166 8013 END
START -11712 21328 8348 792 -1189 8366 END
START -6488 18660 8372 -3516 -1321 5733 END
START -3360 15096 9236 -6178 -493 4784 END
START -264 12484 9164 -6191 1315 6903 END
START 308 10792 9940 -5707 1815 10115 END
START 2696 9684 9824 -7332 5358 11384 END
START 3492 8080 11292 -7920 5844 11907 END
START 2120 6316 12388 -8757 7015 11826 END
START 2108 4296 12992 -9337 7734 13088 END
START 1416 2676 13336 -10394 9055 12915 END
START 2620 1280 13208 -10042 8502 12325 END
START 2792 -688 15304 -8163 8641 13165 END
START 2908 -1856 16444 -9396 8704 12353 END
START 2356 -4316 18176 -10808 8064 10656 END
START 4144 -7668 18876 -11837 4972 8172 END
START -12 -8824 22268 -14904 7282 2611 END
START 500 -14088 19264 -9358 3575 4510 END
START 2044 -15580 21556 -6895 3994 3583 END
START 1256 -15824 21400 -3315 3485 2898 END
START 2096 -15496 22972 -331 3300 2414 END
START 1924 -14896 23404 694 4439 -3 END
START 1448 -15352 23036 1957 4351 -2640 END
START 1220 -15808 22016 3376 4919 -5660 END
START 932 -15532 20036 6287 4960 -7486 END
START 80 -14340 18316 8833 5093 -8732 END
START -1188 -12500 16668 11146 4813 -9244 END
START -2932 -9096 15536 12549 4632 -10146 END
START -3960 -6288 15372 12347 4086 -12175 END
START -5564 -4072 14284 11558 3841 -14151 END
START -5596 -1520 13700 11453 3466 -15535 END
START -6296 516 12532 11149 3727 -16817 END
START -5888 1104 11464 11369 5020 -16852 END
START -6196 1932 10480 12625 6292 -15325 END
START -8812 3700 9484 14249 7283 -13376 END
START -6004 6788 7236 14205 9413 -10246 END
START -6036 10496 6376 13199 11225 -6559 END
START -8584 13956 7192 9251 14802 -4434 END
START -8216 15460 5448 6627 11854 -1597 END
START -5904 16500 6836 3295 11691 -2994 END
START -4544 15612 7048 -1175 13449 -5464 END
START -3684 14296 9276 -3098 13713 -4838 END
START -3552 12412 11192 -5159 15973 -3243 END
START -4448 11624 12316 -6137 18183 -161 END
START -4800 10796 12880 -6130 19253 2509 END
START -2968 11120 13084 -6353 17949 3254 END
START -3088 11784 17728 -4731 17816 5753 END
START -3284 11424 21500 -5950 17035 6112 END
START -6912 10748 26244 -8625 17139 5347 END
START -6596 6972 27028 -9378 15791 6231 END
START -11840 3172 29460 -10709 11419 4173 END
START -7712 -2116 32767 -9860 6643 4012 END
START -12916 -3420 32767 -8247 2464 3758 END
START -15124 -6308 32767 -4709 -2692 5068 END
START -12172 -7924 32504 -1160 -4056 5089 END
START -14628 -6364 32767 263 -6720 3190 END
START -13796 -7180 27704 2928 -8789 783 END
START -11952 -6192 23572 5870 -10144 271 END
START -9764 -5244 18692 8122 -8951 2711 END
START -5580 -2960 15792 9968 -7790 6648 END
START -9696 1020 15300 8404 -5674 5826 END
START -9768 2928 11616 5866 -3772 5478 END
START -9568 4604 11892 5118 -2557 4680 END
START -8184 3136 10912 1064 -3023 589 END