START 16548 -10108 12396 3294 974 -11560 END
START 16744 -9772 12104 5958 3482 -14059 END
START 16236 -8032 11276 7934 7431 -16601 END
START 14864 -6124 9696 8953 11054 -17962 END
START 10316 -5204 8656 9457 13519 -16591 END
START 4148 -1868 9328 10080 15147 -12422 END
START -2856 3332 9992 9848 15694 -7249 END
START -8932 8000 12604 9540 17196 -1949 END
START -12992 16536 17048 4341 15797 -5557 END
START -20068 16772 17372 1510 12711 -7507 END
START -22296 14016 16700 -4503 7820 -7930 END
START -20704 11916 13864 -4434 2049 -1932 END
START -21664 11352 16672 -5617 -3494 2305 END
START -10480 10436 16852 -2255 -6628 5573 END
START -4212 8164 15900 -3067 -7933 7097 END
START -876 7048 17288 -3978 -7218 6543 END
START 4148 4732 17596 -4695 -6610 4938 END
START 2324 1748 17868 -3193 -2516 5906 END
START 2476 312 15168 -2608 -606 6549 END
START 1380 -1100 13940 -2876 135 5734 END
START 1288 -2044 13752 -3108 569 5447 END
START 1864 -3272 12700 -2003 -447 6466 END
START 3232 -4020 13276 -1641 -1849 6290 END
START 4580 -4336 14124 -2126 -2893 4115 END
START 6064 -5004 14416 -2753 -3043 1312 END
START 9212 -6400 13876 -2193 -3671 -883 END
START 8912 -7036 13968 -1048 -2751 -2389 END
START 8528 -6784 13312 1127 -835 -1874 END
START 8728 -5612 12592 2700 1382 -1633 END
START 8664 -4172 11676 3812 3172 -1827 END
START 9292 -2504 11332 4438 4280 -2124 END
START 9676 -1100 10748 4020 5601 -3295 END
START 9972 -712 10504 2903 7206 -4813 END
START 9724 -884 10644 1838 8665 -5753 END
START 8856 -968 11480 559 10137 -6555 END
START 7500 -948 11708 -610 12118 -7387 END
START 5812 -984 11068 -976 14361 -8422 END
START 4808 -364 11116 29 16220 -9227 END
START 4448 244 11272 2021 17429 -8479 END
START 3416 2344 11932 2940 19465 -7656 END
START 2364 4372 12184 4500 21588 -5978 END
START 44 7412 12516 4843 23776 -4747 END
START -2364 9012 12800 4115 25879 -4061 END
START -6740 11288 13632 1492 27930 -3680 END
START -8188 12156 14108 -270 27550 -2550 END
START -8692 13244 13832 -1832 26045 765 END
START -8464 13992 12892 -807 24102 3405 END
START -7872 15400 14348 -1038 23243 4715 END
START -8468 15104 17060 -2612 21754 4640 END
START -8164 14468 22056 -4036 18316 5349 END
START -8840 13904 23480 -5674 19021 9038 END
START -9268 13624 24576 -7220 17546 11743 END
START -9812 12100 24584 -9368 15628 12557 END
START -10644 10112 26440 -10720 12674 12268 END
START -11248 8416 27984 -13887 11418 10203 END
START -10608 4816 29936 -10854 5153 12185 END
START -9860 928 30852 -12159 2548 11923 END
START -11864 -1024 32767 -12791 1343 12195 END
START -12020 -5452 32767 -11655 -2915 9796 END
START -13540 -7564 30948 -10294 -5918 6012 END
START -11384 -11528 28060 -4882 -10181 5610 END
START -8784 -13100 25832 51 -12496 5178 END
START -7108 -13604 23720 3447 -14502 4345 END
START -4176 -13596 20448 5056 -14711 2076 END
START -2296 -12296 17760 8523 -13209 0 END
START -1376 -10184 16072 9360 -9441 -3500 END
START -1384 -8112 12528 10789 -5529 -5757 END
START -3664 -5688 7636 12571 -1717 -5161 END
START -5104 -3380 3696 10733 4322 -4749 END
START -8840 -896 2352 11388 6070 -2175 END
START -9304 388 2200 8727 4607 -1139 END