START 11504 -2348 17628 3742 -7455 -5538 END
START 10692 -2208 16444 3000 -4273 -8436 END
START 8264 -2476 14584 3287 -1765 -10452 END
START 4276 -1284 13276 4524 -34 -10223 END
START -280 2212 13240 6771 1683 -8207 END
START -3984 6280 11764 8297 3863 -5874 END
START -8416 11668 10968 10667 4739 -2132 END
START -10776 16472 10296 9973 5923 126 END
START -12524 19704 8820 8082 5753 3431 END
START -11760 21520 8008 4616 4784 6797 END
START -12392 23040 6828 -3430 2482 6778 END
START -9184 18780 6224 -5807 2827 9398 END
START -6104 16648 6236 -10603 1925 10602 END
START -2224 14104 6388 -12138 1820 10674 END
START 260 11756 7932 -13238 3900 12225 END
START 1552 9352 7812 -14297 6647 13282 END
START 2264 7012 8232 -14894 8068 14754 END
START 3016 3876 8956 -16872 9309 14925 END
START 4232 -28 10204 -17562 10732 15355 END
START 1560 -3952 12772 -18063 9588 13724 END
START 2508 -9384 16004 -15976 8292 13102 END
START 2632 -12956 20720 -17326 6958 9327 END
START 2188 -17300 24108 -17456 4697 4382 END
START 2628 -21664 26324 -14861 1504 -984 END
START 4296 -24296 27336 -8970 1382 -5576 END
START 3296 -24776 27356 -706 884 -6518 END
START 3144 -23076 27464 3563 4019 -6790 END
START 1152 -19888 25328 9655 5956 -5030 END
START -2248 -14904 22760 13685 6791 -5917 END
START -5588 -8476 19444 14908 4631 -7546 END
START -6740 -6640 17024 16684 5557 -6983 END
START -8456 -2848 14992 14582 4281 -7039 END
START -8016 184 13004 13597 626 -6765 END
START -9864 2908 12648 9258 378 -9093 END
START -9372 4004 12096 6991 213 -10573 END
START -7956 3824 10432 5157 -3294 -12798 END
START -4992 2740 10212 3936 -2581 -13868 END
START -3284 2336 10104 5157 -778 -13140 END
START -1888 2176 9432 6745 1601 -11789 END
START -1344 2976 8504 8042 4122 -10243 END
START -1312 4388 7688 9195 6476 -8134 END
START -1988 6496 7280 9295 7772 -6181 END
START -1104 8508 6536 7994 10365 -4792 END
START -1348 10524 6232 6454 11034 -3826 END
START -1660 12036 6220 3713 13044 -4050 END
START -780 12416 6372 2816 13755 -3661 END
START -1228 12604 7544 1730 16329 -2836 END
START -1284 12520 8564 459 18328 -543 END
START -2208 12520 9940 -599 20189 1590 END
START -3012 11924 11160 -2399 21680 2564 END
START -3876 11476 12272 -3632 22101 3211 END
START -4016 11920 13412 -3690 21248 3311 END
START -3068 12064 15952 -4393 21700 2242 END
START -2516 11440 17404 -4608 21365 3046 END
START -4944 10880 21852 -5914 21928 5333 END
START -7068 9312 25116 -8652 21035 7064 END
START -12076 7812 27140 -11536 19266 7862 END
START -14652 5496 28336 -10661 14149 6933 END
START -12516 3636 30224 -10780 8359 5023 END
START -10936 2284 32767 -8198 3125 4511 END
START -10576 1464 32767 -8449 -1344 3765 END
START -12924 -1144 32767 -11329 -3301 2346 END
START -15092 -5164 32767 -8473 -6343 4965 END
START -15480 -6556 32767 -5556 -7169 4515 END
START -14944 -6628 29416 1700 -10706 5363 END
START -15240 -4088 26520 3690 -12536 5719 END
START -13200 -3280 21280 5943 -12551 7550 END
START -11244 -1740 18720 8401 -12217 9334 END
START -10784 -296 14968 7765 -10356 9060 END
START -6460 -668 12096 8958 -8401 10340 END
START -6476 -380 8972 8725 -4781 10445 END
START -6988 380 8596 7965 -3540 9612 END
START -7228 652 6128 5567 -2896 8713 END