START 8716 -8108 10320 -4508 -9970 -3085 END
START 11940 -7052 11792 1169 -9200 -3164 END
START 14624 -5560 12576 3600 -5141 -5408 END
START 14748 -2844 14704 5123 1108 -7992 END
START 13476 -1336 14284 6058 6647 -10930 END
START 11568 -1396 11736 4981 10754 -14222 END
START 7432 -2044 11668 4469 13999 -14936 END
START 1372 -1672 10852 4346 15137 -11453 END
START -5592 1868 11256 6777 14446 -3583 END
START -10088 9584 13704 7376 14025 649 END
START -15336 13640 14784 6989 10763 930 END
START -15740 15848 16628 1511 9167 -2541 END
START -15376 13876 14984 -154 4043 -1912 END
START -12592 12768 14772 -3664 278 -778 END
START -8388 11208 14608 -7077 -2762 -1394 END
START -5584 8648 17488 -4194 -2393 2552 END
START -1184 7376 17376 -1810 -1607 5850 END
START 2552 6632 17868 -1807 -276 6638 END
START 3080 6604 17464 -515 3615 7959 END
START 2320 6232 15692 519 4193 9279 END
START 2748 6028 14268 128 6209 10085 END
START 2532 5552 13124 -289 6943 11430 END
START 2116 5588 13916 -1544 7125 12643 END
START 1856 5116 14524 -4469 6985 13003 END
START 1972 4500 14504 -7670 6545 12403 END
START 2344 3232 14440 -10140 6359 11252 END
START 2696 1840 14668 -11480 6056 10065 END
START 2604 -524 15864 -13185 5871 8472 END
START 1564 -2504 16508 -13994 5995 6865 END
START 1352 -5356 16960 -12521 6046 6394 END
START 476 -7536 18892 -11105 5648 5134 END
START -572 -8928 19784 -9657 5045 3790 END
START -524 -10316 21184 -7863 4537 2383 END
START -264 -11780 22388 -5585 3402 1027 END
START -652 -13224 22948 -4346 3097 -1326 END
START -1096 -14556 22576 -2316 2683 -3651 END
START -1552 -15040 21348 213 2836 -6086 END
START -1660 -14776 19444 3845 2801 -7734 END
START -2436 -13300 18428 8234 2719 -8154 END
START -3144 -11000 17412 11830 2874 -8245 END
START -4120 -8064 16120 14481 2993 -8134 END
START -4416 -4832 15464 15276 3407 -8355 END
START -5028 -2152 13908 14579 4172 -8991 END
START -5732 -12 12812 13797 3905 -9649 END
START -6152 2028 11492 12495 3433 -10175 END
START -5744 3436 10180 11016 3313 -9715 END
START -5048 5040 9212 9690 3416 -8431 END
START -3996 6944 8784 8844 3891 -6899 END
START -3188 8784 9164 8010 5507 -5793 END
START -4036 10412 9244 7145 7792 -4912 END
START -2760 11680 8664 4814 9957 -4262 END
START -2672 12548 8716 3000 12688 -4045 END
START -2524 11884 7376 688 15159 -3563 END
START -2880 11624 7356 -1318 16638 -2084 END
START -3124 11116 7284 -3648 18095 -925 END
START -3384 10564 8100 -4790 18949 172 END
START -3328 10428 10216 -5583 19207 89 END
START -4356 9644 13456 -7907 20151 -1115 END
START -4492 8044 16088 -9121 20508 -437 END
START -6060 6228 17832 -11142 20920 669 END
START -8032 4460 18956 -9397 18790 3426 END
START -8916 4484 21092 -6909 16748 7203 END
START -10548 7088 24212 -5938 16037 9340 END
START -8320 7352 25960 -2225 13126 11728 END
START -10236 7588 32628 -3385 11068 9368 END
START -12340 4388 32767 -6911 8416 6224 END
START -14828 800 32032 -8164 4986 3955 END
START -15508 -3424 29988 -5839 -162 3441 END
START -13952 -5344 28044 -2624 -3445 4700 END
START -13332 -5432 27348 649 -6641 7011 END
START -13208 -3752 24484 2381 -7706 7072 END
START -11316 -3016 21748 3775 -7958 6340 END
START -9968 -2204 18844 4053 -6164 5414 END
START -9020 -1424 16892 5048 -4026 3687 END
START -10160 -380 15252 6268 -1677 3465 END