START 5644 -1252 16344 -11071 -8937 788 END
START 5212 -3420 16628 -10351 -9425 -1004 END
START 5936 -5784 15572 -10974 -10156 -3928 END
START 7012 -9772 13892 -11159 -9426 -7015 END
START 9248 -12820 10852 -9020 -8244 -7870 END
START 11360 -12868 9324 -4097 -7463 -6017 END
START 14928 -13284 8128 -2197 -4250 -6219 END
START 17948 -12632 7068 1330 -485 -7580 END
START 19268 -11812 6556 2883 4983 -10921 END
START 17144 -9936 5020 3767 10963 -15147 END
START 13944 -7864 3064 3452 16660 -19677 END
START 8784 -10200 -772 2382 21092 -23217 END
START 2776 -8524 -968 4891 16905 -19482 END
START -1768 -3004 1824 7566 16908 -10694 END
START -7792 4556 6048 10808 26205 -1132 END
START -21208 14936 10160 5297 22354 -4060 END
START -26888 17288 12148 -472 21664 -8367 END
START -32324 17192 13760 -2120 15646 -9477 END
START -31256 12804 12856 -4558 6458 -8969 END
START -25496 10764 13556 -1501 -2438 2 END
START -18200 9872 18128 -1478 -7983 5497 END
START -5292 6996 21280 3000 -5663 4747 END
START -6980 7828 19940 -2421 -8900 7043 END
START -4548 6924 21848 -3291 -8127 4348 END
START -2328 2888 17448 -1960 -7557 4551 END
START 8 1404 16728 319 -7943 7453 END
START 1512 992 17292 -186 -8264 8831 END
START 2712 -144 16668 179 -7774 10052 END
START 5284 -1552 16612 -1282 -8414 8916 END
START 7352 -3204 16140 -3393 -8379 6767 END
START 9928 -4036 15100 -2183 -9146 6670 END
START 11676 -4100 16352 -4000 -7296 4823 END
START 10600 -4864 16452 -4850 -5758 2613 END
START 9908 -5572 15952 -5325 -3544 107 END
START 9272 -5884 15608 -4219 -2192 -2219 END
START 10148 -6572 14264 -2153 -1868 -4164 END
START 11920 -7548 13760 609 -2266 -5064 END
START 14096 -7352 12868 2464 -224 -5359 END
START 14740 -6392 12656 3035 3177 -5455 END
START 14032 -6304 11392 2326 5509 -5931 END
START 12296 -5824 10708 2180 6596 -5332 END
START 10288 -4200 10360 2421 7943 -4836 END
START 8224 -2448 10368 1843 10348 -5903 END
START 5644 -876 9328 2016 13350 -7187 END
START 3812 312 8460 2162 14252 -9173 END
START 2456 648 8072 2346 14343 -10397 END
START 1056 1584 8116 2344 15208 -10484 END
START -88 2848 7668 2350 16170 -8805 END
START -2312 5220 7964 2342 18112 -6112 END
START -4492 7552 7780 2260 20333 -3415 END
START -5724 9564 7292 1115 22027 -1716 END
START -6584 11068 7216 63 23329 -1075 END
START -6048 12456 7944 -233 23825 53 END
START -5424 13264 8076 -1124 23902 645 END
START -4552 13756 9928 -1214 25358 2032 END
START -4688 14804 11724 -1624 25990 3408 END
START -4748 15224 15184 -3290 26103 4664 END
START -4728 15420 18980 -4119 26581 8164 END
START -8792 16388 24704 -5318 24646 12274 END
START -10312 14488 28080 -4585 18446 16397 END
START -15040 15828 32767 -11515 18211 12272 END
START -16440 9616 32767 -8600 8988 10352 END
START -17460 4388 32767 -10632 2412 4986 END
START -13220 -3692 32767 -8585 -3649 3685 END
START -12128 -6944 32767 -4080 -7500 7258 END
START -13408 -8116 32767 -87 -9117 6136 END
START -10176 -9480 32767 5526 -12121 5811 END
START -6504 -9656 31452 7668 -10791 7588 END
START -4492 -8532 27376 14527 -7848 11773 END
START -8428 -6500 21684 15744 -3717 13139 END
START -7612 -5372 15748 14591 -2873 11341 END
START -7368 -3160 10480 13832 -1578 9738 END
START -5784 -876 8392 11281 1221 6277 END
START -6032 -920 6424 6700 1454 1811 END