START 6684 -4672 11304 8764 6945 -14344 END
START 1168 -1440 11640 10079 10374 -12654 END
START -7860 4536 13112 13494 16444 -6356 END
START -14028 13352 13268 12371 14554 -994 END
START -19000 19144 14084 8658 11296 2115 END
START -20244 20824 12436 1395 8356 3833 END
START -18856 22456 10140 -692 -1062 5683 END
START -14044 18824 12572 -4307 -3489 5770 END
START -8032 15688 14192 -9440 -6144 3704 END
START -2056 10760 14008 -8361 -5489 4308 END
START 2984 6980 13208 -5956 -5217 8712 END
START 3364 6492 14412 -5428 421 11317 END
START 3664 5592 13896 -4548 3249 12540 END
START 3524 4292 13624 -4987 4739 13127 END
START 3868 2344 14036 -6579 6577 13674 END
START 3352 1440 14544 -8667 7410 13025 END
START 2756 152 13068 -10461 6260 11032 END
START 2836 -1580 13212 -11764 5641 9100 END
START 3824 -3620 13460 -11337 5132 8297 END
START 4696 -4952 14436 -10561 5298 7775 END
START 5104 -6384 15608 -10301 6210 7010 END
START 5364 -7556 16448 -9858 8195 7027 END
START 4968 -8384 16932 -8167 10015 7923 END
START 4144 -8972 16652 -6888 11465 7063 END
START 3648 -9568 17444 -4973 11228 5377 END
START 2976 -10280 18832 -3330 10969 3825 END
START 1808 -11352 20276 -2646 10360 1632 END
START 780 -12468 20704 -1815 10136 -735 END
START -1156 -12780 21756 -2152 10740 -4223 END
START -2372 -13388 20376 791 8455 -6277 END
START -2964 -13592 20112 3582 7463 -8101 END
START -3744 -13040 20280 6703 6601 -8966 END
START -4596 -11744 20136 9629 6254 -10250 END
START -5152 -9872 19752 12405 5663 -10998 END
START -6316 -7196 19060 14041 5252 -11636 END
START -7592 -4240 17828 15093 4398 -12296 END
START -7940 -1744 17104 14924 3427 -12813 END
START -8284 436 16080 14302 2715 -13036 END
START -8856 2812 14988 13838 1838 -12151 END
START -8744 5212 13596 13007 1386 -11077 END
START -7168 6484 11816 11755 -1485 -11123 END
START -6200 7532 11588 10552 405 -10556 END
START -6040 8304 11044 10235 968 -9336 END
START -3372 8280 9476 9784 2753 -7001 END
START -4612 9640 9880 7210 7529 -5793 END
START -3344 10724 7376 8635 4563 -735 END
START -3224 12812 9984 5303 7187 -1324 END
START -1896 12144 7848 1583 8208 -2007 END
START -636 11892 8852 -350 8113 -1762 END
START 484 11236 9168 -2694 9770 -2384 END
START -928 9944 9264 -4079 11616 -2621 END
START 220 9024 9784 -3709 13730 -454 END
START 48 8748 11464 -4786 16169 427 END
START -388 7812 11996 -5470 18988 1799 END
START -1692 7364 14036 -5753 20256 3619 END
START -2180 7160 14144 -5993 21624 5364 END
START -4768 7844 14488 -6111 21569 6522 END
START -4948 7904 16580 -5637 20376 6676 END
START -7332 7800 18896 -7714 19115 4864 END
START -9480 6432 22448 -9494 15844 4162 END
START -12024 4228 24748 -13317 15407 2659 END
START -13356 1124 24556 -13817 11523 3284 END
START -15720 -140 26796 -11833 7138 3879 END
START -12972 -3832 25052 -9495 4983 5149 END
START -14280 -3224 28256 -4206 2023 10063 END
START -15380 -2684 30760 -4327 -375 7978 END
START -16508 -4008 29916 -4825 -4110 4156 END
START -14596 -5388 28276 -4457 -6928 1995 END
START -14792 -5208 27232 -1649 -7589 3319 END
START -12856 -5328 24200 1404 -7282 5979 END
START -13072 -3028 21136 2635 -6178 5695 END
START -11676 -2012 19372 3842 -7472 4604 END
START -12696 -1292 16704 3928 -7936 3175 END