START 1288 540 3860 -596 1707 -622 END
START 476 736 4972 35 2743 -732 END
START 456 -112 2812 -282 4119 -597 END
START 268 -172 2928 -904 5942 -547 END
START 72 -628 2160 -610 7094 624 END
START -440 -432 1904 -994 8140 1669 END
START -840 84 1704 -1401 9515 2509 END
START -1336 960 1784 -1869 11150 2776 END
START -1520 1060 1532 -2605 13114 2233 END
START -1172 752 1228 -3057 15197 1471 END
START -1028 160 644 -2983 17501 1468 END
START -1560 112 204 -2353 20205 1986 END
START -2008 568 652 -1532 22903 2873 END
START -2404 1784 1816 -1006 25092 3985 END
START -2472 2272 3528 -1952 27505 4656 END
START -2748 2112 5952 -3134 28745 5128 END
START -3456 952 9320 -4600 29907 4832 END
START -4480 1936 8808 -5364 27396 1427 END
START -3552 -1912 11548 -3533 28588 1778 END
START -2592 4 22616 -1317 29692 2698 END
START -3268 1064 26036 -946 29926 1812 END
START -2580 2004 32224 1815 25601 1641 END
START -8160 3432 32767 -663 23268 -632 END
START -9436 1340 32767 -743 22772 1163 END
START -17828 2004 32767 -270 17846 1401 END
START -18952 3072 32767 -324 13756 -1977 END
START -19456 1244 32767 2781 7322 -598 END
START -18664 1480 32767 3031 3356 94 END
START -17112 1608 32767 1958 -818 998 END
START -15148 1348 32767 2486 -4254 1726 END
START -12916 1016 32767 2622 -6193 1213 END
START -11192 -604 31188 3131 -7574 778 END
START -10736 -1108 28572 4166 -8448 1690 END
START -10472 -600 25392 5095 -9520 2840 END
START -9676 -112 22824 5283 -10937 2441 END
START -9028 -208 20768 4836 -12279 1694 END
START -8152 -1060 19756 4542 -13499 815 END
START -7636 -1980 18592 3573 -14598 -439 END
START -7276 -3176 17096 4356 -15597 -1613 END
START -6396 -4100 16048 4857 -16615 -2890 END
START -4880 -4084 15104 7192 -16767 -2612 END
START -3400 -3312 14588 8699 -16571 -2732 END
START -2284 -2548 14816 9138 -16308 -3161 END
START -1820 -1928 14752 8703 -16468 -4237 END
START -1808 -1192 14264 7385 -16996 -5994 END
START -924 -772 13192 7106 -18020 -7997 END
START 808 -180 12900 7121 -19037 -9640 END
START 2676 748 12040 8000 -18764 -10593 END
START 4624 2392 11560 9598 -17825 -11015 END
START 6320 4616 10744 10689 -15760 -11012 END
START 6452 6392 10588 12336 -12308 -8732 END
START 7552 9024 9968 9722 -9664 -10547 END
START 6568 10212 8888 8804 -7637 -10477 END
START 5744 10864 7776 8007 -4949 -10549 END
START 5480 10616 5584 7374 -2796 -9498 END
START 4188 11956 4656 7072 -1379 -7345 END
START 2648 13508 3996 6595 178 -3877 END
START 2292 15132 3392 5460 1977 -724 END
START 1220 17124 2148 3180 4431 1280 END
START 1716 17812 1200 1357 6022 3438 END
START 492 18980 528 -1002 8342 4552 END
START 420 19124 -1004 -3786 10374 4019 END
START -8 18472 -1328 -6858 13381 4605 END
START -280 16868 -1336 -9882 16411 6027 END
START -928 14004 -996 -12640 19828 8089 END
START -1712 11324 916 -13973 22014 11046 END
START -2324 9684 3316 -15813 24692 13302 END
START -5664 8524 7224 -17997 25905 13919 END
START -9000 5700 11132 -22020 25200 12214 END
START -12208 1972 15508 -26691 20010 4900 END
START -15636 -7048 21324 -25543 13241 396 END
START -17244 -15320 27036 -26160 7321 -6031 END
START -13900 -23456 29164 -22220 2478 -11101 END
START -10648 -27524 32767 -11819 -3192 -10062 END
START -6232 -25524 32628 -37 -2679 -4849 END
START -3328 -23340 29580 4355 1014 -4698 END
START -7840 -19068 28388 8949 2889 -7224 END
START -2040 -15180 22480 14112 6952 -8794 END
START -3844 -12528 16392 18689 8431 -8730 END
START -4600 -8740 12264 18896 9993 -9188 END
START -5532 -4324 9528 18674 9427 -10491 END
START -5520 -32 7936 17697 8867 -11986 END
START -6328 3852 6416 17306 7771 -12496 END
START -5264 7208 6756 16097 8287 -14106 END
START -6492 11848 8284 14580 8867 -14267 END
START -5316 15000 10416 13327 8960 -12810 END
START -5624 16952 14008 9376 11734 -11907 END
START -8004 17852 15804 5523 12205 -10012 END
START -11976 19812 17700 1811 11042 -8707 END
START -13796 20616 19408 874 8676 -5517 END
START -15432 22012 22516 -641 6329 -4391 END
START -15572 21184 26424 -1545 3494 -3883 END
START -14564 19068 28896 -3731 184 -2343 END
START -20620 17208 24860 -4370 -10097 125 END