START 3200 -2100 6668 2345 -2977 -1201 END
START 3664 -1772 5572 2536 -208 -188 END
START 3396 -1716 4444 2437 2315 925 END
START 2728 -932 3116 2345 4051 2336 END
START 2172 -248 2752 1335 5680 2421 END
START 1280 204 2508 694 8156 2801 END
START 616 1132 2036 -215 9065 2369 END
START 260 1292 2020 -1789 9215 1325 END
START -592 1336 1584 -2290 11237 662 END
START -528 1296 872 -2024 13089 591 END
START -572 1632 1080 -1150 14654 1600 END
START -404 2072 1408 -1573 16340 3099 END
START -508 2788 2292 -3064 18159 4229 END
START -596 3136 3404 -5087 19462 4053 END
START -584 3088 3900 -6979 20245 2739 END
START -576 2528 4880 -8420 20927 660 END
START -456 1708 7184 -9081 21537 -681 END
START -404 -400 9884 -9525 23109 -1179 END
START -3388 -556 13180 -10677 22120 -2711 END
START -4524 -3776 14784 -6248 23480 -56 END
START -4876 -3716 19172 -6267 26609 1551 END
START -7812 -2072 23520 -2463 24736 2564 END
START -14616 -168 31136 -995 23339 310 END
START -13580 -2052 32296 -2432 19055 -1843 END
START -15240 -4544 32767 -3750 14295 -4409 END
START -15836 -5984 32767 -1965 7343 -5334 END
START -15888 -9376 32767 8038 4426 1541 END
START -15048 -8220 32767 8748 4458 -440 END
START -13872 -5764 32767 12269 174 -1585 END
START -11888 -2628 32767 14090 -2250 -2824 END
START -10540 -804 32767 14959 -5258 -3276 END
START -8728 -452 32767 14451 -6793 -3349 END
START -9716 208 31284 14087 -8142 -2499 END
START -10180 1060 27484 13545 -9513 -2558 END
START -9724 1888 24356 13969 -11656 -2266 END
START -8216 2908 21784 14597 -13501 -1974 END
START -6096 4388 20784 15587 -14527 -1005 END
START -5256 6256 19036 13625 -14127 -2325 END
START -4332 7796 16676 14419 -14922 -1619 END
START -3972 8656 14740 12078 -14250 -1926 END
START -3872 8896 11632 11025 -14519 -1667 END
START -2084 9180 10288 9321 -14384 -2088 END
START -272 9504 8856 8602 -14341 -1984 END
START 1288 9572 8160 7412 -13587 -2116 END
START 2664 9536 7176 6839 -12378 -1979 END
START 2888 9052 5968 7030 -10567 -1256 END
START 2544 9616 5352 7820 -8201 982 END
START 1808 10452 5072 7518 -5288 3293 END
START 812 11584 3604 6035 -2686 5409 END
START 1412 11512 3796 4313 423 7534 END
START 28 12488 2132 872 488 6543 END
START 0 11772 1300 -448 676 7027 END
START 136 11344 1548 -3745 1883 6288 END
START 908 10208 1428 -6816 3407 6320 END
START 1456 8884 2148 -9106 5182 6843 END
START 1588 7076 3112 -11631 7386 6654 END
START 1716 4948 3872 -13137 9271 6159 END
START 1400 2960 5268 -14274 11270 5140 END
START 1116 420 7036 -14825 12841 3455 END
START 1396 -2260 9088 -15238 14388 1712 END
START -1160 -5404 13340 -14410 15018 269 END
START -2740 -9292 15468 -15373 13977 -4342 END
START -5092 -13300 17704 -16472 9963 -11241 END
START -6664 -18752 20076 -11484 9870 -14291 END
START -1684 -21396 20580 -5223 7988 -16406 END
START -204 -21400 23112 2391 9597 -17618 END
START -472 -16948 24204 7594 12664 -19592 END
START -2080 -11440 24808 15054 15400 -17138 END
START -6436 -3672 21404 19825 17192 -14948 END
START -14108 3304 19756 22362 18160 -10511 END
START -13240 10232 19272 23179 17542 -6851 END
START -15580 15428 18504 20524 14211 -9585 END
START -17440 18844 18904 15888 9318 -11123 END
START -17272 19500 19288 8474 7877 -10101 END
START -18328 21288 19504 5761 4501 -6830 END
START -17440 20792 19572 2781 1784 -3321 END
START -14092 20980 18460 623 -2904 -1730 END
START -11700 19688 21284 -4337 -3854 -1138 END
START -11312 17108 22252 -6551 -7500 -2593 END
START -8848 14252 22968 -7034 -5253 -1333 END