START 1784 368 3180 2079 5230 -268 END
START 1828 -380 3016 -165 7348 -1065 END
START 2040 -668 3484 -147 9133 171 END
START 1812 -672 2572 -439 11383 1365 END
START 1048 216 2168 -447 13177 2891 END
START 472 924 1944 -242 14687 4201 END
START 0 2104 2544 -612 15975 4548 END
START -40 2528 3512 -1637 16965 4415 END
START -868 3072 4512 -2632 17806 3651 END
START -1192 2972 5380 -4487 19034 2435 END
START -1416 1952 5848 -6617 20815 1694 END
START -2240 908 6640 -7339 22006 1964 END
START -1924 144 7240 -7521 22540 2314 END
START -4424 -332 10568 -7116 23102 1992 END
START -5932 588 12328 -7245 21568 126 END
START -7360 -2056 13964 -5212 22177 721 END
START -8516 -2064 18256 -5080 22163 1448 END
START -9876 -1712 21124 -3877 21140 1129 END
START -9216 -1868 25420 -2877 19182 -624 END
START -11040 -2660 30092 -2175 17496 -1193 END
START -10760 -4432 32767 -2300 15134 -2637 END
START -14684 -5204 32767 578 13287 -887 END
START -15288 -6076 32767 3618 9202 -1376 END
START -17068 -5556 32767 5504 6425 -1655 END
START -13608 -4704 32767 12575 2191 1485 END
START -13268 -2040 32767 11544 638 -1991 END
START -12192 -416 32767 13039 -3162 -3201 END
START -10916 536 32767 12308 -3641 -3796 END
START -10524 840 32060 13203 -6219 -2232 END
START -11012 1644 29136 12524 -8390 -1763 END
START -10340 2644 27276 12632 -9980 -1067 END
START -9388 3868 24744 13532 -11626 75 END
START -7728 5028 24064 13966 -13652 240 END
START -7528 6492 22504 11979 -14859 -1462 END
START -6628 6788 20048 11512 -15949 -2794 END
START -5404 7044 18176 11118 -16887 -2959 END
START -4048 7212 15812 10959 -16917 -2836 END
START -2296 8148 14128 10648 -17078 -2784 END
START -2488 8500 12156 11393 -14831 -531 END
START 1512 9260 10308 10373 -14463 -216 END
START 1596 10720 9428 9515 -12736 511 END
START 844 11496 7404 7460 -11575 102 END
START 1128 10884 5740 6122 -10766 533 END
START 1144 10844 5256 4844 -9471 1748 END
START 2040 10620 4792 3317 -8381 2783 END
START 2928 10508 4836 2015 -7301 3996 END
START 3060 10356 4376 651 -5369 5061 END
START 2844 10652 4160 -491 -3477 5743 END
START 2268 10976 3816 -1341 -1424 6151 END
START 1608 10840 3608 -2459 553 6446 END
START 836 10724 3792 -4049 2661 6797 END
START 752 9748 3568 -5524 4631 7199 END
START 724 8552 3468 -6938 5989 7922 END
START 816 7720 3880 -8588 7381 8536 END
START 1044 6420 4324 -10300 8683 8949 END
START 1136 5104 5056 -12186 10042 8849 END
START 596 2932 5744 -14060 11460 7562 END
START -148 616 6936 -15014 12396 5634 END
START 404 -1536 8976 -15143 15256 3590 END
START -1500 -4280 10680 -14557 14030 51 END
START -2476 -9080 12612 -14780 14370 -3725 END
START -3680 -12356 15376 -13182 12522 -8012 END
START -3128 -16488 16428 -8777 10991 -12103 END
START -2136 -18696 19464 -5974 9730 -13420 END
START -1016 -18104 20824 -1962 11201 -13371 END
START -2092 -15580 21212 4409 12788 -12584 END
START -3484 -10864 21864 10105 14398 -12117 END
START -6540 -5572 21448 13484 16084 -12742 END
START -8712 1000 21560 15559 16002 -13025 END
START -10392 4212 20912 19576 16079 -11960 END
START -13104 7256 20220 13768 14354 -13798 END
START -14256 8488 21244 12554 9396 -11911 END
START -15252 13328 20396 11821 10443 -5009 END
START -17280 17772 20756 9784 5367 987 END
START -15144 19888 22676 4830 4121 -37 END