START 2124 -252 -44 -3311 7679 -75 END
START 1480 424 820 -1961 8784 1376 END
START 1756 -404 -616 -3934 11940 1547 END
START 952 712 -1676 -4276 13772 1799 END
START 1756 -132 -2160 -3677 16504 4616 END
START 1740 992 -2516 -3984 20750 6246 END
START 960 1940 -3024 -5090 23007 5318 END
START 148 1996 -3184 -6511 24483 3778 END
START -896 1716 -1740 -7135 26322 3225 END
START -2164 792 548 -8118 29142 3047 END
START -1732 -708 2556 -9716 31818 3582 END
START -5216 -1404 6544 -9319 29548 3263 END
START -6260 -1380 11504 -7962 27182 4118 END
START -5840 240 16172 -5361 24559 2860 END
START -8088 -1780 26936 -10706 24793 -2648 END
START -9924 -5204 32767 -4362 18128 -1042 END
START -10468 -9420 32767 -8691 18005 -2168 END
START -10952 -10192 32767 -4084 10286 -3823 END
START -22396 -4452 32767 4714 3008 287 END
START -10120 -5868 32767 6699 8359 -2099 END
START -11392 -2968 32767 12708 5114 1750 END
START -12688 -936 32767 12490 4134 1497 END
START -12924 -124 32767 11483 2082 1828 END
START -13608 -488 28468 10144 -232 2359 END
START -12388 148 24880 10457 -3193 3124 END
START -11028 968 22980 9354 -5377 2293 END
START -8976 976 21360 8833 -7284 1920 END
START -7508 1812 21148 7007 -8349 973 END
START -6316 1072 19912 5388 -8568 669 END
START -5688 448 21548 5605 -9745 909 END
START -5964 -224 20108 2993 -9401 -1172 END
START -5168 -1348 18836 3733 -10925 -2067 END
START -4132 -2092 18604 3518 -11723 -3108 END
START -2868 -2440 19640 5299 -13688 -2781 END
START -2252 -1988 19756 5640 -14072 -3759 END
START -1472 -2116 20196 6498 -15431 -5033 END
START -780 -2260 19480 6632 -16166 -6867 END
START 188 -2212 17732 7573 -17032 -8405 END
START 1748 -1604 15760 8406 -17350 -9893 END
START 3540 -4 14080 9705 -16736 -10373 END
START 4420 2872 11660 11689 -14569 -9651 END
START 7632 5060 9696 11934 -13523 -8866 END
START 8908 7652 8556 11221 -11254 -8277 END
START 9684 9336 7368 10217 -8089 -7770 END
START 7696 10980 6164 8229 -5018 -7908 END
START 6808 11108 5368 6735 -2267 -7242 END
START 6220 11400 3304 4981 184 -7204 END
START 4348 12008 1088 4375 2658 -6020 END
START 3716 13884 -1356 4387 5609 -2207 END
START 2756 17380 -3180 5040 9319 3547 END
START 2048 21076 -2960 4488 12869 7713 END
START 1204 23380 -2000 742 16347 9364 END
START 460 22912 -916 -3451 18377 9563 END
START -2352 21180 1408 -8333 20197 8594 END
START -4284 18096 2508 -15262 20963 7340 END
START -5368 13436 3032 -18850 20214 7262 END
START -5920 10052 5696 -20301 17739 7623 END
START -7168 6768 12368 -21805 14886 6127 END
START -8624 1776 16716 -24290 12234 2230 END
START -9480 -4488 23388 -25661 6615 -5263 END
START -8484 -12488 25956 -21235 2868 -7470 END
START -5884 -20568 29092 -18418 3419 -5188 END
START -4520 -23332 29356 -8731 807 212 END
START -5488 -22668 29888 -1970 -840 1048 END
START -7224 -21064 29304 1984 -3215 -1162 END
START -5384 -18712 27300 10238 662 -3259 END
START -4732 -17336 22648 13814 1240 -4325 END
START -3856 -13952 20028 14901 3945 -7275 END
START -5484 -10864 15652 19655 4587 -8004 END
START -4804 -7768 10580 19811 5356 -8504 END
START -5460 -3780 7920 18552 6258 -8737 END
START -6264 -160 5376 17897 6895 -7770 END
START -5072 3052 4720 14718 7889 -8656 END
START -4904 6304 3308 11935 8769 -10176 END
START -3572 9512 3112 11165 8628 -11888 END
START -2264 12936 4792 8814 11445 -13550 END
START -1956 15908 8504 7849 14029 -12867 END
START -3824 17860 12608 6406 16236 -12401 END
START -7764 18248 16336 2374 16475 -14261 END
START -11768 15308 17984 -1997 19242 -16217 END
START -17864 9100 17172 -6749 15319 -16499 END
START -19360 10420 19900 -610 7708 -6059 END
START -17576 15380 26428 -809 3715 -370 END
START -16112 15240 29348 -3962 983 474 END
START -14480 13860 28124 -4024 -1558 120 END