START 5040 3296 7444 1782 2333 -322 END
START 6668 2944 7124 609 8279 4369 END
START 2844 3484 5664 1686 3732 1470 END
START 2700 3456 5280 1690 4316 3011 END
START 3768 3468 5228 1609 4904 3532 END
START 3544 3796 4676 1259 6274 3631 END
START 3864 3668 3976 1022 7668 3208 END
START 4044 3888 3896 201 10839 2473 END
START 3268 4280 2352 287 12358 1685 END
START 3228 5288 2364 1022 13759 1809 END
START 2808 6332 2128 829 16222 2526 END
START 2148 6740 1788 -911 18436 3297 END
START 1456 6728 2488 -2609 21243 4630 END
START -900 6200 3852 -5795 20693 3900 END
START -1368 4688 5676 -7558 21692 3931 END
START -2504 3360 8308 -9509 21053 2994 END
START -4828 2080 10760 -12110 21435 -810 END
START -6040 -660 12644 -10703 20530 -4057 END
START -7044 -2332 16168 -8060 19566 -5181 END
START -7500 -3484 20072 -5876 18389 -4461 END
START -3756 -4928 22636 -5493 18207 -4480 END
START -6336 -5388 31820 -1420 17522 2184 END
START -8924 -4216 32767 1050 16980 3066 END
START -8948 -3280 31212 -250 12310 -1919 END
START -12616 -3900 32767 -126 9046 1434 END
START -10888 -4060 32767 5497 7416 -952 END
START -10668 -4464 32767 6651 4702 -2933 END
START -10644 -2932 32767 7587 1096 -3807 END
START -10108 -2884 32767 9551 -673 -4465 END
START -10336 -1676 32767 11998 -2638 -4524 END
START -10536 -592 31604 13410 -4491 -4556 END
START -9972 156 29900 13516 -5995 -4545 END
START -8304 580 26480 14165 -7713 -4435 END
START -6564 1952 24496 14734 -9899 -4063 END
START -4944 3260 23420 13976 -11834 -4913 END
START -3724 3668 22084 12709 -13510 -6686 END
START -4120 4080 20588 11905 -14454 -8024 END
START -2600 5252 18548 12245 -14846 -8861 END
START -1592 7464 16760 13543 -14266 -8612 END
START -2164 10284 14668 15376 -14081 -7182 END
START 200 13984 14184 15018 -13814 -5014 END
START 1596 16296 13516 14165 -13861 -4083 END
START 5136 16540 10524 10591 -14163 -4871 END
START 1848 17888 9316 10443 -12485 -4394 END
START -176 18148 8164 9379 -10441 -3777 END
START 212 17104 5980 7494 -8354 -2772 END
START -488 15608 4544 5485 -6727 -1441 END
START -448 13648 3568 3386 -5120 205 END
START -84 11800 1540 2808 -4008 3357 END
START -84 11912 1020 2576 -2550 7139 END
START 140 11804 728 1562 621 10222 END
START -300 11972 164 326 2799 11657 END
START -460 12016 -624 -1433 3294 11816 END
START -380 11624 -1200 -3338 5489 12139 END
START -100 11716 -1048 -4938 7091 11661 END
START 492 11092 40 -7536 8097 10505 END
START 1060 9360 944 -10491 9509 9698 END
START 904 7636 1764 -13475 10922 8924 END
START 64 5208 2844 -15803 12112 7746 END
START -892 3144 4624 -17487 12800 6391 END
START -1636 624 6728 -18687 13209 4443 END
START -1584 -2936 9368 -20726 13920 1630 END
START -3332 -6856 12712 -20153 12435 -3680 END
START -2944 -13804 16560 -19495 10099 -10780 END
START -1188 -19920 19340 -14292 5410 -15145 END
START -140 -21352 24748 -7907 6698 -17887 END
START 852 -19528 23552 -3559 5871 -17615 END
START 2996 -19020 25096 8524 9510 -13126 END
START 1456 -13832 26676 9863 10988 -15416 END
START -1568 -7628 25380 14569 13463 -13722 END
START -5020 -1540 23792 16802 13455 -13448 END
START -7200 2360 23204 17502 13415 -11780 END
START -11264 7136 22152 16697 12534 -8586 END
START -14592 12128 20440 17724 8106 -6385 END
START -12708 16508 22540 8551 9702 -8760 END
START -14972 18696 17448 9997 6150 -6202 END
START -15060 19976 18836 6681 2441 -4789 END
START -13000 19928 19128 2908 528 -6414 END
START -11332 19828 18556 654 -635 -4892 END
START -11604 19696 19716 -2214 -1120 -4817 END
START -9344 18212 17640 -2573 -456 -2689 END
START -7472 15968 17856 -2781 -934 -540 END
START -6728 13984 18364 -3901 -1407 1072 END
START -6760 12816 18812 -4014 -2090 2811 END