START 5324 3456 2192 2047 -596 4813 END
START 3460 4936 3652 856 -32 4402 END
START 3808 4112 2788 -1068 2528 4615 END
START 2856 3840 2984 -3291 4352 3407 END
START 1748 2752 1536 -4569 7412 3326 END
START -328 1804 1108 -5405 9231 2424 END
START -1120 836 820 -5787 10990 1757 END
START -1452 -352 600 -6106 12241 1115 END
START -1948 -1504 1164 -6735 13600 1307 END
START -2848 -2476 552 -7067 15475 1686 END
START -3320 -2380 484 -6145 16664 2460 END
START -2824 -2532 1192 -6138 19448 2493 END
START -2756 -1600 492 -4999 21562 2764 END
START -2436 -908 344 -5137 24022 2539 END
START -2756 -404 -200 -5581 26601 2256 END
START -2924 -636 -952 -6063 29668 1981 END
START -4528 -420 -1436 -6415 32595 1454 END
START -6552 -2076 852 -6057 32767 1036 END
START -7248 -1740 1324 -5128 32767 -23 END
START -6672 -5856 6268 -3711 32767 3963 END
START -6732 -2012 16028 -607 32767 9171 END
START -11088 812 19620 3879 32767 9689 END
START -14068 4836 29612 -1503 32767 1562 END
START -16412 2916 31028 -1158 30488 -462 END
START -17296 2164 32767 -855 23303 -3001 END
START -18872 -404 32767 -3071 21796 -2051 END
START -25804 -912 32767 -4754 11706 -3911 END
START -23964 -7564 32767 4480 9387 3937 END
START -23752 -6088 32767 6115 5184 4435 END
START -23672 -4060 32767 8380 -1239 2730 END
START -22304 -2784 32767 5929 -6496 -2281 END
START -18704 -6288 32767 5311 -11299 -4835 END
START -14272 -7348 32767 8412 -13893 -3663 END
START -12732 -6300 31304 9349 -15919 -3131 END
START -11088 -6196 27888 10650 -16727 -4005 END
START -9596 -5400 24048 12751 -17332 -3642 END
START -8376 -3536 20544 13678 -18040 -3722 END
START -7088 -1500 17400 13658 -18110 -4242 END
START -5920 352 14868 13520 -18322 -4315 END
START -5868 3600 12632 12199 -17592 -4907 END
START -216 2540 11148 10868 -20123 -7604 END
START 316 4552 11896 8825 -19133 -9134 END
START 1180 4912 9612 8655 -18117 -9850 END
START 2544 5464 7712 8477 -17226 -10148 END
START 2484 6316 7892 8308 -15933 -10816 END
START 2460 8124 6456 7952 -13442 -10072 END
START 2572 9684 6300 8335 -12126 -7444 END
START 3008 11088 6476 6961 -10308 -5250 END
START 2408 12880 6720 6726 -8546 -3176 END
START 748 14548 6864 6580 -6141 -1304 END
START -1072 15840 6208 6043 -3699 673 END
START -2208 16476 5344 5331 -2059 2282 END
START -2424 16564 4424 4309 -834 3657 END
START -2132 16324 3632 2878 118 4869 END
START -1172 16076 2452 741 1585 5784 END
START 128 15224 1292 -750 3995 7575 END
START -196 15204 956 -3118 6417 8471 END
START 692 13564 88 -5602 9558 9648 END
START 516 11820 144 -7655 12600 11427 END
START 1220 9464 1864 -10004 15433 13395 END
START -264 6584 4040 -13091 18048 14995 END
START -2412 3708 8864 -15609 20028 15201 END
START -7300 -12 13648 -19093 17306 11307 END
START -11120 -5664 18520 -19960 15366 7517 END
START -11580 -11988 23824 -19186 9704 1770 END
START -13812 -17196 26384 -17412 3250 -4649 END
START -10448 -21792 29184 -12277 -1353 -8588 END
START -7436 -23280 29396 -5020 -2693 -7877 END
START -5132 -21964 28656 1961 -1446 -6466 END
START -3388 -19396 24028 7371 798 -5729 END
START -4272 -15544 20548 12056 2301 -6257 END
START -1568 -13228 16540 17149 2445 -7923 END
START -2800 -10464 11964 17254 6386 -7229 END
START -4220 -4888 7860 17614 8825 -8447 END
START -4388 -992 5204 15770 9307 -9086 END
START -3516 1976 3432 12215 8624 -11122 END
START -2932 3952 2552 10042 8728 -14110 END
START -120 6592 2668 8571 9938 -16886 END
START 16 9688 4904 10669 11776 -17071 END
START -236 12192 8204 9505 16844 -16562 END
START -2668 13868 10188 8860 21238 -15178 END
START -8228 15032 12836 6422 24433 -13359 END
START -15708 16180 14956 1413 23350 -12738 END
START -22744 19096 20908 -30 17257 -9467 END
START -23944 20492 24116 -2223 9142 -6608 END
START -24056 20884 29592 -6402 1070 -6524 END