START 4160 -504 4936 1891 -4692 1456 END
START 4552 -320 5700 762 -3853 1602 END
START 3260 -176 4312 1216 -2021 2233 END
START 2800 172 3264 574 373 2657 END
START 2604 180 2156 174 1580 2786 END
START 2368 52 1556 -408 2900 2064 END
START 2484 -244 1420 -500 4178 1597 END
START 2744 -476 1608 -651 5894 1757 END
START 2652 -404 1484 -1379 8175 1475 END
START 1900 -312 1300 -1773 10714 1234 END
START 1244 248 1096 -1634 13217 1390 END
START 492 468 504 -1061 15558 2017 END
START -192 1104 356 -764 17998 2747 END
START -996 2012 776 -555 19977 3458 END
START -1828 2956 1420 -1273 21548 3710 END
START -2116 3192 2580 -2798 23065 3316 END
START -3100 3440 3384 -5043 23964 2302 END
START -3168 2768 4160 -5905 25261 2029 END
START -3592 2928 6308 -6382 25745 1792 END
START -5148 2532 9784 -7115 26347 1299 END
START -11268 3300 14788 -6552 28640 545 END
START -9908 192 16564 -7475 25945 -1227 END
START -9140 -2520 22760 -10625 26770 -2087 END
START -12620 -3680 24264 -6669 23932 -1879 END
START -11432 -4212 28072 -3238 20314 -1716 END
START -12248 -4028 32767 -801 17717 -375 END
START -14008 -3428 32767 -556 15468 -1361 END
START -17868 -3628 32767 2086 12992 -3488 END
START -12060 -7436 32767 8393 9123 -965 END
START -13376 -3784 32767 10775 6342 240 END
START -13700 -2972 32767 11656 4358 -3310 END
START -12440 -296 32767 14189 -2413 -2377 END
START -11200 1132 32767 13052 -3235 -3929 END
START -10448 3396 32767 17467 -8655 -613 END
START -9808 5396 32484 14373 -10575 -2731 END
START -8340 5444 30348 12506 -12886 -2980 END
START -7336 4880 28060 13429 -14390 -3115 END
START -5900 5292 24716 12947 -16221 -3489 END
START -4032 5480 20820 13200 -16521 -3061 END
START -4716 6348 18016 14060 -16732 -1395 END
START -1328 7200 15340 13278 -15870 -1904 END
START -2220 9552 12164 13369 -14894 -1674 END
START -1784 11316 9252 11599 -14480 -1826 END
START -148 11548 6864 9892 -14546 -1703 END
START -32 12632 6968 8056 -12680 -2371 END
START 1196 11440 5504 8314 -12279 -1402 END
START 2640 10532 4048 6970 -9331 -260 END
START 2192 10844 3232 6779 -6649 2527 END
START 1156 10944 2360 6835 -3742 6025 END
START 112 12008 996 5986 -291 9580 END
START -1000 13188 -256 4636 2623 12072 END
START -2044 14280 -888 2566 5404 14135 END
START -2252 14840 -1592 -770 6458 14184 END
START -2260 14412 -1536 -4554 7019 13516 END
START -1984 12532 -224 -9962 7378 12455 END
START -1976 9448 920 -14777 7824 11441 END
START -3116 5416 3112 -18401 7951 10094 END
START -4308 1368 5508 -20603 7734 7409 END
START -7236 -3396 9484 -20810 8534 4017 END
START -6020 -7540 11956 -20645 5364 -1597 END
START -4276 -15332 15844 -19679 5051 -4838 END
START -3896 -19436 19760 -15863 5791 -7075 END
START -3048 -21848 19152 -12693 6548 -10516 END
START -332 -22496 19372 -4721 6382 -11250 END
START 656 -20456 18700 3549 8305 -9204 END
START 1064 -15148 21196 8214 12159 -7131 END
START -292 -7116 19712 10039 15537 -9075 END
START -4736 -3064 17448 13277 12565 -11061 END
START -2072 2192 18292 15027 15257 -8908 END
START -6080 6088 17868 16565 15781 -6593 END
START -10456 10824 19296 18784 10383 -4155 END
START -11676 19220 25708 12139 14146 -2434 END
START -15944 21788 21136 11395 9873 2428 END
START -14700 23568 20356 9079 6428 5212 END
START -13472 22472 18688 4887 5410 4403 END
START -10852 20392 17088 3220 -54 3337 END
START -7492 16832 18116 -715 -1451 2312 END
START -5884 13916 18844 -2232 -3184 2925 END