START 944 1228 3496 -743 9111 3173 END
START 1632 344 3836 -3854 10708 2843 END
START 2100 868 4068 -4256 11635 3629 END
START 1424 -192 2720 -5857 12630 3460 END
START 1560 -964 2216 -6370 13243 4041 END
START 1184 -728 2824 -6562 13835 4013 END
START 2364 -408 2144 -6741 15157 4162 END
START 676 1096 1572 -6447 15578 4402 END
START 356 2340 2352 -8309 16360 2032 END
START 356 2888 2824 -10100 17465 -38 END
START -456 2432 4228 -12046 18337 -1839 END
START -92 864 5648 -14331 19272 -3622 END
START -1680 -216 7752 -15632 20789 -5136 END
START -3436 -1488 9360 -14562 22667 -4724 END
START -4032 -836 11308 -11690 20621 -5282 END
START -4580 -4104 14140 -9133 18348 -3414 END
START -5272 -3164 25424 -9123 19635 34 END
START -9968 -2912 28968 -10103 22148 -1426 END
START -12528 -5456 32308 -9442 18416 -2498 END
START -12600 -8168 32767 -7517 12948 -5092 END
START -23544 -6900 32767 -5405 7671 -3533 END
START -18928 -8844 32767 -1616 9324 -3520 END
START -15584 -9228 32767 13602 3614 5163 END
START -18388 -5300 32767 11415 2277 1476 END
START -18340 -3376 32767 10335 -3224 -429 END
START -16452 -2492 32767 8949 -6727 -3037 END
START -12760 -4128 32116 12362 -10445 130 END
START -12104 -3292 29864 12819 -12389 851 END
START -8112 -3080 27992 11341 -14299 -2847 END
START -6668 -3520 25216 14493 -15670 -2569 END
START -5092 -3084 23264 15501 -15354 -2682 END
START -4620 -1736 19788 15720 -15225 -4174 END
START -3784 -376 17220 16627 -15485 -4190 END
START -3176 872 14944 17788 -11407 -1791 END
START -1464 2792 12608 16122 -14330 -4081 END
START -1696 5044 10524 15077 -13495 -4423 END
START -720 6928 7936 13441 -12254 -4666 END
START -464 7988 6420 11871 -11958 -5305 END
START 556 9100 5328 10842 -11358 -4719 END
START 900 10420 4764 9681 -9936 -3484 END
START 1432 10788 4864 7816 -8147 -2096 END
START 1332 11544 4860 6548 -6218 256 END
START 488 12664 4876 4892 -4233 2160 END
START -552 13488 5084 3025 -2060 3066 END
START -1024 13060 3724 1477 -207 3658 END
START -1540 13108 3352 368 335 3173 END
START -1348 12572 2860 -747 1074 2711 END
START -996 11836 2472 -1645 2455 3197 END
START -304 11092 2280 -2907 4090 4436 END
START 440 9936 2756 -4441 5802 5908 END
START 924 9124 3188 -6353 7529 6920 END
START 1180 7624 4140 -8263 9421 7668 END
START 1016 6084 5032 -10281 11241 8225 END
START 568 4220 5564 -12839 13078 7902 END
START -472 2032 7256 -14354 14332 6545 END
START -572 -192 8904 -16312 17326 4925 END
START -4128 -2576 10644 -18246 15114 365 END
START -6596 -8036 13808 -15289 13955 -2717 END
START -3836 -13720 17224 -15280 10919 -8241 END
START -6264 -17516 21108 -12089 7099 -13600 END
START -4428 -18580 22740 -6516 4143 -17164 END
START -220 -18912 24440 2627 4595 -13069 END
START 456 -15704 26296 8052 8291 -11104 END
START -688 -9728 24520 13196 11248 -11821 END
START -2700 -3152 23796 16528 11935 -13350 END
START -5896 776 23320 19912 15310 -12580 END
START -7048 5700 22144 21648 14242 -11549 END
START -9892 8004 24008 20488 15031 -11533 END
START -15260 12040 19348 16576 11340 -8915 END
START -14512 16624 20688 14578 7822 -4757 END
START -15640 20512 20912 9955 5820 -2979 END
START -15508 21248 21820 4651 2708 -3102 END
START -14368 19856 22668 -1151 -326 -4937 END
START -13724 17656 22820 -3657 -2285 -4137 END
START -14068 16640 22932 -3757 -2904 -483 END
START -12196 14024 22368 -4474 -4630 2193 END
START -11688 12328 22612 -4145 -5470 5754 END
START -12020 12540 22440 -3835 -7253 8532 END