START 2216 -12 3492 6025 2796 1787 END
START 328 2108 3588 6356 944 1167 END
START 804 2336 2860 4412 1644 77 END
START 1608 2712 2728 2450 3046 -660 END
START 1984 2512 2048 375 4521 -793 END
START 2040 1536 1496 -1646 5977 -816 END
START 2100 792 756 -3036 7543 -547 END
START 2188 840 224 -3564 8705 -45 END
START 2632 -32 28 -3585 11234 1914 END
START 1020 444 412 -3600 13628 3428 END
START 896 340 -292 -3683 15959 4539 END
START 324 1236 304 -4148 17046 4712 END
START -616 2456 964 -5426 18352 3687 END
START -1232 2608 2608 -6859 22985 3692 END
START -1836 2168 2228 -7975 22709 3046 END
START -3292 1188 3964 -9867 23976 2194 END
START -4904 -368 5200 -10547 24295 1132 END
START -4904 -2308 7204 -10001 23856 605 END
START -3328 -3180 10488 -7690 22472 2087 END
START -5912 -1024 16060 -6184 22518 2718 END
START -4996 -732 21772 -3503 25525 4601 END
START -6460 -2016 26504 -3271 23630 4839 END
START -10268 -1928 30012 -7477 23276 793 END
START -11944 -4332 32767 -3110 18475 -1959 END
START -9300 -5420 32767 1676 13769 -597 END
START -11292 -5364 32767 3223 13491 680 END
START -13908 -4308 32767 6182 9388 1627 END
START -15444 -2688 32767 5504 6479 824 END
START -16128 -3052 32767 5522 3628 -371 END
START -15476 -3584 32767 7104 -1546 -1898 END
START -13064 -2628 32767 7829 -5143 -3888 END
START -10820 -2344 32767 8643 -7059 -3615 END
START -9116 -2716 31788 10271 -8190 -2580 END
START -8536 -2224 29520 11010 -9236 -2533 END
START -8132 -1880 27152 11670 -10359 -2711 END
START -8100 -1216 24500 11727 -11929 -2473 END
START -7936 -976 21400 11326 -13744 -3805 END
START -6496 -316 18704 10922 -15669 -5330 END
START -5244 620 15484 12706 -16198 -5884 END
START -2252 2028 14152 13066 -15762 -6722 END
START -904 3320 11644 13749 -14029 -6038 END
START 256 4232 12132 13618 -13478 -5385 END
START 192 4524 10580 10682 -11541 -6617 END
START 1324 4228 8996 10502 -11273 -7513 END
START 2388 4252 8336 11122 -10007 -8433 END
START 5852 3744 7204 12338 -8547 -7735 END
START 2872 5396 7004 13242 -6187 -6945 END
START 1316 6780 5532 15094 -4451 -4065 END
START -624 10128 5136 14164 -2456 -2180 END
START -2204 12920 4136 12534 -693 770 END
START -2184 15032 2800 9965 1460 3083 END
START -2460 16696 1704 8126 3418 5964 END
START -1660 18268 856 4922 4316 5802 END
START -1040 18556 308 1504 6113 6576 END
START -600 17692 464 -3023 8104 6633 END
START -440 16644 876 -7176 9771 7909 END
START -56 14724 1848 -11817 11789 8777 END
START -44 12556 3104 -16060 14137 10038 END
START -1076 10276 5484 -19491 17644 10612 END
START -3308 7088 6992 -23486 17505 9542 END
START -5620 3176 9124 -27381 16569 5954 END
START -8492 -2652 13884 -30335 13847 -1369 END
START -11220 -11580 13648 -28590 10018 -7272 END
START -9568 -19088 16396 -23941 4929 -13043 END
START -8260 -23816 16728 -16012 536 -17460 END
START -2064 -25712 19320 -7119 -131 -16778 END
START 1488 -23412 22752 1763 789 -12234 END
START 3296 -18932 22808 6564 7912 -10174 END
START 488 -13960 21920 13591 10547 -9257 END
START 2060 -7752 20112 17428 13449 -9472 END
START -3356 -2900 23348 19150 17542 -7993 END
START -8348 3200 21240 24136 16971 -6595 END
START -12376 8912 19656 21563 14398 -7156 END
START -13688 12928 18692 16469 10524 -8472 END
START -15852 16876 20664 12964 8534 -7824 END
START -18032 19116 22196 10003 4656 -4303 END
START -18168 20500 22892 4953 2602 -2387 END
START -17348 20808 22452 1773 67 -727 END
START -15380 20088 22112 -617 -2572 185 END
START -11936 17568 21184 -2385 -4790 786 END
START -10004 15656 22376 -4099 -6883 2012 END
START -7928 13072 23284 -6126 -6286 2316 END
START -6740 10344 23072 -5927 -5924 3880 END
START -6320 7404 22948 -5449 -6533 5425 END
START -4508 6348 21800 -4832 -6450 7651 END