START 3072 -1032 6868 5344 -1031 3197 END
START 2696 -684 6632 4638 681 3087 END
START 2604 32 5912 5537 1292 3523 END
START 2148 600 5264 4712 2499 2964 END
START 2164 748 4956 3803 3582 2774 END
START 1508 1080 4548 3332 4481 2898 END
START 1384 1536 4820 2431 5600 2571 END
START 1560 1296 4972 1747 8322 2345 END
START 1268 1312 4288 -114 7630 131 END
START 1696 584 4156 -503 9174 -866 END
START 1880 208 3872 -544 11171 -1507 END
START 1772 336 3528 -163 13505 -1467 END
START 1208 1400 3264 -14 15447 -1060 END
START 1084 1776 3208 -143 17888 -641 END
START 896 2292 3908 -517 19507 -620 END
START 68 2788 4864 -1779 20381 -1350 END
START -1164 3196 6556 -3747 21037 -2823 END
START -2248 2052 8664 -5378 21294 -4096 END
START -3308 1412 11376 -5790 21418 -4968 END
START -3644 1664 13204 -3800 21588 -5647 END
START -4204 784 14728 -46 20760 -3891 END
START -4444 3900 22828 1288 22368 -1148 END
START -9344 5596 24912 3099 22035 -872 END
START -10600 7004 30244 650 20618 -2840 END
START -12420 7640 32767 -996 17613 -3027 END
START -19304 10816 32767 -1513 14506 -3411 END
START -15800 8836 32767 -3776 10236 -566 END
START -17288 7832 32767 1700 4535 1130 END
START -17700 7340 32767 2407 1871 696 END
START -15540 6164 32767 2669 -3278 399 END
START -14036 4572 32767 1302 -5802 -384 END
START -12044 3556 32767 3210 -8327 322 END
START -9916 3160 31732 4632 -9413 747 END
START -8248 3452 28060 5949 -9943 1305 END
START -7280 4124 25692 6867 -9962 2182 END
START -6128 3724 22460 7300 -10726 2764 END
START -6052 3296 21296 6032 -11572 2496 END
START -5812 2788 20156 4305 -13285 1233 END
START -5872 1092 19656 3570 -15654 -995 END
START -5464 -972 18404 2209 -17253 -3868 END
START -4784 -3112 15804 4337 -17963 -6449 END
START -1184 -4436 12888 7178 -17976 -7996 END
START -460 -3348 12084 12647 -17119 -6778 END
START 3636 -3556 10324 13888 -14686 -5102 END
START 2444 -1080 9920 14053 -13386 -5202 END
START -40 488 7928 15767 -12249 -5133 END
START 1404 3332 6124 16195 -11152 -5596 END
START 1336 5652 3980 15593 -9727 -5958 END
START 2892 7512 3136 15527 -8706 -4484 END
START 2796 10700 3012 13508 -8217 -5299 END
START 4636 11288 2796 11952 -7704 -5050 END
START 5052 12696 3184 10183 -5409 -4524 END
START 4756 14376 2912 8324 -2410 -3277 END
START 4200 16252 2504 6682 880 -1841 END
START 3404 17204 2528 4812 3816 -881 END
START 2884 17100 2132 2769 6474 200 END
START 2380 17112 2204 280 8654 1369 END
START 1684 16648 2248 -2944 10585 2665 END
START 672 16012 2292 -6631 12152 3659 END
START 368 14772 1892 -10193 13693 4799 END
START -844 13808 3812 -12977 14183 4926 END
START -1316 11972 4724 -16015 15283 4671 END
START -3016 9176 7272 -18724 16255 3081 END
START -2956 4860 8404 -20696 15959 1238 END
START -4988 1892 11760 -22534 14906 -2689 END
START -5268 -4876 13284 -20808 13888 -4085 END
START -6040 -9132 16980 -19131 12128 -5730 END
START -6160 -13248 20072 -17234 11693 -10249 END
START -6260 -16672 22764 -10639 8565 -13809 END
START -4960 -18244 23272 -2724 8971 -14276 END
START -4252 -16820 25516 4954 11608 -12639 END
START -5176 -12128 24244 12314 13656 -11570 END
START -7624 -4960 23488 19411 14615 -9128 END
START -12252 2096 22852 21457 14729 -7072 END
START -14352 7468 21832 22530 12612 -3996 END
START -16288 13244 19936 21295 8467 -4874 END
START -16248 17112 20516 19871 5826 -753 END
START -16288 22640 22272 14895 3219 -1832 END
START -15512 24796 22716 9717 2032 -3833 END
START -13376 24772 20480 5839 94 -3861 END
START -12400 24428 20432 4837 -2728 -836 END
START -11120 22460 20288 533 -6187 1708 END
START -10096 20080 20280 -5598 -7200 1676 END