START 2248 -2620 2984 -3129 3450 -1825 END
START 1868 -3032 2468 -141 4973 -321 END
START 1528 -3012 1908 185 7619 545 END
START 1188 -2708 1420 -186 9577 894 END
START 156 -2452 1272 -437 10284 1886 END
START -128 -2108 1596 -909 11910 3315 END
START -188 -1252 1436 -1541 13490 3533 END
START 2256 -208 524 -2001 15714 3842 END
START 440 112 1080 -3432 16575 2624 END
START 128 740 640 -4006 19258 1566 END
START 540 692 460 -3709 21274 1722 END
START -156 1440 828 -3576 23861 2166 END
START -816 2204 1212 -4206 26845 2412 END
START -1788 1940 2064 -4795 29305 2757 END
START -3100 1064 3492 -6219 31047 3526 END
START -4552 2616 6076 -7622 32200 4923 END
START -3716 3872 9444 -9769 32398 3012 END
START -6924 1268 11276 -3758 32767 6103 END
START -6980 1164 17224 -849 32316 8782 END
START -11004 2268 27552 -4034 32767 3668 END
START -14472 -1572 29400 -2550 28651 2605 END
START -16356 -1824 32767 -3972 24126 -27 END
START -20548 -4072 32767 -1165 19188 271 END
START -26056 -3824 32767 -1857 9920 -513 END
START -19180 -4312 32767 2349 5329 -1441 END
START -17464 -6708 32767 2527 73 -4067 END
START -16120 -8936 32767 4205 -3461 -4638 END
START -14244 -9792 32767 6732 -5960 -5247 END
START -12732 -9864 32767 12088 -8176 -4094 END
START -11008 -7224 32767 17519 -9070 -2155 END
START -10524 -3644 30660 19802 -10446 -642 END
START -9048 -580 27812 18324 -11888 -680 END
START -8228 724 26244 14846 -14788 -2263 END
START -7684 1296 23092 10718 -16859 -5491 END
START -6072 264 21072 8727 -20165 -8228 END
START -316 -1564 18188 8303 -23288 -9188 END
START -3516 -664 17912 7632 -22440 -10236 END
START -1596 1300 14924 9507 -21800 -10395 END
START -340 3684 13816 10515 -20573 -9932 END
START 1064 5492 12604 10659 -19178 -9372 END
START 2344 6232 12184 9031 -18479 -9410 END
START 1100 7252 11332 6903 -16727 -10020 END
START 1360 7340 8960 6117 -16095 -10034 END
START 1532 7980 7640 6755 -15326 -9169 END
START 2444 9200 6884 7307 -14259 -7635 END
START 2536 10836 5936 7219 -12313 -5739 END
START 2136 12620 5788 7600 -9919 -3589 END
START 2596 12964 5092 6863 -7113 -1700 END
START 2220 13172 4052 5788 -4840 458 END
START 2588 13120 3580 4804 -2695 2568 END
START 2308 12824 2284 2991 -81 4482 END
START 2292 12932 1172 1147 1912 6629 END
START 2464 13684 256 -705 4897 9460 END
START 2920 14588 -1128 -1921 8373 12229 END
START 2040 16316 -1392 -3014 10127 13564 END
START 1692 16368 -552 -4862 12810 13614 END
START 1876 14336 1660 -7846 15822 14079 END
START 704 11896 3496 -12301 18985 14400 END
START -1448 7984 5392 -15999 20645 14297 END
START -3224 4028 8156 -19522 19649 12277 END
START -7620 -56 11348 -20904 18045 9640 END
START -8596 -5516 17172 -20044 12805 6026 END
START -9904 -11008 24508 -22338 6410 -1564 END
START -10156 -19704 29296 -20973 5414 -7015 END
START -6736 -26196 26956 -12838 1292 -7935 END
START -6952 -25448 27584 -3298 -2493 -6688 END
START -1556 -24428 30788 1443 -128 -5529 END
START -1008 -20864 29252 6283 3977 -5133 END
START -2052 -18656 23380 12831 4782 -6688 END
START -2508 -13956 21648 14305 5498 -7108 END
START -4944 -8604 17424 15689 7054 -8754 END
START -8092 -4864 13736 17250 4980 -9263 END
START -4668 -1696 11124 14960 5308 -11059 END
START -7084 1756 8420 14288 4151 -12135 END
START -6352 3232 6444 11328 4796 -14231 END
START -6464 5424 4416 11547 4910 -14268 END
START -4492 7832 2268 11017 7339 -13083 END
START -4196 11576 648 11879 10209 -10435 END
START -2788 14884 1076 11418 14019 -8208 END
START -992 16948 3704 9321 16334 -7527 END
START -1048 18024 7300 5311 18118 -8342 END
START -3624 17376 11988 569 18444 -11864 END
START -4536 13816 14716 -4101 19065 -13445 END
START -10140 11288 17632 -7062 17072 -15778 END
START -13832 5716 21212 -5854 13887 -12514 END
START -13996 8564 28368 629 8797 -5222 END
START -15116 11172 32767 1187 6226 -922 END