START -620 2348 3480 4557 3002 2880 END
START 200 2348 760 3886 5327 4181 END
START 776 2936 116 2805 6938 5298 END
START 800 3380 -676 938 8571 5926 END
START 476 3836 -1500 -1540 10224 5693 END
START 272 3408 -1468 -4618 11853 4284 END
START 176 1732 -2420 -7006 13456 2717 END
START -564 20 -3056 -8349 15450 1873 END
START -1264 -492 -3160 -8357 17377 1899 END
START -1800 -1292 -2572 -7993 20469 2684 END
START -1956 -1156 -1892 -7791 23344 3559 END
START -2668 -1256 -476 -9595 24882 3439 END
START -3252 -1460 -332 -11197 26602 3610 END
START -4088 -1172 292 -11255 28013 4188 END
START -8340 -712 3292 -10769 31690 3724 END
START -9304 -1736 4312 -11794 29447 1360 END
START -10140 -1532 6744 -13790 27343 -2385 END
START -8324 -8428 10976 -12988 26520 -2055 END
START -8436 -9484 19440 -5112 25497 3864 END
START -8576 -8432 26852 -2299 26479 5632 END
START -11240 -6236 32767 1667 23643 5221 END
START -12200 -5612 32767 1943 22893 3147 END
START -15168 -4708 32767 3153 18725 2098 END
START -13572 -4176 32767 4742 13205 -1532 END
START -18344 -3680 32767 7458 10106 884 END
START -16560 -4032 32767 14547 6441 5602 END
START -15240 -2572 32767 9763 4217 2509 END
START -18300 -3024 32767 9559 -1820 -656 END
START -15692 -3908 32767 10694 -4218 189 END
START -14844 -4096 32520 9314 -7057 -1602 END
START -13036 -5164 28512 10352 -9256 -1868 END
START -11112 -3356 26268 13416 -10423 -427 END
START -8924 -2088 23096 13130 -9555 -130 END
START -7468 -364 20212 12211 -10237 -31 END
START -6400 192 19560 9406 -11181 -1052 END
START -5744 -880 17732 7961 -11072 -1750 END
START -5512 -1052 17500 7009 -12219 -2793 END
START -5096 -1276 16180 6122 -12527 -4764 END
START -4276 -656 15412 6732 -13717 -5180 END
START -3200 64 15412 7436 -14141 -5147 END
START -2696 732 16816 8696 -14247 -4613 END
START -2340 1896 17528 9069 -13405 -4774 END
START -3176 3096 16596 9218 -12822 -5491 END
START -2024 3196 14556 9326 -13568 -6889 END
START -1160 4536 13876 9753 -13887 -7894 END
START 1220 5716 12776 10812 -13170 -7959 END
START 2932 6960 11620 10581 -13129 -8172 END
START 1952 8248 10064 11304 -12016 -6353 END
START 1032 10204 9652 10696 -9436 -4230 END
START 1116 11564 8536 9426 -8560 -2746 END
START 568 12892 9048 7537 -7564 -1961 END
START 752 13172 8000 5731 -6916 -2883 END
START 892 12992 7624 5282 -6682 -3022 END
START 1492 12600 7128 5334 -4953 -2375 END
START 876 12844 6492 6178 -1930 216 END
START 172 13204 5704 7236 488 4076 END
START -36 14732 5224 6615 2961 7328 END
START -612 16264 4572 4445 5226 9902 END
START -948 17304 2816 1199 6609 10948 END
START -584 16180 2428 -1924 7709 10662 END
START 56 14984 1464 -5664 8868 10154 END
START 84 13512 1160 -8617 10348 9932 END
START 648 11112 1796 -10969 12687 10409 END
START 44 8320 3220 -12625 15173 10908 END
START -768 5216 6068 -14149 16169 10291 END
START -2064 1820 9396 -16351 17428 8029 END
START -2216 -1512 12292 -18552 18108 5970 END
START -9060 -3748 16228 -19776 15328 2046 END
START -10264 -10244 17988 -18908 12853 337 END
START -10084 -16236 22336 -15610 8640 -1932 END
START -10420 -21128 28208 -12786 4091 -8444 END
START -8460 -24192 28572 -8087 428 -12046 END
START -6056 -23516 28000 -112 -648 -10571 END
START -4004 -21300 26796 6074 1526 -8693 END
START -3716 -17376 22816 11348 2835 -9329 END
START 1200 -13308 18300 15369 2730 -11049 END
START -3932 -9640 16340 18487 7862 -11248 END
START -5848 -3380 11824 19907 11756 -10602 END
START -7076 1984 8804 19557 12921 -9570 END
START -6800 7112 6212 19172 12486 -8935 END
START -5876 11816 4816 15677 12567 -9231 END
START -6904 17268 4692 12094 13252 -9666 END
START -8580 20324 5772 8163 13052 -11280 END
START -7856 19532 8392 1873 13155 -13574 END
START -9700 17768 11736 -3667 11579 -14679 END
START -10756 15560 15932 -7696 9211 -14975 END
START -11824 12940 19980 -7676 6186 -13386 END
START -13624 11684 24524 -6294 3830 -12420 END
START -15096 10196 27376 -3733 2444 -10573 END
START -15992 10536 28420 -1919 1771 -7946 END
START -15076 9532 27720 -705 1227 -4309 END
START -17928 11384 27912 -1284 -1958 -1576 END
START -12624 7504 20052 -574 -2845 883 END
START -9828 7068 22024 3837 -4331 3154 END
START -9060 6728 22492 4552 -7114 3008 END
START -6140 6336 20668 1505 -5329 2979 END
START -6504 7164 20012 2208 -5938 4310 END