START 648 856 328 -2324 7048 1707 END
START -1404 368 2084 -4377 9474 2274 END
START -4356 -388 1708 -3995 13862 4620 END
START -2656 -1000 1284 -4119 14109 5460 END
START -3948 -412 344 -4697 15380 5813 END
START -2460 -1656 -464 -3820 17939 7653 END
START -1628 -1372 368 -3958 20892 7714 END
START -2184 -368 372 -3771 22698 5790 END
START -2748 484 172 -4427 23605 3756 END
START -2736 592 1624 -6098 25418 2615 END
START -3364 676 2412 -6812 28316 2983 END
START -3796 -24 2996 -7483 28506 3596 END
START -4676 -820 5460 -9277 29076 2396 END
START -2528 -2484 8592 -9118 28631 2852 END
START -7784 -1100 16236 -9772 26071 986 END
START -5320 -1572 21052 -1747 26761 4153 END
START -4788 -964 28852 -5284 24139 1545 END
START -7880 -1740 32767 -4764 25381 709 END
START -14880 -4208 32767 -5231 25821 -1491 END
START -18016 -7808 32767 -2319 20385 -202 END
START -20008 -6756 32767 -451 12730 2921 END
START -23884 -5192 32767 -154 6637 723 END
START -19572 -5636 32767 5118 627 292 END
START -18524 -6448 32767 4993 -3830 -2626 END
START -16296 -6952 32767 4946 -8080 -5398 END
START -13572 -8316 32767 8085 -10159 -4784 END
START -11860 -7364 29608 11911 -10620 -2615 END
START -10696 -5608 23040 14208 -10539 -2098 END
START -9400 -3704 19580 14949 -11138 -1671 END
START -8128 -2276 15692 12910 -11406 -3056 END
START -7184 -1124 12392 11192 -12960 -4630 END
START -4552 -1124 12608 8217 -14179 -8288 END
START -3524 -3756 10960 7713 -14749 -10268 END
START -2548 -5420 11940 6867 -13759 -11113 END
START -2016 -5724 10440 8909 -11514 -10879 END
START -856 -3660 10284 12507 -11008 -10092 END
START 232 -936 10440 14091 -9516 -10466 END
START -560 2856 9928 15329 -7799 -10075 END
START 1660 5336 8704 15399 -6676 -9187 END
START -184 8708 8884 13559 -5720 -9882 END
START 1076 10064 8632 13184 -5400 -9088 END
START 456 12360 9312 12309 -4817 -7583 END
START 1324 14148 9472 12805 -4876 -4492 END
START 1612 16348 9344 12440 -3501 -2366 END
START -212 18360 8756 12181 -1378 -516 END
START -1428 20168 6780 11546 599 1841 END
START -1196 21724 5704 9619 1568 4318 END
START -172 21604 5264 6633 2421 5945 END
START 648 20324 4312 2312 3201 6034 END
START 1332 18364 3696 -1661 4557 6436 END
START 1888 16360 3380 -5361 6304 7083 END
START 1732 13384 3352 -9756 9233 7326 END
START 812 9744 3988 -13322 11956 7261 END
START -1100 5700 4780 -15908 14339 6253 END
START -3156 1620 6872 -16324 15685 4131 END
START -3800 -1640 8480 -17005 17577 1831 END
START -6320 -5396 10780 -16558 16161 -655 END
START -8012 -10380 14904 -16277 13866 -3057 END
START -9508 -14704 18216 -17573 11474 -6531 END
START -10592 -18312 21512 -14606 9497 -10025 END
START -11288 -20652 22004 -8497 8011 -11376 END
START -6752 -18616 23416 -2287 7900 -11852 END
START -5764 -15028 24664 4057 9463 -11756 END
START -3420 -9696 24328 9874 11059 -10529 END
START -6388 -4852 24504 13277 13735 -8651 END
START -10212 4 21588 15594 13509 -6000 END
START -14420 5480 22232 15423 11868 -3846 END
START -18276 12428 23016 15441 8808 -1394 END
START -14600 15412 22340 11200 4076 -1100 END
START -13328 17564 23468 7420 764 -4020 END
START -11812 17720 22456 3355 -2631 -6921 END
START -8724 16772 21608 3282 -794 -2701 END
START -10260 16880 22496 2795 -939 -1147 END
START -9496 16156 21612 357 -2243 1002 END
START -10152 14680 21476 -1742 -3767 2553 END