START 5328 364 3400 968 2368 -1458 END
START 3856 1164 4536 1265 5434 -307 END
START 2476 1016 2844 1637 6727 1117 END
START 2388 788 3272 171 9557 891 END
START 1392 652 2744 375 11372 2729 END
START 616 1040 2576 117 12245 4026 END
START 640 1372 2252 -1343 13010 4072 END
START -236 1540 2652 -1569 13954 3922 END
START -708 1540 2608 -2206 15265 3175 END
START -1756 1808 3324 -2767 15682 1590 END
START -2320 1292 4440 -3345 16716 239 END
START -1576 800 4304 -4319 19085 -399 END
START -2832 688 5004 -3289 19896 293 END
START -2500 780 5244 -2620 20365 1161 END
START -1956 1608 6632 -2878 20389 1670 END
START -2092 2320 9792 -3197 20052 1549 END
START -2624 2496 13788 -4929 20070 314 END
START -4300 1584 16836 -5872 20472 -734 END
START -3564 -1344 19800 -4903 19708 -1570 END
START -5732 -3648 28780 -3869 18216 -2094 END
START -9816 -2556 31116 -1178 20956 -1677 END
START -10308 -3376 31988 1572 17496 -1020 END
START -11608 -2660 32767 5030 14149 902 END
START -13104 -24 32767 6140 12534 2112 END
START -16220 1532 32767 6357 9193 60 END
START -17880 -80 32767 7040 4870 -451 END
START -16300 -4 32767 7350 1978 -965 END
START -14024 -24 32767 8823 -864 49 END
START -12368 1248 32767 10016 -3119 408 END
START -10280 2228 32767 10304 -4402 208 END
START -9640 3208 31636 10901 -6595 269 END
START -7812 4160 31672 11332 -7882 -485 END
START -8844 3972 29448 9725 -9408 -1242 END
START -9168 2748 27376 9147 -12333 -1890 END
START -7760 1808 25800 7889 -14299 -3012 END
START -6316 1192 23224 9000 -16170 -3161 END
START -4452 1836 21116 10076 -17191 -3791 END
START -2956 3028 17896 11178 -17599 -4482 END
START -1052 4400 16180 11725 -18155 -5131 END
START -220 5688 13348 10525 -17027 -5673 END
START -612 6544 10852 10242 -15917 -4848 END
START 272 7872 8428 10073 -15259 -4371 END
START 1748 9172 7236 7905 -13516 -4975 END
START 2340 10364 6228 9075 -12600 -3600 END
START 440 11956 5104 8146 -9802 -2375 END
START 2368 11536 3108 7564 -8062 -2171 END
START -140 13068 2404 6886 -6984 -789 END
START -308 13180 1820 4849 -5980 -878 END
START -816 12604 508 2795 -4947 -136 END
START -652 11732 -248 1349 -3823 1111 END
START -448 11344 -460 74 -2593 2253 END
START 460 10768 -308 -750 -626 3711 END
START 752 10396 72 -1827 1922 5025 END
START 1844 9816 212 -3015 4648 6248 END
START 2340 9356 188 -3974 7369 7454 END
START 2392 8716 944 -5448 9843 8042 END
START 2184 8220 1652 -7035 11974 8182 END
START 1480 7384 2448 -8849 13982 7766 END
START 400 5976 3928 -10472 15052 6485 END
START -160 3924 6316 -12461 15062 3857 END
START -796 964 9852 -15341 16948 440 END
START -4872 -2088 13324 -17180 13807 -4648 END
START -5200 -9192 17792 -17909 10232 -11039 END
START -7792 -14472 20412 -17824 7740 -19383 END
START -4168 -18868 21464 -5972 7575 -18592 END
START -3116 -18568 24340 1788 8375 -12838 END
START -2608 -13908 26560 7498 12090 -11646 END
START -1008 -9544 25108 12847 9615 -12420 END
START -5596 -4104 26592 18796 13717 -9596 END
START -6668 768 22320 22674 17789 -10083 END
START -10668 7628 22800 19927 13810 -6893 END
START -13308 13452 23208 24890 8350 -4824 END
START -13492 15904 23136 14419 12023 -6295 END
START -18236 19952 17836 17142 5877 -257 END
START -14712 21408 19576 8619 4127 -630 END
START -13724 23308 19752 6289 -376 542 END