START 1500 -880 3924 9 3933 -442 END
START 360 -1424 3412 -1459 6732 -920 END
START -236 -1640 3596 -496 8884 458 END
START -940 -1560 3504 -271 10399 1560 END
START -1612 -1280 3476 -730 12244 2241 END
START -2640 -724 3112 -1313 13698 2071 END
START -2056 -168 2920 -1082 16750 2256 END
START -2784 632 2264 -1435 16676 1360 END
START -2596 820 2024 -1956 18684 1038 END
START -2124 996 2004 -2361 20628 1442 END
START -2048 1276 3052 -3506 22621 1879 END
START -2656 1492 4904 -4989 24720 2040 END
START -3996 1176 6380 -6512 25969 1216 END
START -5036 424 7720 -7568 26642 165 END
START -3488 -860 9608 -7102 27375 47 END
START -7820 1084 11736 -7360 25403 -762 END
START -6200 420 13728 -639 25584 3800 END
START -6012 1056 21880 -1548 24428 5271 END
START -7832 2272 28744 -6433 24805 1421 END
START -10608 1232 31172 -6384 22192 -422 END
START -11692 -32 32767 -5417 19492 -919 END
START -15544 -412 32767 -3513 16334 -873 END
START -15696 -1220 32767 1013 12908 -779 END
START -21252 -3996 32767 -3 5316 77 END
START -21016 -4648 32767 -370 2693 -557 END
START -20600 -6736 32767 3251 -3570 625 END
START -16992 -7680 32767 5581 -7932 -415 END
START -11920 -7232 32767 9418 -11541 -56 END
START -8116 -5424 32767 11960 -13256 389 END
START -6100 -4420 32767 12588 -13423 -318 END
START -5452 -3824 29592 13524 -13834 -809 END
START -5684 -3612 26652 13756 -15297 -1944 END
START -5904 -3008 23196 12471 -17095 -4399 END
START -4704 -2872 18868 12469 -19182 -6983 END
START -2456 -2624 14616 12596 -20522 -9483 END
START 4136 -1980 12232 14083 -19473 -8714 END
START 2816 1012 10056 14125 -18109 -8821 END
START 2320 3808 10064 14265 -17190 -8440 END
START 1252 5700 8448 10824 -14673 -9579 END
START 1548 6384 6440 10046 -13285 -9977 END
START 1280 8060 5776 9735 -12128 -10125 END
START 1336 9388 5396 10140 -10685 -9702 END
START 2584 10880 5080 10472 -9324 -9114 END
START 1716 12416 5084 10946 -7247 -8684 END
START 1540 12748 4424 10355 -5083 -7255 END
START 516 14200 3676 9252 -2101 -4200 END
START -416 15196 2752 7928 -155 -440 END
START -808 16340 2140 5499 1448 2038 END
START -1356 17268 252 2847 3111 4671 END
START -656 18040 -932 365 4916 7043 END
START 544 19012 -1744 -2435 7042 7946 END
START 1168 17924 -1412 -4660 9182 8633 END
START -32 16260 -120 -8612 11780 8788 END
START -80 13180 920 -11649 14498 10805 END
START -1116 10300 3000 -14603 16413 12872 END
START -5216 7120 5384 -17513 19913 14248 END
START -6316 4180 7428 -19762 18149 13351 END
START -7840 624 11592 -23531 17012 9459 END
START -11116 -4568 16916 -23089 13970 6289 END
START -12356 -10604 21060 -27217 9596 -1706 END
START -13500 -18072 21292 -27709 4587 -11767 END
START -6296 -24120 20168 -17085 945 -12342 END
START -3136 -24128 21732 -7325 781 -9231 END
START -1292 -22356 21556 -387 6061 -3732 END
START -1252 -17388 22008 3489 9632 -3288 END
START -2852 -13936 21308 5341 12530 -6650 END
START -4060 -9964 19876 8110 11528 -9070 END
START -9060 -8240 20984 9838 13398 -12681 END
START -6080 -4604 19336 14351 10484 -13547 END
START -8556 624 20456 16089 10176 -14537 END
START -10412 2296 19856 14452 10272 -13568 END
START -12508 7040 19312 14341 9015 -10058 END
START -14044 12252 19432 12550 9169 -5419 END
START -15020 18532 18760 10715 7338 152 END
START -11700 19476 19704 5599 2855 346 END
START -10740 19256 20132 755 1993 -1172 END