START 4984 268 8768 -161 -5915 1506 END
START 4684 -568 7688 -1158 -4667 1048 END
START 4332 -1244 6732 -1291 -2612 1488 END
START 3820 -1352 5300 -806 -1103 2717 END
START 3048 -924 4996 -1167 495 2876 END
START 2748 -1044 4120 -1574 1840 2614 END
START 2724 -1108 3896 -2167 2998 1704 END
START 3000 -1352 3420 -2286 4108 661 END
START 3024 -1632 3352 -2392 5606 -74 END
START 3260 -1800 2816 -2147 7624 -691 END
START 3008 -1580 2628 -1768 9865 -923 END
START 2800 -1284 2264 -964 12226 -714 END
START 2564 -296 1860 -178 15002 -362 END
START 2152 804 1968 269 17725 -123 END
START 1372 1888 1968 81 20086 -78 END
START 1200 2316 2144 -559 21958 -299 END
START 660 2044 2732 -2016 23698 -667 END
START -172 1404 4104 -3284 24404 -578 END
START -1560 988 6096 -4417 24920 -620 END
START -3816 360 7688 -5699 25901 -1196 END
START -5136 1244 10928 -5195 24911 -2685 END
START -5232 -976 13508 -3242 24218 -2760 END
START -6696 8 20160 -1611 24553 -3008 END
START -7668 -72 24584 -1940 24789 -4885 END
START -10448 -136 29096 2072 21652 -4387 END
START -11044 -968 32767 -719 18813 -4495 END
START -13448 -1028 32767 1317 15913 -2063 END
START -10828 -820 32767 5264 13247 -1880 END
START -15632 816 32767 5354 5842 -457 END
START -15804 1724 32767 7476 2663 -1856 END
START -14032 1212 32767 9083 -391 -3024 END
START -13672 2044 32767 8789 -2523 -3380 END
START -11612 1920 32767 10981 -5889 -1852 END
START -9092 3364 32300 10239 -7539 -1096 END
START -7484 3632 30756 8592 -9498 -1259 END
START -7780 3944 28900 7917 -12375 -2511 END
START -5580 1344 24480 6584 -13021 -4324 END
START -5216 660 22832 7060 -14384 -4619 END
START -5024 884 20472 7471 -14753 -6579 END
START -3980 1164 18076 9947 -15423 -6564 END
START -3396 2528 15756 9031 -14447 -6700 END
START -1716 3868 13240 10456 -14504 -5662 END
START -888 5888 11564 10237 -13492 -5316 END
START -8 7516 10332 9844 -12523 -4740 END
START -256 8176 8532 8554 -11285 -4298 END
START -248 9124 6756 7709 -10451 -3798 END
START 72 9728 6084 6935 -9700 -2956 END
START 684 10128 5524 6221 -8660 -1940 END
START -408 11004 5344 5578 -7541 -857 END
START 1160 11168 4720 4738 -6274 163 END
START 996 12004 4624 4032 -4419 1228 END
START 680 12200 4236 3453 -2441 2382 END
START 336 12636 3960 2945 -97 3863 END
START -244 12924 3320 1858 1643 4856 END
START -556 13304 2720 46 3293 6088 END
START -360 13088 2420 -2218 4816 7035 END
START -60 12416 2144 -4834 6414 8092 END
START 288 11324 2000 -7649 8241 8807 END
START 544 9900 2260 -10557 9854 8922 END
START 400 8100 2780 -13229 11252 8366 END
START -36 5540 3920 -15626 12459 6936 END
START -764 2444 5812 -17810 13375 5055 END
START -1184 -1644 8144 -20241 13736 1970 END
START -2872 -6268 11448 -20026 14196 8 END
START -2844 -9436 12636 -20514 14213 -3781 END
START -5072 -13232 14316 -18822 12234 -8391 END
START -3576 -16132 16404 -14417 10285 -11050 END
START -2892 -16984 19400 -8370 10717 -10577 END
START -1336 -15676 23240 -2797 11680 -10224 END
START -1176 -12780 25876 2697 12551 -10781 END
START -3140 -7808 29444 6633 14789 -11382 END
START -5952 -5308 28328 8506 17549 -12942 END
START -7276 -3480 25196 14197 16389 -16050 END
START -12352 -392 24876 15094 18212 -9831 END
START -15156 4508 25364 17409 16215 -8316 END
START -15304 8968 22160 13853 12374 -1546 END
START -18360 16528 27520 13611 6289 3551 END
START -19028 19780 27488 4123 3322 -484 END
START -16456 16728 25876 -3298 -3371 -6825 END
START -15332 13156 24404 -4228 -8149 -7172 END