START 1564 1516 3476 -2141 -5400 -947 END
START 1208 192 4440 -5428 -2278 -2573 END
START 316 -1660 2704 -5168 980 -2076 END
START -1360 -3124 1324 -6151 2762 -2340 END
START -2592 -3604 -552 -4070 4666 -105 END
START -4004 -3732 -2032 -2157 5479 1000 END
START -4372 -3128 -848 -5 8119 2226 END
START -4912 -2312 -396 1095 9348 3369 END
START -5528 -1860 -80 695 10474 3646 END
START -5244 -1696 -572 -116 11602 3553 END
START -4012 -1564 -544 -143 12053 3662 END
START -3204 -192 -732 -331 12492 3264 END
START -1580 -668 -536 169 16294 5050 END
START -1792 380 276 685 19277 6274 END
START -448 1332 -804 675 22402 7711 END
START -1744 2680 -228 720 24278 8902 END
START -1940 3536 -248 -1947 26118 7420 END
START -2540 3044 1536 -4903 27057 5193 END
START -2460 2436 3212 -6241 28097 5097 END
START -3432 1728 5568 -7146 29657 4533 END
START -3856 2216 8964 -6689 30560 4389 END
START -4072 3568 13540 -8478 28117 272 END
START -5256 92 18164 -4091 25531 503 END
START -2544 -2088 29760 -7302 28619 1199 END
START -3788 -3956 32767 -4844 25864 -785 END
START -6564 -6820 32767 -4405 25401 -2166 END
START -10844 -7272 32767 32 25563 -1280 END
START -10252 -6176 32767 3441 22348 -1129 END
START -21824 -3496 32767 4964 18663 -1042 END
START -22164 -4732 32767 15391 12259 4337 END
START -24752 1108 32767 9500 6130 277 END
START -23440 1912 32767 5465 -1553 -3488 END
START -18556 572 32767 3855 -7310 -4276 END
START -14584 -2652 32767 5034 -8987 -1737 END
START -12940 -2948 32767 6293 -10097 -454 END
START -12296 -2236 28756 6327 -11072 -1594 END
START -11508 -1464 25136 7710 -12032 -1873 END
START -11152 -1948 21796 8295 -12414 -2417 END
START -10584 -1904 19600 9055 -14204 -2259 END
START -9140 -1872 18436 9769 -15321 -2406 END
START -7528 -852 18152 9117 -17155 -3472 END
START -6204 -308 16048 8697 -17508 -4779 END
START -4328 12 14808 10424 -18026 -4275 END
START -4436 2068 12864 10390 -16085 -3917 END
START -2924 1624 12608 10199 -17607 -5036 END
START -2240 2616 11896 8584 -16617 -6451 END
START -1300 3644 9924 8525 -16472 -6979 END
START 788 4864 8780 8686 -16332 -7712 END
START 3352 5988 8408 8929 -15501 -7768 END
START 4328 7768 8092 8720 -14051 -7241 END
START 5448 8224 7476 7813 -12410 -6872 END
START 4692 8824 7296 6323 -10005 -6617 END
START 3960 9124 7096 5071 -8887 -6112 END
START 3624 9048 6800 3455 -7451 -6246 END
START 2952 8960 6452 3160 -6288 -6036 END
START 2392 9288 6536 3956 -4553 -4869 END
START 1900 10056 6580 4898 -2069 -2954 END
START 1056 11344 6008 5583 765 -1013 END
START 24 12284 5136 5897 3529 1141 END
START -1440 14180 4272 5389 6019 3245 END
START -2176 15536 3448 4140 7997 5674 END
START -2624 15880 2628 1721 9825 7098 END
START -2800 15656 1740 -1534 11114 8462 END
START -2156 15424 504 -4638 13812 11460 END
START -860 15072 -168 -8080 14585 12365 END
START -560 13384 2472 -11623 16146 12451 END
START -400 9540 5680 -15953 18405 12277 END
START -2368 5828 8760 -18420 20071 12029 END
START -5392 1084 13076 -21331 19660 8634 END
START -9800 -4084 18752 -20271 18035 6080 END
START -12048 -10020 25968 -19287 13021 2376 END
START -13268 -15376 30056 -20390 7370 -3046 END
START -12996 -20188 32767 -16068 2529 -6816 END
START -10324 -22712 32767 -10028 -2138 -9309 END
START -6952 -22724 32767 -2086 -3932 -7436 END
START -5600 -20372 32767 2852 -2268 -5669 END
START 4284 -19460 22828 9356 -3455 -7870 END
START -5392 -15036 23272 11690 -897 -8439 END
START -4568 -10500 20872 16034 633 -8139 END
START -5584 -7136 14788 18464 2377 -7682 END
START -8032 -2892 12144 18659 3061 -7128 END
START -7616 -60 8436 16431 2848 -9060 END
START -8272 2220 6052 16047 1287 -9084 END
START -6380 3948 5052 12660 1243 -10673 END
START -4452 5448 2464 11190 2070 -10241 END
START -1528 6924 804 7052 2527 -12502 END
START -528 9140 372 6030 4590 -12821 END
START 2212 10692 884 5827 7264 -12235 END
START 3016 12776 2920 5138 12288 -12073 END
START 1936 14068 4572 2580 17868 -11525 END
START 412 15140 8668 1490 20940 -12113 END
START -4016 16004 12440 -1231 20461 -15692 END
START -8696 13084 16936 -7276 21161 -20055 END
START -14780 7968 20872 -9095 17129 -18943 END
START -22096 10228 27548 -3964 12651 -8577 END
START -24148 16088 32767 -977 7523 -666 END
START -28852 19224 32767 -3466 1652 1895 END