START 3776 -2056 1420 -1517 5563 320 END
START 2652 -752 3272 -252 6577 2119 END
START 2500 -220 2776 -969 8971 2723 END
START 2004 640 3232 -1657 11123 3290 END
START 1216 1292 2708 -2691 12868 3292 END
START -1036 1552 2680 -3954 15633 2662 END
START -1036 1324 1876 -5162 15156 975 END
START 60 92 3100 -5612 16683 1022 END
START -1288 -56 2168 -4686 18914 2393 END
START -2184 604 1480 -4786 21139 2891 END
START -2668 776 1752 -4580 22982 2974 END
START -3156 996 3044 -3873 24990 4188 END
START -3964 1752 4608 -4454 27414 5157 END
START -5564 2428 6092 -5541 30325 5173 END
START -6356 1520 6964 -6779 28861 4024 END
START -6344 2184 7672 -7944 29097 4391 END
START -6264 1880 11984 -8576 28242 2639 END
START -6772 32 12720 -3404 29660 6528 END
START -7936 -788 14840 -2315 31817 8120 END
START -9696 84 18532 -4358 32672 5169 END
START -11192 -552 22504 -3186 30197 3849 END
START -10448 -984 27752 -1295 28930 3557 END
START -13388 -2332 32767 -1414 27321 3412 END
START -16384 -2976 32767 -1880 24119 2081 END
START -20056 -3528 32767 -232 19518 1149 END
START -20920 -4016 32767 1585 13518 956 END
START -22644 -6552 32767 7241 10207 3447 END
START -20492 -3652 32767 6278 4229 2250 END
START -19868 -3036 32767 6640 206 552 END
START -15900 -1948 32767 6983 -3955 -99 END
START -15272 -1452 32767 6740 -4536 242 END
START -13756 -1912 32767 8634 -7301 1477 END
START -13580 -1200 32580 7679 -9734 7 END
START -12980 -1616 29324 7475 -11840 -1709 END
START -12524 -2336 26096 7203 -14318 -1324 END
START -11832 -2088 23824 8103 -16687 -416 END
START -10468 -1012 21908 8348 -18586 -1230 END
START -8616 -644 20924 7997 -19948 -2803 END
START -6440 -1080 19148 9343 -20003 -2851 END
START -4972 -784 18456 9531 -20272 -3298 END
START -4096 -340 16192 9352 -19991 -4156 END
START -3484 324 15256 9095 -20461 -5363 END
START -3304 1148 13428 8234 -20324 -6903 END
START -2280 1356 11076 7656 -20618 -8963 END
START -532 1424 9772 7127 -21183 -11057 END
START 1604 784 9032 7821 -21258 -11126 END
START 2492 1728 8808 7671 -19297 -10856 END
START 2732 3356 8644 9040 -17089 -9999 END
START 2212 3968 8516 8649 -15151 -9866 END
START 2636 4816 7112 8586 -12859 -9960 END
START 2728 6196 6568 9378 -11092 -9467 END
START 2844 8308 6056 9800 -8845 -8981 END
START 3632 10160 5852 10230 -7108 -8431 END
START 2980 11424 5420 9732 -4565 -8153 END
START 3572 12108 4336 8974 -1978 -7295 END
START 2192 12760 3912 8636 779 -5147 END
START 1584 14020 3092 7919 3686 -942 END
START 512 15788 2456 5982 5801 3274 END
START -408 17348 1996 2989 7602 6140 END
START -320 18936 1544 620 8673 8754 END
START 200 20260 2008 -2407 10239 9981 END
START 240 20384 2688 -5998 12320 10333 END
START -388 19068 3412 -9186 14429 10225 END
START -688 16628 4088 -13253 16636 10737 END
START -2576 13780 5104 -15486 18881 12374 END
START -6684 10396 8312 -16950 20889 13066 END
START -8764 6636 10300 -18521 18907 10888 END
START -8216 -388 12940 -21102 15958 7442 END
START -8844 -6796 18752 -19802 12142 6211 END
START -11716 -13216 22260 -21416 9245 -62 END
START -13196 -18692 21496 -17609 5239 -4475 END
START -6716 -22420 21628 -12139 1908 -8002 END
START -6420 -24320 21048 -3997 1868 -6023 END
START -4172 -22952 20828 1649 5505 -5310 END
START -2012 -19684 17404 6321 7509 -4919 END
START -1424 -15176 15572 9809 10299 -5040 END
START -2676 -10516 13444 11866 12879 -6087 END
START -2936 -5752 13088 12211 14756 -8075 END
START -4152 -560 12128 12403 14543 -10222 END
START -6540 2316 12308 12732 14341 -11678 END
START -9024 6056 14924 12242 14093 -13780 END
START -13180 8936 16288 9640 12626 -14703 END
START -14116 10852 19424 10117 10934 -11606 END
START -16036 13840 21052 8420 10750 -9359 END
START -17108 16052 22128 7113 9108 -7447 END
START -16468 16392 22216 6566 5703 -6746 END
START -15024 15776 21848 3616 2527 -6702 END