START 2228 -3768 4272 -3133 2648 1267 END
START 456 -3280 3200 -1097 3320 4629 END
START -3144 -2916 4176 -632 8390 8466 END
START -2764 -60 2904 -1966 8860 6128 END
START -1860 -648 2036 -1443 7794 4628 END
START -1824 -420 3396 -737 8141 2005 END
START -1380 -1076 3408 -2145 9248 -2229 END
START -1076 -2024 3260 -1500 10616 -2509 END
START -480 -2168 2568 -900 13588 -1225 END
START 128 -1688 1780 89 16222 938 END
START 316 -516 1504 1039 18005 3334 END
START 152 1596 2040 773 19619 5203 END
START -580 3780 2364 -506 21054 5373 END
START -1128 4504 3912 -1998 21731 4003 END
START -1868 3888 6484 -4848 22514 1350 END
START -2964 2300 8860 -7102 23865 -1273 END
START -3176 332 12300 -5770 24295 -1735 END
START -4628 596 15220 -5087 21609 -3940 END
START -2764 -1152 20260 -1178 24145 -3215 END
START -1880 -2980 24000 -1592 23516 -329 END
START -8216 -1116 31292 -2959 22152 -1384 END
START -10888 -2032 32767 -2924 18471 -2284 END
START -13452 -3136 32767 -976 15396 -3000 END
START -4928 -6280 32732 6698 12132 -4628 END
START -13348 -2156 32767 8007 8300 -3667 END
START -12352 540 32767 10397 6951 -2417 END
START -10928 680 32767 13999 4718 122 END
START -13340 3712 32767 10802 2425 -670 END
START -12540 3308 32767 10679 -664 -688 END
START -11800 3900 30668 8968 -3305 -244 END
START -10964 3676 27516 6612 -5654 -1850 END
START -8404 3200 26484 7122 -8931 -2457 END
START -6612 2520 25948 5950 -10117 -3705 END
START -5556 1728 24920 5017 -11093 -4532 END
START -4636 1284 23900 5651 -11026 -4315 END
START -4148 1216 21944 6401 -10974 -3955 END
START -3784 2040 20116 7101 -11175 -3490 END
START -3256 3108 18908 7392 -11703 -3111 END
START -3164 3928 18536 6750 -12756 -2885 END
START -2596 4028 17356 6915 -14527 -3077 END
START -2648 4248 15896 5939 -14699 -4469 END
START -1468 4404 14196 6739 -15359 -5151 END
START -336 5568 12932 8435 -14884 -5263 END
START 752 7016 11708 9354 -13830 -5210 END
START 2240 8640 10740 8800 -12634 -5231 END
START 3056 10028 9452 7695 -11223 -5095 END
START 3252 10940 8716 7132 -10248 -5095 END
START 2856 11144 8152 6050 -8260 -5340 END
START -1416 11684 7200 5784 -5801 -4839 END
START 40 10956 5076 5982 -3768 -2503 END
START -696 11808 4768 4807 -1896 -386 END
START -1112 11920 3672 3625 -687 1528 END
START -1556 11760 3088 2066 -142 3071 END
START -1180 11516 2700 478 454 4131 END
START -808 11008 2496 -1366 1382 4747 END
START -616 10508 2112 -2939 2610 5448 END
START 380 9712 1860 -3998 4244 6098 END
START -380 9652 2068 -4820 6319 6390 END
START 488 8844 2040 -5765 8548 6687 END
START 908 8088 2580 -6651 11250 6772 END
START 992 6580 2920 -7939 13991 6553 END
START 272 4876 4180 -9470 16133 6792 END
START -1172 2840 5284 -11355 17987 6779 END
START -2660 -152 7388 -13647 18480 5365 END
START -6140 -3224 10444 -16161 16898 867 END
START -6568 -9264 12700 -15775 14096 -3453 END
START -6500 -14516 17704 -15707 11178 -8657 END
START -5088 -18344 20064 -11514 8124 -14464 END
START -3516 -18784 23164 -2945 5956 -16506 END
START 1624 -17908 26356 3154 8442 -16840 END
START -648 -14428 28020 9822 11310 -15475 END
START -2788 -8820 26704 14615 12625 -15096 END
START -7396 -2476 25860 19168 15896 -11835 END
START -22336 5800 25020 19769 11007 -8777 END
START -14960 9552 22972 20847 11925 -7382 END
START -14884 13568 21540 18410 10953 -8403 END
START -15612 18308 20876 15688 6851 -5376 END
START -16608 22208 21324 9873 4808 -3239 END
START -15328 24200 21352 5160 2221 -1072 END
START -14708 24052 20988 417 219 -264 END
START -13552 23116 20972 -2062 -2216 984 END
START -12496 22212 21964 -4021 -3911 1333 END
START -11028 19656 24128 -6790 -5558 1482 END
START -10036 16468 22968 -7585 -8070 2538 END