START 4228 -1632 5728 -976 589 1102 END
START 3928 -1944 4004 173 2649 1144 END
START 3548 -2036 3808 495 3406 859 END
START 3752 -2380 3516 -219 4957 632 END
START 3432 -2776 3400 -707 6391 1114 END
START 2944 -2592 3284 -1501 7850 1561 END
START 2188 -1944 3048 -2355 9586 1744 END
START 1628 -1256 3092 -3334 11474 1496 END
START 1368 -496 3812 -3671 17241 2149 END
START -468 544 3156 -5195 16473 -71 END
START -976 28 1932 -5155 16294 -145 END
START -2408 556 3176 -6013 18285 -1014 END
START -2332 -772 2996 -6674 19991 -1207 END
START -3508 -1248 4788 -6235 20858 234 END
START -4896 -1348 6820 -6113 21707 2091 END
START -6880 -612 8184 -6457 22629 2703 END
START -8172 552 8492 -5162 24688 2818 END
START -6928 968 10616 -4795 24400 1073 END
START -7544 540 15864 -2732 22746 2650 END
START -9020 1096 20292 -2389 23068 1652 END
START -8364 1132 24092 -3045 21683 514 END
START -9412 1224 27340 -3053 19872 1040 END
START -11600 -260 30672 -1371 19473 3056 END
START -11632 -300 32767 363 15813 3707 END
START -10304 -596 32767 1963 12052 2049 END
START -10436 -1508 32767 621 6963 -927 END
START -8960 -2428 32767 2857 2574 -2566 END
START -6532 -3880 32767 6447 232 -391 END
START -8200 -3760 32767 7058 -588 -3076 END
START -8624 -3032 32767 8806 -4466 -3409 END
START -8516 -2052 32767 8046 -5371 -4260 END
START -8024 -2896 31036 11365 -8238 -1923 END
START -8600 -1904 28076 9237 -9768 -2717 END
START -7640 -2448 25040 8828 -12251 -3879 END
START -6380 -2244 22504 8595 -13344 -5006 END
START -4412 -2388 19708 11008 -13626 -4739 END
START -3684 -796 17816 11872 -13337 -5556 END
START -3396 72 15760 13228 -12834 -5513 END
START -3604 1588 14476 12528 -11901 -5772 END
START -3596 1832 13544 12615 -12647 -6672 END
START -3232 1820 12120 10284 -13653 -8826 END
START -1228 1344 10132 10560 -13999 -9977 END
START 492 1820 9040 12232 -13591 -9535 END
START -764 3104 7768 15447 -11944 -6965 END
START 1988 5132 6244 15468 -9869 -6148 END
START 568 8188 5508 17427 -6448 -3092 END
START -864 11916 4320 16623 -4257 -1288 END
START -1024 14172 3232 14588 -1710 1371 END
START -760 16464 2260 11179 442 2205 END
START -304 17996 564 7422 1588 3056 END
START 1500 17064 124 4877 2157 4029 END
START 1576 17376 1076 352 2794 3642 END
START 3396 16392 1264 -3172 3664 3269 END
START 3628 16012 2648 -6147 6066 3977 END
START 3216 14712 2100 -8270 9746 4929 END
START 2376 13604 2128 -9722 12738 6075 END
START 1472 12300 3256 -10889 15784 6846 END
START -264 10808 4856 -13862 18182 6387 END
START -5500 8112 7544 -16872 20898 4716 END
START -4936 2712 7084 -20044 17882 984 END
START -5556 -2836 10648 -20427 15274 -928 END
START -5852 -8004 13728 -20166 12220 -4709 END
START -4652 -14040 16264 -19910 9218 -9569 END
START -6544 -17212 20856 -15746 7952 -12558 END
START -3640 -20708 22708 -8599 7828 -10755 END
START -2376 -19144 25828 -1085 10688 -10374 END
START -3416 -15936 26232 6568 12680 -10570 END
START -5800 -11076 26780 13130 14115 -9690 END
START -11700 -4964 24288 15389 12437 -10924 END
START -14392 88 26164 17065 13978 -7203 END
START -16552 5292 21980 20098 12454 -5878 END
START -15164 11700 22064 21291 8860 -4873 END
START -18728 15676 21508 16224 5276 -4467 END
START -16056 19636 24176 13552 2060 -4173 END
START -16348 20048 22304 8241 2574 -4734 END
START -15852 20824 21192 6820 -1779 -1277 END
START -14336 19448 20892 1019 -4000 548 END
START -11712 16628 18616 -2574 -6253 2357 END
START -9276 15276 20956 -2670 -9609 5629 END
START -8148 14048 22380 -5784 -10779 5334 END
START -6544 12216 21380 -5950 -10968 5900 END