START 4148 -1772 6460 3173 -3755 -1838 END
START 3080 -1484 5852 1652 -1233 -509 END
START 2148 -76 5500 2281 285 1489 END
START 1480 332 4276 704 2466 1712 END
START 908 904 3796 383 3740 1774 END
START 724 1100 2768 646 4642 1995 END
START 856 1400 3100 348 6840 1917 END
START 1404 1432 1792 134 8429 2270 END
START 2036 1460 2256 -533 10824 2862 END
START 1888 2196 1420 -1624 13620 3493 END
START 2100 2452 -4 -2331 15907 4223 END
START 2100 2852 72 -3413 18169 4467 END
START 1840 3200 8 -4707 20452 4760 END
START 1468 2812 572 -5873 22165 5382 END
START 368 2444 2068 -8095 23625 4766 END
START -988 1372 3704 -10424 24802 4383 END
START -3976 948 6152 -11605 29255 4964 END
START -4660 456 6404 -12609 26422 2968 END
START -5028 -396 10244 -13182 24246 1497 END
START -7016 -980 15168 -13433 21213 1324 END
START -6444 -2808 23016 -15687 19369 -1791 END
START -11000 -6476 27704 -12404 15942 -1115 END
START -12576 -9760 32592 -13290 16602 -4117 END
START -13544 -12760 32767 -3716 10405 -2043 END
START -23684 -8100 32767 -2775 4244 -4222 END
START -8972 -10064 32767 4764 5936 -1091 END
START -9276 -9872 32767 9327 5202 539 END
START -10108 -9476 32767 13389 4037 285 END
START -12200 -5624 32767 11918 517 -3137 END
START -11408 -7112 32767 13645 -1321 -4897 END
START -10912 -6864 32767 16918 -3269 -2817 END
START -10364 -5696 27468 17495 -5461 -2467 END
START -10224 -4056 25212 19104 -9395 -2797 END
START -6996 -3164 22376 17174 -11351 -4371 END
START -5304 -1832 22256 17815 -14241 -4247 END
START -4068 -412 20212 16005 -13945 -5879 END
START -3012 380 17548 16091 -13793 -6873 END
START -2672 1500 14960 16633 -13196 -6745 END
START 888 3204 11756 15868 -12729 -6326 END
START -956 6116 10884 15598 -11300 -7808 END
START 16 8240 9088 16021 -10491 -7379 END
START 848 10616 7856 14449 -8546 -5976 END
START 76 12844 6884 12233 -6510 -4026 END
START 444 13740 5956 9172 -5216 -2909 END
START 12 14016 5580 6815 -4864 -2188 END
START 432 13856 5572 4793 -4741 -1496 END
START 1180 13756 6124 3841 -3907 470 END
START 1228 13692 6660 3663 -1734 3253 END
START -32 14412 6448 4027 420 6303 END
START -312 15064 5944 4384 3063 9040 END
START -1840 16448 5284 4550 6484 11509 END
START -2200 17076 4328 2719 6306 11958 END
START -2604 16712 4132 -127 6486 11921 END
START -2020 14584 4900 -5293 5509 10604 END
START -2248 12300 7000 -10497 5110 10768 END
START -1592 9556 8320 -15396 5905 9232 END
START -764 5292 9172 -18504 7023 8675 END
START -1624 1600 9952 -19998 8348 8183 END
START -2652 -3116 11304 -19095 10527 5735 END
START -2908 -7700 12972 -17290 9760 503 END
START -2284 -13116 17012 -14050 9135 -2242 END
START -2576 -17068 19612 -11249 8890 -7072 END
START -2928 -20488 18564 -7938 10701 -12242 END
START -1980 -21676 17780 -835 11536 -14709 END
START 180 -19732 18932 7185 12648 -14081 END
START 376 -15820 18788 10813 14270 -13520 END
START -2396 -11360 18020 14575 15303 -10771 END
START -6784 -3564 18864 18064 14862 -7551 END
START -11656 3900 21744 17733 13781 -7321 END
START -16416 11760 21592 14979 11920 -6283 END
START -17384 16852 21392 11103 6429 -8061 END
START -17744 18980 22200 8460 4786 -8603 END
START -15136 19512 22104 8036 3196 -7463 END
START -13520 20972 21832 7406 1437 -3427 END
START -12448 22440 22492 4826 -143 618 END
START -10504 22876 24160 1353 -1905 3217 END
START -8788 21552 25500 -2448 -3029 4459 END
START -9224 18660 25124 -6540 -6392 3773 END
START -7960 15780 24072 -7781 -5344 5288 END
START -8752 12788 23084 -7851 -6064 4940 END
START -8936 9612 22244 -6825 -7509 5056 END
START -7500 8484 22916 -5532 -10422 5148 END
START -6732 6848 22476 -5589 -10807 6190 END
START -5392 6392 22064 -4621 -11424 7407 END