START 2720 272 3992 2176 2567 668 END
START 2040 440 3616 1476 4441 997 END
START 1912 892 3096 857 6359 1598 END
START 1420 808 2416 119 7807 2144 END
START 952 732 2300 -324 9161 2375 END
START 284 692 1912 -892 10447 2309 END
START 8 828 1860 -1251 11659 1988 END
START -164 812 1948 -1460 12833 1744 END
START -356 1012 2692 -1907 14716 1631 END
START -580 1560 2748 -1617 16717 1932 END
START -680 2056 2976 -1734 18635 1744 END
START -900 2224 4588 -2380 19619 1458 END
START -1772 2016 6480 -4167 20708 902 END
START 240 1336 7432 -6287 23141 926 END
START -4112 1160 9000 -5566 21840 363 END
START -3612 -156 10980 -4614 23225 1537 END
START -7296 3292 13116 -4967 21482 307 END
START -6240 2416 15876 1105 21817 2408 END
START -5400 3428 20072 -481 22757 2757 END
START -6732 4812 25416 -2174 21708 726 END
START -8624 4272 30188 -2898 17279 -2371 END
START -9900 1652 32767 -4671 17074 -2639 END
START -13344 -8 32767 -2147 12861 1101 END
START -14092 628 32767 1447 11678 1808 END
START -18684 -224 32767 1844 5405 598 END
START -18272 324 32767 1903 1046 -1448 END
START -15920 112 32767 2579 -2677 -3125 END
START -12604 -368 32767 4860 -5747 -2677 END
START -9836 -92 32767 6762 -6767 -1067 END
START -8304 756 32688 8445 -6955 524 END
START -7956 1628 29804 8819 -6816 634 END
START -7956 2020 26324 8641 -7372 153 END
START -7416 1408 24708 8561 -8890 -446 END
START -7532 288 23336 7128 -10337 -1652 END
START -7484 -616 20448 7993 -11926 -2289 END
START -6860 -224 18532 9118 -13345 -2619 END
START -5668 740 16780 10017 -13825 -3068 END
START -4176 1944 15456 10807 -14236 -3011 END
START -2976 2932 14596 11537 -14223 -3291 END
START -2028 3488 15296 11077 -14978 -3383 END
START -1308 4064 14296 8830 -13469 -5463 END
START -600 4256 12168 10133 -13599 -5523 END
START 404 5396 10680 10294 -12286 -6396 END
START 1276 7368 8988 12127 -11312 -5413 END
START 2632 10144 8136 12088 -9397 -3933 END
START 1796 13160 6532 11664 -7607 -1770 END
START 2560 13484 7644 9899 -3875 576 END
START 680 15064 5100 5858 -5466 -1445 END
START 1760 13476 5584 3589 -5517 -819 END
START 2032 12680 4852 1632 -3787 675 END
START 2076 12916 4804 1015 -2102 3151 END
START 2256 13400 4540 85 -222 4613 END
START 2164 13368 4228 -1176 1560 4894 END
START 1836 12904 3624 -2145 3285 4956 END
START 1064 12736 3720 -3147 4860 4875 END
START 752 11952 3968 -4790 6409 4395 END
START 20 11172 3756 -6678 8399 4661 END
START -796 9972 3948 -8239 10283 5568 END
START -1464 8376 4276 -9967 11966 6483 END
START -2208 6676 5316 -11421 13035 6947 END
START -2748 4736 6304 -12738 13563 6747 END
START -1356 2708 8368 -14330 16329 6571 END
START -3496 -96 10852 -15153 13415 3940 END
START -4120 -3528 13852 -18130 12066 -1327 END
START -4632 -9812 17520 -16078 9429 -4730 END
START -5520 -13928 20552 -14816 8967 -9519 END
START -6332 -17796 21568 -11116 7226 -12914 END
START -2640 -19292 23952 -4683 7159 -12468 END
START -2788 -17536 24852 3760 9499 -9886 END
START -4252 -14304 24276 10191 10628 -9123 END
START -6064 -9972 22744 15552 10711 -9379 END
START -7812 -4636 21788 17655 10987 -9646 END
START -10588 740 20460 19119 9966 -8027 END
START -9564 6236 18696 20332 9146 -6000 END
START -8796 10084 19392 18916 8192 -6750 END
START -11844 13340 18996 17455 7906 -7456 END
START -10576 17564 17600 13200 6960 -6505 END
START -10856 19104 16564 8988 6647 -6114 END
START -10496 20364 17048 5901 4634 -4345 END
START -10736 21188 17820 1361 3375 -3337 END
START -10884 20932 18460 -1992 1885 -2499 END
START -12080 20772 19968 -4469 -784 -2639 END
START -9916 17504 20152 -6888 -54 -84 END
START -12824 17436 20172 -6294 -915 2259 END
START -12172 16432 20712 -4017 -1236 4249 END
START -7816 14228 19932 -4963 -6080 4430 END
START -8824 11808 20860 -5128 -4985 5692 END