START 4880 -2180 5188 -99 149 -2873 END
START 3896 -1776 4248 2237 1358 140 END
START 1940 -480 3572 2055 4913 2185 END
START 1528 424 1768 661 6753 1799 END
START 528 252 1140 -223 7577 1536 END
START -852 148 280 -856 8536 898 END
START -1500 -84 -500 -1318 9624 193 END
START -1564 -320 -572 -808 10568 155 END
START -1204 -296 -520 -334 12272 741 END
START -964 428 -924 -31 15044 1834 END
START -764 824 -1504 142 17875 3035 END
START -896 1080 -1916 -250 20508 4109 END
START -1532 1584 -2176 -1098 22766 5226 END
START -2088 1900 -2320 -2231 25291 5768 END
START -2788 2216 -2440 -3253 27546 5262 END
START -3184 2308 -1088 -3596 29044 4976 END
START -3844 2388 704 -4705 30612 4925 END
START -4592 1952 3620 -5711 31618 4811 END
START -6316 1212 9164 -5598 32767 4206 END
START -7828 1404 13292 -4986 29666 1711 END
START -4952 -2288 20504 -2583 26424 2110 END
START -6804 -2896 32767 -4304 24156 1172 END
START -8300 -4052 32767 -4308 27335 2281 END
START -13828 -5872 32767 -877 21842 1529 END
START -12328 -7172 32767 -4810 14539 -5158 END
START -19740 -5560 32767 7883 7896 -1982 END
START -17856 -6844 32767 11479 2873 -1402 END
START -18284 -5580 32767 11330 -1086 -478 END
START -16592 -3624 32767 11476 -5973 -2165 END
START -13144 -4256 32767 13409 -8953 -1680 END
START -11304 -1968 32767 14760 -10650 239 END
START -10264 -452 32300 13990 -12437 -177 END
START -10224 -108 29084 13023 -14983 -414 END
START -7176 356 25944 10604 -17371 -3848 END
START -5540 -304 23216 10194 -18972 -5287 END
START -4548 720 19852 8652 -19836 -6775 END
START -2628 812 15948 8936 -20998 -7824 END
START -1840 1268 13988 8628 -21470 -7841 END
START -1268 2992 12388 9467 -21574 -7157 END
START 180 4292 10196 7633 -20465 -7668 END
START 512 5260 8668 6686 -20333 -7401 END
START 2400 6052 7592 5300 -19720 -8285 END
START 2804 6164 6136 5307 -19167 -8779 END
START 5220 6060 5064 5834 -17116 -8403 END
START 5656 7040 4344 5927 -14216 -7923 END
START 5448 8368 4032 5880 -11309 -6801 END
START 6024 8932 2768 5471 -9009 -5496 END
START 5512 9216 3096 4604 -6341 -4935 END
START 5844 9576 2276 4414 -4618 -3140 END
START 5392 10824 2556 4573 -1422 -744 END
START 4516 12184 2004 4489 1966 2091 END
START 3972 13956 1460 3987 5152 4137 END
START 3560 14808 820 2815 8167 5400 END
START 2932 15772 -452 1475 11427 7275 END
START 2372 16940 -1668 -348 14176 9118 END
START 2596 17272 -1664 -2469 17030 10760 END
START 2300 16464 -1036 -5427 19557 12017 END
START 1708 14448 0 -9269 22076 13017 END
START 976 12160 2472 -12808 23665 13083 END
START -592 8444 6784 -16512 24576 12697 END
START -4836 4220 12068 -19044 23728 10578 END
START -9912 -1216 17440 -20823 20535 6306 END
START -9136 -7908 23780 -22430 12450 -3051 END
START -9852 -16332 28280 -19821 9736 -8265 END
START -9940 -25260 28232 -16180 7562 -9894 END
START -8968 -26988 32216 -4574 1847 -5265 END
START -8524 -23528 31800 -605 1212 -6623 END
START -6040 -22860 28416 4296 2623 -7368 END
START -4952 -17464 26416 6298 5162 -10145 END
START -5568 -16704 20196 13378 5281 -9668 END
START -5916 -12288 14304 16183 10088 -9354 END
START -6588 -7444 11132 15744 12189 -10032 END
START -7228 -2176 7900 15839 9962 -10209 END
START -6248 2796 5960 13585 9542 -13297 END
START -3804 6024 3652 12407 9493 -14184 END
START -3760 11140 4268 12788 10145 -13634 END
START -2724 15552 6460 12909 12417 -11871 END
START -3316 18324 9376 9581 14470 -12594 END
START -6468 18952 14028 2689 16387 -12181 END
START -9460 17164 17448 -745 16029 -10971 END
START -15516 17048 21196 -1739 13298 -9233 END
START -17248 15912 21792 -1345 9742 -5205 END
START -16884 17488 26276 -1546 7664 -4557 END
START -15640 15696 26996 -216 1775 -2545 END
START -12736 14532 29124 -2839 -1259 -3249 END