START 3812 -1016 5288 -1493 -1586 1867 END
START 4056 -1640 4224 -1602 405 2161 END
START 4016 -1872 3840 -1875 2280 2730 END
START 3440 -1904 3384 -1907 4105 3093 END
START 2640 -1980 2832 -2024 5492 2681 END
START 2564 -2268 2592 -1170 7186 2355 END
START 2524 -1816 3152 -936 8622 1678 END
START 2596 -1484 3296 -1096 10233 646 END
START 2304 -1208 3360 -793 12167 -140 END
START 1920 -1088 3456 -532 14481 -652 END
START 1484 -652 3304 -193 16833 -623 END
START 708 -540 3860 453 18899 -150 END
START -28 -440 4480 513 20851 188 END
START -1056 -568 5196 138 22111 521 END
START -2204 -80 6568 -236 22595 747 END
START -3396 -772 7140 -292 22887 481 END
START -4120 40 10512 -639 22829 -1430 END
START -5060 1756 10976 960 21293 -3354 END
START -5112 156 13192 2291 22543 -3050 END
START -6580 1360 18952 780 24069 -1896 END
START -9012 2116 21024 1218 23112 -1142 END
START -8664 2384 24032 1750 20867 -1104 END
START -9848 4148 28508 760 20280 661 END
START -11176 4580 32700 2245 17510 1669 END
START -12848 6252 32767 -2477 13558 -2115 END
START -14600 3256 32767 -1592 11509 -2756 END
START -15152 1800 32767 1561 7324 -3158 END
START -14568 992 32767 3064 3942 -3060 END
START -14492 944 32767 4840 1998 -1303 END
START -12672 2412 32767 6986 -221 1403 END
START -12084 3736 32767 7079 -2827 459 END
START -10668 3556 32767 7153 -5387 540 END
START -10184 3508 32220 5581 -6926 -615 END
START -9052 2720 29452 5658 -9514 -1481 END
START -7868 2060 27292 6821 -10767 -866 END
START -6992 1904 25460 6790 -12192 -563 END
START -6312 2316 23216 6540 -13494 -1364 END
START -5308 2276 21344 6894 -14559 -1972 END
START -4356 2028 21100 6753 -15698 -2821 END
START -3724 1448 19320 6431 -15883 -3841 END
START -2376 1204 17732 7330 -16006 -4352 END
START -2120 2208 15896 8797 -15267 -4736 END
START -1224 3624 13408 10225 -14654 -4919 END
START -792 5432 11512 10456 -14120 -4901 END
START -224 6708 9716 9703 -13872 -4821 END
START -1228 8292 8212 8188 -13909 -4771 END
START 384 8552 6840 6588 -13373 -4922 END
START 1232 9136 5760 5387 -13200 -5278 END
START 2112 9368 5804 4997 -12016 -4582 END
START 3304 9760 6152 4623 -9553 -3170 END
START 3240 10348 5472 4629 -6457 -1526 END
START 2104 11188 4304 4594 -3585 -129 END
START 1120 12044 3612 4399 -1196 1035 END
START 580 12604 2800 3686 1966 2515 END
START -224 13320 1608 2177 2828 2806 END
START -352 13768 808 786 4124 4139 END
START -820 13972 696 -1673 6018 5282 END
START -1268 13776 148 -4580 8151 6489 END
START -824 12864 240 -7689 9629 7498 END
START -220 10904 1356 -11095 10589 7986 END
START 392 7500 3156 -14440 11607 8204 END
START 116 4084 5816 -16807 12171 7474 END
START -2552 -652 9732 -17776 13892 5939 END
START -2320 -4872 12304 -17781 12647 2111 END
START -2896 -10464 15284 -17079 10451 -2767 END
START 568 -16328 17024 -12787 9320 -6612 END
START -852 -19108 21812 -6017 9382 -6092 END
START -1664 -18372 22736 -1447 10060 -7816 END
START 44 -17696 20644 3831 10535 -9242 END
START 16 -14224 23192 5735 12167 -11862 END
START 240 -11460 21936 9122 13793 -13103 END
START -1940 -7180 21828 13010 14325 -12948 END
START -4072 -2364 21256 14570 15429 -13930 END
START -7792 1596 19136 14998 15461 -13586 END
START -11812 5404 19768 15227 15436 -10702 END
START -13924 10196 18388 13780 12797 -6932 END
START -17268 15080 20584 11900 11216 -3898 END
START -15996 17984 20084 8456 9043 -3817 END
START -18288 20104 20452 7839 4260 -3177 END
START -17160 20124 20996 1649 2739 -5252 END