START -232 -580 8580 3239 -2024 583 END
START -1484 172 6892 2579 462 610 END
START -2336 728 4256 2939 1015 822 END
START -1472 1080 3920 3040 1880 485 END
START -1280 1812 3340 1912 2848 630 END
START -720 2084 2812 642 3356 1057 END
START -256 1924 2148 -440 3914 1216 END
START 1240 1292 2180 -1955 4824 1278 END
START 1840 740 1872 -2374 5980 1718 END
START 1776 568 2264 -3011 7098 1644 END
START 2244 24 2276 -3191 8531 1830 END
START 3028 -700 2772 -3133 10940 2266 END
START 2264 -704 3328 -2790 13254 2415 END
START 2156 -448 3064 -1467 15466 2793 END
START 1816 496 3252 -1503 17527 2035 END
START 1700 1668 3444 -1482 19723 2042 END
START 1172 3320 3436 -2215 22377 2847 END
START 392 4148 3080 -3894 24598 3238 END
START -1016 3468 2880 -6109 25719 2572 END
START -2756 1792 5412 -8562 24729 1315 END
START -4300 -512 7380 -10621 25071 1430 END
START -5232 584 8736 -10202 21679 744 END
START -2928 -1700 9636 -6663 23311 3014 END
START -1628 756 17736 -6465 25805 4082 END
START -2792 2132 23036 -5275 25907 3443 END
START -5916 900 27424 -8484 26041 1664 END
START -10600 -1612 32767 -8815 24920 90 END
START -17340 -6448 32767 -11681 22648 -2101 END
START -18536 -8456 32767 -9757 15581 -4162 END
START -19452 -13764 32767 6226 8990 5735 END
START -19416 -5588 32767 3902 4413 4313 END
START -17584 -3768 32767 6213 247 1062 END
START -15512 -3516 32767 8246 -4455 -831 END
START -15196 -4076 32767 3942 -5983 -5163 END
START -13500 -6432 32767 8267 -8853 -3300 END
START -12804 -5088 32044 10764 -8879 -1597 END
START -11728 -3376 26988 13014 -10283 -970 END
START -9520 -2304 24216 14330 -11637 -550 END
START -8060 -2720 23688 13115 -11577 915 END
START -7812 -2160 19988 9972 -12461 -990 END
START -7160 -2920 17180 10124 -15606 -3051 END
START -5380 -3732 16564 10039 -15664 -4767 END
START -4340 -3332 14692 11323 -15920 -5473 END
START -2848 -2676 16276 13041 -16352 -5549 END
START -2372 -1916 15624 12636 -14619 -6509 END
START -1612 -292 14192 14309 -14105 -6740 END
START -1212 2020 12688 15053 -12438 -6922 END
START -2348 5352 10544 15904 -10266 -5998 END
START -608 7376 8404 14664 -10708 -4640 END
START 792 9588 8632 13057 -11009 -3560 END
START 2564 11268 9156 11018 -11006 -3031 END
START 4444 12460 8912 9322 -10653 -3023 END
START 2244 13632 9120 8016 -9450 -4078 END
START 2040 13780 7924 7471 -8209 -4402 END
START 1676 13656 7560 6917 -6641 -3557 END
START 1896 13396 6460 5850 -4770 -2425 END
START 1232 13052 5560 4860 -2700 -868 END
START 976 12552 4468 4069 -892 1099 END
START 260 12092 3460 3007 391 3100 END
START -32 12192 3148 2225 1940 5499 END
START -148 12468 2760 456 3940 7343 END
START -196 12244 2584 -1986 5536 8599 END
START -112 11920 2112 -4562 6857 9037 END
START 320 11548 1772 -7757 8192 8988 END
START 744 10560 1268 -10187 9277 8990 END
START 1032 9452 1920 -12982 10325 8772 END
START 876 7332 3504 -15289 12092 8521 END
START 296 4576 5464 -17306 13977 8365 END
START -872 1364 7336 -18505 15309 7483 END
START -2692 -2204 10772 -18747 15071 5734 END
START -6004 -5944 15832 -20036 12611 2761 END
START -5492 -9940 21508 -22816 10726 -2007 END
START -9220 -15236 22704 -21841 9028 -5555 END
START -8620 -19816 22844 -16265 3475 -10565 END
START -2488 -22808 23440 -5946 -938 -12398 END
START -1700 -20932 23928 3442 -244 -9894 END
START 320 -18768 21736 7504 4319 -9805 END
START 5292 -15976 18940 14109 4734 -8517 END
START 2624 -11196 14860 17100 10500 -9688 END
START -1596 -5920 14232 22176 14505 -7532 END
START -2740 664 11840 24719 16397 -5423 END
START -2984 7000 11108 24440 17337 -3081 END
START -5620 14036 12500 20084 17538 -3341 END
START -7528 17404 13196 13701 16178 -5391 END
START -8984 18208 14484 7234 13587 -9079 END
START -10372 17556 15064 3435 10998 -11628 END
START -10464 18460 17528 1409 6816 -11309 END
START -13084 20840 22680 1193 5880 -7403 END
START -13184 21152 26400 -2665 5822 -5098 END
START -15852 20584 27896 -5389 4502 -3577 END
START -15284 17780 28040 -5546 1666 -2160 END
START -10004 12740 26928 -3070 2016 -3243 END
START -12728 13536 27732 -6741 -4247 2139 END