START -476 -1040 500 835 12451 2743 END
START -1836 0 1196 -1018 15305 1707 END
START -2412 184 -532 -1577 17598 1567 END
START -2496 1128 -1756 -2444 19817 1441 END
START -2488 1236 -2468 -3300 22481 2082 END
START -3080 1492 -2896 -3837 24212 2390 END
START -3516 2792 -2484 -4798 25798 3107 END
START -4380 3972 -1896 -6255 28092 4228 END
START -5320 5120 -752 -8664 30436 4619 END
START -5828 5068 308 -12304 32767 2653 END
START -9280 3080 4084 -13140 32537 477 END
START -10652 644 6920 -15127 31236 -2689 END
START -8744 -4536 12632 -13324 28025 -4569 END
START -9840 -6540 27332 -3498 25579 -1439 END
START -9288 -9772 32767 -2008 23680 1786 END
START -14280 -7628 32767 -822 21089 2175 END
START -16552 -8492 32767 2019 19980 4710 END
START -14844 -7772 32767 3689 11672 2915 END
START -21076 -1912 32767 1392 9076 -34 END
START -18620 -3520 32767 11516 4341 336 END
START -19344 -3724 32767 9968 1262 -123 END
START -19300 -3628 32767 8560 -3521 -46 END
START -20252 -4112 32767 8959 -7113 -565 END
START -18068 -3992 32540 11666 -10549 526 END
START -15892 -3564 28816 11456 -11881 -1158 END
START -13592 -3384 24472 13619 -13764 -1590 END
START -11268 -2016 22652 14514 -13959 -978 END
START -9816 -2212 20344 14951 -14082 -786 END
START -7016 -2340 19348 14567 -14406 -244 END
START -7704 -1012 15560 12535 -15657 -2854 END
START -5372 -80 13864 13196 -17186 -2493 END
START -3156 1148 11768 12138 -17601 -3483 END
START -1052 2448 11880 11774 -18916 -4118 END
START 492 3560 12268 9735 -18913 -6282 END
START 1168 4200 12968 8027 -19277 -7905 END
START 2628 4532 11504 6899 -18345 -9096 END
START 3752 5052 9976 7318 -17525 -9769 END
START 5440 5636 8928 8291 -16221 -9769 END
START 6128 6860 7716 9187 -13631 -9287 END
START 5360 8780 5772 9523 -11135 -7819 END
START 4432 11052 4340 9217 -8936 -5706 END
START 3544 13352 3264 7995 -6644 -3536 END
START 2540 15084 2152 6358 -4591 -1349 END
START 2024 17128 1320 5160 -2767 237 END
START 1216 18304 1092 3216 186 1691 END
START 1260 18404 400 818 3073 3108 END
START 1212 18376 164 -1133 5891 4936 END
START 1156 17780 -472 -4012 8523 6318 END
START 916 16536 -560 -6287 10996 7184 END
START 184 14920 -1008 -8607 13447 7245 END
START -608 12732 -1412 -10152 15480 7481 END
START -1092 10576 -664 -11636 17628 8276 END
START -1956 8500 996 -13160 19241 9031 END
START -3176 5992 3548 -14773 20478 8581 END
START -4576 2320 6164 -16938 21291 7480 END
START -8400 -1132 10796 -20130 19859 2783 END
START -11444 -9900 14792 -18666 16990 -263 END
START -14616 -15600 20744 -18375 13195 -5258 END
START -13048 -21764 24972 -14970 8814 -10408 END
START -10936 -25780 28316 -8341 3193 -11869 END
START -7056 -26804 30132 -1337 3297 -13461 END
START -5808 -23604 30136 6344 3630 -9150 END
START -6352 -17196 28120 11734 5115 -10956 END
START -6144 -11068 24852 17120 9174 -11573 END
START -8244 -4584 21544 19675 11888 -11106 END
START -8336 1728 17832 20796 11710 -8775 END
START -9628 7396 15468 18340 11721 -8803 END
START -10448 13004 13772 16710 9971 -10411 END
START -10108 17388 13828 15543 8022 -12930 END
START -11880 20264 16656 12980 7762 -14922 END
START -12424 19920 16212 7040 9046 -12688 END
START -14160 19676 17884 2140 8005 -7164 END
START -15584 20808 19172 -1217 5408 -1013 END
START -16296 21612 20184 -5303 2074 3231 END
START -15756 21476 23324 -8707 -2077 2476 END
START -13760 17440 23392 -11441 -6316 -108 END