START 456 -684 2004 488 16101 28 END
START 692 -280 1724 -22 17472 786 END
START -740 160 2404 230 18237 1435 END
START -944 320 3560 -1201 18898 1235 END
START -1120 300 5008 -3148 19292 -22 END
START -2776 172 6480 -4109 19712 -1023 END
START -3176 704 8572 -3922 20574 -1946 END
START -4588 1632 10584 -4600 23259 -3676 END
START -3140 1700 10828 -1670 23820 -2892 END
START -5640 3856 15196 -2761 24594 -4147 END
START -6540 3416 18872 -700 24458 -2626 END
START -7464 3016 21116 -1607 23962 -2256 END
START -11028 4076 24552 -3042 22167 -3419 END
START -11324 4756 27436 -4145 17808 -4948 END
START -12168 3708 31352 -151 18323 -2047 END
START -10900 4172 32767 3343 16282 -4444 END
START -15040 4716 32767 1567 12330 -3668 END
START -16292 3796 32767 2804 11008 -1485 END
START -16932 1068 32767 2998 8322 887 END
START -16840 1500 32767 4434 2606 2889 END
START -15900 3676 32767 1120 -845 -1722 END
START -13512 1508 31912 1931 -4608 -2742 END
START -10932 1144 31020 4054 -7030 -1817 END
START -9144 1280 28872 4635 -8404 -2663 END
START -8236 1640 27432 5656 -10069 -2484 END
START -7096 1948 27764 4309 -9761 -1805 END
START -7364 1764 24292 5942 -9810 -741 END
START -7104 2708 22904 6673 -11308 105 END
START -6984 3088 20380 6220 -11972 165 END
START -6252 3460 19520 6601 -14042 117 END
START -5324 3268 18832 5152 -14757 -1233 END
START -4488 2332 17808 5470 -16182 -2271 END
START -3628 1868 17448 5093 -16687 -3708 END
START -3044 1564 15020 6538 -16162 -3998 END
START -1964 2644 13640 9742 -15687 -3009 END
START -1276 4312 11780 10850 -14464 -3201 END
START -440 5576 9948 11836 -13449 -2878 END
START 212 6700 8916 11395 -12553 -2706 END
START 524 7548 7736 10464 -11589 -2744 END
START 1008 8168 6356 9759 -10776 -2396 END
START 2624 8512 5624 9756 -10182 -1511 END
START 4204 9292 5628 8752 -8296 -1436 END
START 4292 9300 4148 8354 -5913 -362 END
START 3608 9704 3884 8133 -3949 1419 END
START 3028 10416 3844 7249 -1444 3260 END
START 1432 11468 3468 7079 2925 6372 END
START 816 11616 2812 5523 3575 6614 END
START 500 12260 2848 5246 5479 8244 END
START -164 12916 3048 3480 7827 9157 END
START -456 12892 2388 744 10055 9737 END
START -760 12648 2340 -2049 10546 9892 END
START -648 11664 3308 -5536 10479 8438 END
START -192 9992 4396 -9460 10700 6622 END
START -52 7796 5544 -13047 11406 5064 END
START -156 5096 7104 -15620 12079 3366 END
START -872 1720 8768 -18049 12891 783 END
START -1796 -2096 10544 -19748 13233 -2452 END
START -3116 -6764 12904 -19559 13503 -7215 END
START -3920 -11472 15024 -19382 12670 -14570 END
START -3472 -16168 17168 -11565 11733 -16371 END
START -1984 -17516 21468 -5732 12236 -16238 END
START -1328 -15760 23084 -2376 13841 -17871 END
START -3216 -12480 26816 4227 15069 -16331 END
START -6644 -8640 27500 8086 18160 -16079 END
START -11016 -5512 25648 12349 19076 -15022 END
START -16524 -1200 23352 16050 15055 -12729 END
START -20412 4496 25444 19696 15364 -7229 END
START -20556 10524 21644 20856 9613 -1204 END
START -20528 15200 18516 21607 5435 3420 END
START -17920 16632 19120 8669 5949 -1180 END
START -14872 16108 17712 9884 -1637 -927 END
START -12832 15388 16492 2928 -1880 -3785 END