START 5236 -1240 6220 -3323 -1086 2046 END
START 4688 -1812 7948 -3483 1690 1468 END
START 4164 -2616 6704 -2991 3587 2171 END
START 3252 -2408 6456 -2646 5446 2979 END
START 2308 -2004 6284 -2647 6697 3257 END
START 1544 -2204 6176 -3639 8332 2429 END
START 1304 -2260 5532 -3101 9313 2410 END
START 1064 -1804 5148 -2986 10831 1878 END
START 708 -1176 4384 -2822 13087 1264 END
START 896 -476 3308 -2095 14967 1341 END
START 256 612 3632 -1582 16179 1495 END
START -184 1748 4204 -1606 17813 1606 END
START -564 2024 5764 -3023 19437 939 END
START -1004 1772 7352 -5296 21198 274 END
START -1324 676 8344 -6527 23575 678 END
START -3856 1132 10024 -6442 23371 -367 END
START -5320 -1420 10968 -5544 23891 -689 END
START -5640 -1104 14864 -3647 24049 -51 END
START -7416 -452 18176 -2471 23715 -1572 END
START -6992 -1172 21052 -1937 23176 -1543 END
START -9020 -400 25232 -103 21135 1063 END
START -9432 -1168 27232 225 15403 1624 END
START -11044 -2684 32767 -3475 15923 -24 END
START -10276 -3208 32767 776 14799 -644 END
START -12772 -1304 32767 4238 10165 -666 END
START -14968 -12 32767 6553 8898 -2195 END
START -13332 -1352 32767 10781 4135 1007 END
START -13704 840 32767 8806 1069 -2057 END
START -12036 344 32767 7229 -2473 -3580 END
START -10376 -196 30276 8971 -5031 -1986 END
START -8608 -104 30652 8853 -8019 -1267 END
START -7752 -156 28696 8494 -9100 -2802 END
START -6952 108 26148 10477 -10805 -2207 END
START -5808 736 24272 11387 -11581 -2616 END
START -5496 2016 21764 12009 -12190 -3063 END
START -5584 3152 18924 12856 -12921 -3066 END
START -3128 4224 17436 12151 -12531 -3562 END
START -2128 5332 15848 12268 -13062 -2981 END
START -1060 6384 14952 10303 -12157 -3486 END
START -912 7160 13316 9210 -11256 -3262 END
START -1048 8092 11572 8653 -9731 -2486 END
START 584 7876 10240 8201 -10454 -3202 END
START -64 9428 9836 7438 -9333 -3335 END
START 220 10032 9388 7610 -8301 -2691 END
START -332 10636 9148 7018 -7521 -2080 END
START 80 10432 8928 4855 -6045 -1749 END
START -200 10172 8128 3300 -4616 -95 END
START -596 10068 7532 2243 -3482 2287 END
START -220 10204 7080 1206 -2568 4426 END
START 44 10116 6924 -669 -1398 5234 END
START 236 9904 6432 -1986 -166 5409 END
START 860 9332 6032 -3077 1091 5667 END
START 1060 8872 6256 -3912 2463 5764 END
START 1288 7920 6332 -4934 4311 5758 END
START 1384 6776 6712 -5928 5863 6013 END
START 1664 5752 7336 -7138 7290 6283 END
START 1356 4232 7668 -8592 8592 6240 END
START 2184 1384 7464 -9733 9833 6057 END
START 1044 -1204 9404 -9271 10823 4838 END
START -176 -3992 10108 -10098 9915 1793 END
START -168 -6468 11796 -9733 9018 -1245 END
START -1200 -9020 14748 -8961 9510 -5032 END
START -1580 -11788 17232 -7065 10374 -9905 END
START -2440 -14284 18272 -4673 11772 -14269 END
START -2180 -15740 18284 631 12987 -17072 END
START -2264 -15396 18960 6665 14389 -16963 END
START -2920 -12512 18920 11875 15361 -15117 END
START -7604 -6468 19704 16722 14723 -13040 END
START -11060 -576 20596 20323 17053 -10753 END
START -16152 6752 20784 18878 16634 -11057 END
START -17576 10556 19568 16701 11527 -9969 END
START -19640 14176 21700 14854 7897 -7879 END
START -16740 16356 21564 11420 6062 -7969 END
START -16124 18392 22704 10682 4002 -6298 END
START -16184 18772 21136 6657 1303 -6656 END
START -13728 18804 19448 6142 -966 -3897 END
START -12732 18588 19060 3783 -4225 -1703 END
START -10432 18044 18728 760 -6937 307 END
START -8160 16736 19204 -1736 -9446 985 END