START 6132 -1408 2548 -184 4206 1511 END
START 5808 -1900 3376 -630 7099 745 END
START 5268 -2412 2672 -371 9910 621 END
START 4800 -2836 1704 513 12021 1465 END
START 4060 -2320 1536 545 14511 1476 END
START 2528 -1956 1436 115 16367 553 END
START 1492 -1604 1404 256 18064 -530 END
START 760 -1584 1740 153 19587 -1966 END
START -904 -2088 1880 -458 21462 -3620 END
START -172 -1836 4032 -1484 22500 -4400 END
START -2344 -1880 6056 -869 24496 -3957 END
START -3164 -1136 7044 -677 25916 -4747 END
START -5132 -416 9716 157 26537 -5058 END
START -7144 2984 11340 1763 25844 -4705 END
START -7908 3696 16008 2732 25047 -4685 END
START -10704 6120 20476 801 25277 -3806 END
START -13840 9468 25892 2337 21877 -3129 END
START -17276 10052 32532 -1785 19399 -5034 END
START -17596 8064 32767 -5835 13398 -8036 END
START -11420 6016 32767 330 8246 -3623 END
START -15956 8520 32767 3235 6306 -987 END
START -15200 10420 32767 1192 3445 633 END
START -12036 7076 32767 6381 63 4450 END
START -12652 7600 32767 4786 -1600 3263 END
START -14616 6524 32767 3107 -4968 452 END
START -12756 5748 32767 4316 -8462 1045 END
START -11832 5036 28828 2418 -11014 -168 END
START -8756 3584 25960 4511 -13482 473 END
START -7144 4432 22356 5534 -12945 1733 END
START -5684 4204 21700 5946 -13670 3416 END
START -5176 4536 19792 4186 -12354 2068 END
START -5124 3704 16376 4007 -12455 1798 END
START -4516 3780 14724 3675 -12256 1515 END
START -4280 3396 13188 3238 -12742 706 END
START -4336 2580 12744 2748 -13272 -509 END
START -3292 1692 11720 2728 -13255 -1650 END
START -3068 724 12056 3208 -13671 -2031 END
START -2504 424 11168 3964 -13147 -1771 END
START -1576 868 10640 6195 -12759 -743 END
START -476 2112 10764 7241 -12017 -1068 END
START 848 3092 10084 8313 -11731 -1468 END
START 28 4864 9496 9013 -9597 -1852 END
START 2080 4840 8644 8425 -9872 -3137 END
START 2836 6468 8844 8810 -8652 -3282 END
START 2972 7740 7912 8285 -7178 -4019 END
START 3492 8180 7644 8397 -5993 -3667 END
START 4384 8892 7012 7836 -4700 -3609 END
START 3580 10224 6464 8086 -2729 -2115 END
START 1664 12604 5508 8328 494 228 END
START 1220 14112 5032 7643 2186 2893 END
START 308 15544 5504 5928 4203 5272 END
START -60 16752 5056 3297 6155 6882 END
START 84 17884 4828 -355 7783 8006 END
START 4 17168 3892 -4882 8763 7925 END
START 308 16088 4424 -9696 9267 6092 END
START 1052 13592 4300 -13227 9323 5179 END
START 1028 11416 6056 -17003 10613 4893 END
START 560 8172 6820 -20451 12413 4155 END
START -224 4200 7180 -21379 13411 2664 END
START -2916 168 9880 -20605 16970 659 END
START -3580 -2508 10620 -20349 13064 -4527 END
START -1504 -8756 12120 -18035 12581 -7255 END
START -1464 -11976 16940 -17140 12339 -10005 END
START -2596 -14208 18652 -15243 12153 -13668 END
START -3012 -14688 22336 -9164 12338 -16324 END
START -1736 -13248 23356 -538 12303 -15715 END
START -2684 -9952 25088 7120 14641 -15212 END
START -7288 -5136 26380 12567 15428 -14154 END
START -11640 -668 24636 16466 18120 -7772 END
START -11564 4948 21668 20307 17868 -4906 END
START -17692 11228 20820 17868 11778 -979 END
START -17728 14692 21216 14015 6666 517 END
START -14312 16520 23880 11582 4077 -1364 END
START -11616 15656 21572 4808 889 -4073 END
START -10940 14012 20628 3207 -1727 -4072 END
START -8900 12276 20320 2153 -1781 -3022 END
START -7636 11648 19840 2259 -1882 -985 END
START -7428 10768 19096 1340 -2311 -198 END