START 1772 -1500 4232 -264 4570 268 END
START 1832 -1472 4980 -538 6149 565 END
START 2244 -1644 4820 741 7057 1720 END
START 2516 -1376 4556 -15 8362 1830 END
START 3144 -1096 4268 -172 9477 2687 END
START 3468 -348 4652 -1098 10238 2560 END
START 3504 112 4784 -2492 11397 1781 END
START 3696 436 4500 -3279 12548 1147 END
START 4004 456 4512 -4222 14432 -175 END
START 3820 480 4900 -4718 16142 -1367 END
START 3356 456 5424 -5067 18939 -2496 END
START 2700 100 5776 -5343 21558 -2953 END
START 1616 -132 6416 -4726 23805 -2544 END
START 388 -72 8920 -4252 25224 -1426 END
START -2192 516 10616 -4730 26228 63 END
START -396 1788 13336 -5478 27515 -601 END
START -4692 1696 19348 -2867 26827 1567 END
START -7384 2464 19980 -3816 27369 -183 END
START -10192 3716 22176 -3631 25459 -2531 END
START -12028 3212 27844 -3431 22461 -4441 END
START -13728 828 32767 -3584 19997 -3672 END
START -16652 744 32767 -5151 13399 -5608 END
START -17596 -144 32767 -1025 12017 -2464 END
START -17296 -2404 32767 5282 7768 760 END
START -15200 -3520 32767 8288 5405 1816 END
START -14968 -264 32767 10232 590 2666 END
START -13976 1144 32767 7567 -2441 -1533 END
START -11068 -888 32300 8981 -5500 -1418 END
START -9476 -1620 30252 10515 -7873 -374 END
START -8320 -1904 27040 10078 -9333 -2190 END
START -6056 -2000 24328 12707 -10678 -916 END
START -5588 -1444 23576 12542 -11610 -664 END
START -5188 -972 22356 14005 -13053 -679 END
START -4752 432 21316 12847 -14217 -2312 END
START -4108 892 18364 12269 -15027 -4600 END
START -2012 2008 16444 13125 -15892 -5730 END
START 216 3548 13908 12966 -16145 -6384 END
START -4 5852 13172 14343 -14448 -6153 END
START -216 7848 11124 12318 -12187 -6400 END
START 1128 9364 10268 11699 -11712 -5141 END
START 1380 10196 9112 8792 -10292 -5036 END
START 1660 9904 9072 7204 -8914 -4427 END
START 1188 9684 8756 6555 -8024 -2523 END
START 148 10264 8612 6108 -6417 -163 END
START -1876 11248 7772 5451 -4597 1530 END
START -3200 11920 6636 4814 -3034 2502 END
START -1912 11920 6328 5239 2225 6130 END
START -3336 13176 4896 2378 -1245 3656 END
START -1472 12064 4488 1130 -1241 3645 END
START -528 11272 4224 -1446 164 4076 END
START 384 10540 3988 -3512 1855 4865 END
START 1164 9644 3824 -5272 3563 5552 END
START 2120 8632 4124 -6920 5895 6233 END
START 1836 8196 4864 -8979 8164 6350 END
START 2000 7056 5432 -10948 10055 6652 END
START 1524 5848 5796 -13683 12064 6614 END
START 1852 4392 6600 -16731 13952 5742 END
START 148 2104 8200 -18129 15900 5609 END
START -2220 -276 9936 -18810 18076 3361 END
START -4136 -3484 11984 -18931 16263 -952 END
START -5204 -7528 15228 -19400 13907 -6441 END
START -5708 -12400 17224 -16361 11335 -10488 END
START -5584 -15672 19452 -10351 8532 -12711 END
START -1680 -15940 23232 -4989 8201 -12179 END
START -2816 -14024 25772 1200 9688 -9866 END
START -3896 -10616 26848 6835 11904 -9032 END
START -7060 -5060 24428 8817 11705 -10158 END
START -8788 -2456 25920 13014 12194 -9895 END
START -11500 348 24476 13939 11591 -9541 END
START -13164 2576 22480 13064 9061 -9865 END
START -14112 5168 21184 16437 2883 -7989 END
START -12420 9824 22916 12593 6028 -10095 END
START -14664 12272 21276 14282 2364 -6344 END
START -12832 15080 23824 9906 3784 -6805 END
START -13608 15144 20540 7628 489 -6561 END
START -11620 14648 19548 5747 -1520 -4969 END
START -11384 13708 19688 4028 -3402 -3343 END
START -9272 12452 20120 351 -3908 -1503 END
START -9296 11932 20204 62 -5874 2260 END