START 980 1896 4980 -989 -7162 6378 END
START 3040 1380 7532 -3241 -6646 4476 END
START 2716 544 5680 -3281 -6031 3840 END
START 3728 -404 4996 -4459 -3640 2791 END
START 4048 -932 3500 -3854 -765 2055 END
START 4488 -1528 2992 -2339 1495 1351 END
START 5084 -2088 2948 -910 3482 1348 END
START 5100 -2632 2840 -675 5864 2445 END
START 4624 -2740 2488 -428 8121 3678 END
START 3908 -2360 2184 -301 10660 4214 END
START 3096 -1488 1476 -301 13066 4173 END
START 3372 -1064 1292 -354 16233 4293 END
START 2000 280 1008 -9 18000 4485 END
START 1300 1452 504 -498 19445 3538 END
START 1080 2068 832 -1045 20290 2393 END
START 644 2196 2400 -2218 21956 1217 END
START 1352 1900 4152 -4008 26300 977 END
START -1408 124 5652 -5084 26154 -57 END
START -2312 -1192 6464 -5261 27197 293 END
START -3556 -916 8196 -4000 27900 1132 END
START -5296 -720 10312 -3062 28203 1483 END
START -5420 1956 12348 -2060 26303 -684 END
START -7392 244 16428 -1927 27256 -687 END
START -9328 688 22300 -5427 26814 -281 END
START -9768 788 26888 -5707 23841 -2810 END
START -10420 -660 32656 -4780 19421 -3946 END
START -12436 -3060 32767 -5371 15577 -4146 END
START -8376 -9088 32767 -534 14376 -3421 END
START -15968 -11860 32767 4394 12171 1690 END
START -17912 -7820 32767 10818 9064 5435 END
START -19336 -2416 32767 12204 4088 1420 END
START -16752 1360 32767 12009 -1530 -2311 END
START -13824 1460 32767 9201 -6289 -3982 END
START -9236 944 32767 8719 -9455 -2484 END
START -8672 292 32767 6431 -10817 -2291 END
START -8316 -564 30748 6512 -12209 -2785 END
START -8356 -1288 28584 8357 -14036 -3976 END
START -7868 -1216 25412 9742 -14952 -4804 END
START -7300 -404 21680 10848 -15931 -5199 END
START -5820 704 19000 11381 -16440 -5526 END
START -3980 1556 16160 12628 -16658 -5063 END
START -2104 2256 15280 12414 -16989 -4710 END
START -2004 3692 14780 10933 -16107 -5051 END
START -1468 3968 12652 9864 -16043 -5149 END
START -388 4428 9580 8814 -15448 -6232 END
START 320 4940 8048 8567 -15277 -7101 END
START 968 5608 7448 8479 -14856 -7802 END
START 1884 6360 6488 8329 -13430 -7250 END
START 2608 7240 5860 8418 -11520 -5737 END
START 2704 8360 5276 8427 -8991 -4219 END
START 2220 9708 4876 7680 -6534 -2549 END
START 2320 10196 4680 6734 -4146 -842 END
START 2360 11028 4476 5076 -2368 339 END
START 2852 11176 3968 3184 -1138 1026 END
START 3128 11312 3900 1666 71 1634 END
START 3120 11460 3972 454 1666 2200 END
START 2412 11760 4208 -797 3721 2765 END
START 1824 11960 4548 -2111 5957 3370 END
START 864 12048 4848 -3666 8000 4535 END
START -484 11748 5008 -5888 9548 5872 END
START -1332 11096 5276 -8372 10790 7079 END
START -1456 9888 6116 -10985 11346 8152 END
START -1496 8252 7316 -14067 11759 8240 END
START -1300 5544 9176 -17306 12281 7689 END
START -2252 2852 10236 -19848 11844 5882 END
START -940 -3688 11676 -20026 12646 5016 END
START -2788 -7576 15612 -17220 11939 3208 END
START -2756 -12552 18024 -16743 11431 -1782 END
START -3548 -16744 18976 -13729 11522 -7605 END
START -2460 -19656 19868 -6753 10296 -10757 END
START -2432 -20248 21316 559 11189 -11778 END
START -1956 -18328 21312 6766 13440 -11292 END
START -2244 -14472 21576 12249 14217 -10896 END
START -3448 -9200 22180 16472 14177 -9265 END
START -7924 -3600 23228 17809 15037 -7983 END
START -11756 3128 23036 19695 12798 -6813 END
START -13396 7724 23760 15694 12556 -9472 END
START -16136 9848 22080 13064 4881 -12753 END
START -14716 12600 23544 11041 5286 -11935 END
START -15780 14928 23616 9329 3618 -9126 END
START -15524 17412 24136 8485 2271 -4712 END
START -14396 19056 23364 5782 864 -1626 END
START -12732 19632 22360 2630 -2274 349 END
START -10580 18280 22880 1301 -4021 2280 END
START -9312 16448 22744 -1631 -6067 2928 END