START 5304 -4952 4544 -4394 -2067 -1980 END
START 4176 -4624 4872 -2671 774 -2026 END
START 2920 -4588 4128 -419 3104 -1521 END
START 2388 -4492 3044 1343 5588 -1004 END
START 1420 -3888 2676 2430 7654 -367 END
START 680 -3532 1688 3188 8884 225 END
START -112 -2688 1320 3911 9648 1371 END
START -272 -1452 1388 3035 11495 2123 END
START 2020 884 916 3267 17807 5472 END
START -1936 3316 100 2236 16251 5064 END
START -336 4364 -1084 630 17182 6393 END
START -772 5440 -488 -1720 18792 5939 END
START -944 4596 1144 -5032 19170 4004 END
START -456 2520 1916 -8702 20009 1212 END
START -1536 944 3724 -10740 20292 -1007 END
START -1856 -484 4692 -11004 21477 -1789 END
START -3688 -932 7344 -9310 22529 -1788 END
START -5612 172 10204 -8099 23287 -1087 END
START -6972 764 12716 -9271 23432 -1859 END
START -6136 -464 17428 -9288 22742 -3394 END
START -6252 -4020 22332 -4542 21175 576 END
START -6740 -4560 26568 -9353 23353 -1315 END
START -10792 -5592 26344 -2825 22980 915 END
START -10100 -5764 31896 -462 20933 1049 END
START -7124 -6560 32580 2066 20898 -888 END
START -13308 -6516 32767 9979 13749 5335 END
START -14348 -2108 32767 10955 11202 3885 END
START -15004 -424 32767 5907 8855 -3711 END
START -16484 -940 32767 10309 4393 -4612 END
START -15148 -208 32767 12817 -18 -2990 END
START -14624 1608 32767 8642 -1495 -3607 END
START -12628 784 32767 11311 -4952 -2167 END
START -11176 2224 32767 11377 -8722 -1394 END
START -9364 2696 31496 10824 -11410 -2784 END
START -8556 1836 30880 10720 -13396 -4289 END
START -6936 900 27392 12222 -13826 -3585 END
START -5892 1552 24688 13195 -14605 -2407 END
START -5684 3140 20884 14624 -14110 -1148 END
START -4368 5192 19196 15315 -14905 415 END
START -4020 6980 16060 13531 -15360 845 END
START -2032 8580 16756 12372 -16891 -459 END
START -1676 8224 14864 8341 -17087 -3012 END
START -1316 7872 12488 7589 -17016 -3445 END
START -1008 8124 10220 7148 -15936 -3975 END
START 3432 7676 7852 7009 -13792 -2387 END
START -904 10388 6964 5979 -13383 -2460 END
START -356 10332 5868 5626 -12439 -2154 END
START 212 10400 5328 4763 -10237 -1631 END
START 304 10288 4456 4638 -7929 -223 END
START -96 10344 3776 4483 -5278 1680 END
START -352 10636 3084 4128 -2753 4016 END
START -708 11244 2268 2957 -499 6370 END
START -644 11760 1656 1350 1210 7858 END
START -420 11812 1100 -1063 2496 8554 END
START 132 11672 652 -3577 3771 9096 END
START 676 11344 716 -5435 4664 8850 END
START 884 10724 960 -7638 5922 8455 END
START 1136 9304 1772 -9809 7752 8445 END
START 1372 7340 2512 -11873 9752 8393 END
START 1384 5072 3456 -13183 11874 7962 END
START 956 2756 4708 -14554 13884 7058 END
START 4 304 6076 -15793 15401 5347 END
START -684 -2096 6976 -15963 16036 3989 END
START -1976 -5540 9872 -15960 15896 1298 END
START -5100 -10044 13084 -15940 14216 -3003 END
START -6888 -15320 17964 -12788 13764 -7572 END
START -6852 -20076 20172 -10476 11133 -12046 END
START -5916 -21564 23840 -4306 10127 -14311 END
START -5292 -20140 25860 3250 9482 -13285 END
START -4608 -16880 26152 10002 11075 -12124 END
START -5056 -10812 25160 15923 11847 -10877 END
START -6740 -2388 25036 19618 12701 -9831 END
START -9840 3408 24084 21690 12511 -8266 END
START -10056 6356 22012 19254 11587 -3920 END
START -11708 11116 22416 21237 8558 -959 END
START -12392 15384 22868 8868 8484 -1228 END
START -16084 18240 20956 10743 3140 2870 END
START -13964 19428 21464 2518 2863 -1163 END
START -13172 18612 19656 1769 -850 -2393 END
START -10744 17992 21932 669 -3266 -3970 END
START -8524 15352 21716 -2730 -3847 -4204 END