START 4408 3880 5012 7272 2302 3703 END
START 3704 4712 4668 5824 4616 4091 END
START 3168 6112 4448 5430 7025 4667 END
START 2780 6920 3936 3276 9415 4754 END
START 2340 7544 3892 462 11433 4304 END
START 1712 7416 3584 -3200 13028 3726 END
START 3692 7008 3148 -6506 16805 4152 END
START 692 5968 2796 -9416 15921 2811 END
START -1360 4736 1312 -11672 18126 2322 END
START -3012 4148 1992 -11653 20182 1783 END
START -2944 2376 2980 -13242 20223 -928 END
START -4200 400 4432 -14326 22196 -2170 END
START -4948 -2380 4900 -15292 22507 -3973 END
START -4868 -3872 6828 -14113 22467 -5475 END
START -3828 -5400 9372 -10566 23066 -4430 END
START -7216 -2516 12976 -8589 22095 -4149 END
START -6028 -2568 14216 -1390 23477 719 END
START -6508 -776 16092 -2021 26853 1605 END
START -7904 1664 20144 -1352 26109 -756 END
START -10732 2876 22340 -1687 23706 -3381 END
START -7540 272 25096 1135 21283 -2230 END
START -8932 3428 30528 1921 19553 -1524 END
START -12068 4584 32767 3299 17977 -247 END
START -8820 4752 32767 5309 16229 2814 END
START -17336 6540 32767 8621 12891 6824 END
START -16880 7748 32767 11013 5071 8303 END
START -18764 8972 32767 -3283 5020 -4299 END
START -18168 2688 32767 -562 -2525 -4208 END
START -17972 2520 32767 3034 -6285 -2532 END
START -14036 1800 32767 5209 -9562 -673 END
START -10980 3496 31808 6833 -12318 1193 END
START -9156 3736 29684 4405 -13179 -412 END
START -8244 2396 26460 4535 -13840 -807 END
START -7128 1412 24612 3540 -14799 -2086 END
START -6272 -508 20676 4268 -14206 -539 END
START -5652 -1476 19548 6487 -15447 838 END
START -4560 -352 17220 7064 -15430 -264 END
START -3496 568 15992 9366 -16206 228 END
START -3120 2352 15328 8269 -15756 -380 END
START -1972 2188 13604 7453 -16500 -1423 END
START -1252 2196 14684 5423 -16724 -3709 END
START -312 1808 11932 5992 -16655 -4713 END
START 752 2440 9700 7714 -15841 -5378 END
START 2004 3436 8520 10103 -14670 -5018 END
START 4004 5760 7424 11523 -12618 -4109 END
START 1860 8632 6916 12061 -9645 -3012 END
START 808 10468 5800 10416 -6994 -2263 END
START 588 10780 4908 8093 -5067 -2057 END
START -140 10832 4564 6453 -3669 -1124 END
START -308 10684 3352 4752 -2596 819 END
START -568 11400 2932 3223 -1517 2806 END
START -620 12300 2572 1480 -28 3934 END
START -344 12288 2972 -152 1599 4526 END
START -496 12412 2728 -1404 3064 4801 END
START -380 11988 2824 -2975 4962 4480 END
START -60 10720 3108 -4498 6751 4887 END
START 68 9684 3680 -6203 8526 5824 END
START 256 8440 4400 -7885 10141 6658 END
START 156 6756 5404 -9934 11650 7105 END
START -420 5284 6204 -11638 12731 6600 END
START -1704 3076 7316 -13201 13647 4629 END
START -1248 -496 8788 -13721 13477 1919 END
START -3128 -4988 12384 -13814 12700 -2108 END
START -5588 -8752 14232 -13162 10191 -8265 END
START -5560 -14820 16488 -8561 8835 -10763 END
START -4884 -15764 19096 -4590 9210 -12154 END
START -2908 -16060 19668 -697 9033 -12693 END
START -3396 -12168 22768 4888 8507 -11854 END
START -3476 -8864 22440 9512 10404 -11370 END
START -4492 -2524 22924 12970 11665 -10511 END
START -8104 3716 21924 15296 12575 -10702 END
START -11788 9172 23040 16783 12938 -7977 END
START -10316 13400 23076 16874 12655 -8255 END
START -13652 15496 20156 13290 11007 -4122 END
START -10480 17020 22480 8809 8348 -901 END
START -12304 21832 24712 7708 6852 1230 END
START -15272 22596 22976 2236 4265 1367 END
START -14112 20636 24688 315 -162 -60 END
START -12828 18696 24772 -1898 -2059 -2109 END