START 4816 92 3672 838 2340 -724 END
START 4128 24 3616 1463 3442 -328 END
START 4340 -468 2032 805 5457 188 END
START 4380 -328 1784 554 7410 1207 END
START 4216 248 1564 307 9037 2383 END
START 3948 1000 1408 -860 10996 3007 END
START 2508 2120 1424 -2000 12782 3027 END
START 2228 2556 832 -3547 14682 2395 END
START 1508 2740 1140 -5246 16170 1294 END
START 1284 2156 1168 -6516 18038 636 END
START 1272 964 1676 -7225 20587 865 END
START 836 -8 2524 -7532 22980 1715 END
START -624 -700 3652 -7962 24351 2438 END
START -2064 -1048 4892 -8720 25498 2304 END
START -3840 -1140 7436 -9049 26042 1665 END
START -5656 -1480 11492 -9763 26697 779 END
START -10700 -420 13720 -11107 24061 -2214 END
START -11484 -3296 15924 -8892 25895 -1248 END
START -9600 -4036 19956 -6581 24975 2392 END
START -11452 -2744 25436 -4518 22522 3333 END
START -12000 -2508 31192 -5521 20353 2971 END
START -12052 -3008 32767 -6306 17664 2083 END
START -20016 -1060 32767 -6494 14044 1110 END
START -10984 -7360 32767 4131 11479 7398 END
START -14800 -5076 32767 674 7893 1549 END
START -17844 -6008 32767 -503 4329 -4745 END
START -14420 -9432 32767 3191 3 -5883 END
START -12820 -10736 32767 7450 -2922 -3680 END
START -10904 -8984 32767 9859 -5585 -3739 END
START -8512 -8016 32767 12348 -7583 -2319 END
START -8160 -5996 32344 13199 -8776 -2618 END
START -7140 -4932 28192 14119 -10792 -3901 END
START -6168 -4396 27036 15214 -12151 -4544 END
START -5480 -4380 25160 15678 -13422 -5401 END
START -4972 -4092 22608 16825 -13856 -5802 END
START -4644 -2240 19268 17943 -15028 -6495 END
START -3456 1048 16480 18676 -15569 -7222 END
START -2844 4456 14292 18755 -15481 -7898 END
START -3152 7216 11516 19836 -14065 -6809 END
START -1268 8328 9608 18269 -12611 -6087 END
START -2108 10716 7604 16444 -9558 -5145 END
START -1436 11312 4736 14671 -8287 -3841 END
START -1772 13468 4252 13493 -7000 -1792 END
START -1020 14628 2948 11088 -5020 -7 END
START -384 15436 2000 9218 -3987 2271 END
START -624 16132 1760 6459 -2248 2663 END
START -912 16084 1276 3898 -1268 3112 END
START -552 15468 556 941 41 3526 END
START -300 14552 800 -858 1017 4313 END
START -188 13676 1308 -4010 2026 4308 END
START 460 12072 1084 -6881 3446 4678 END
START 1092 10376 2052 -9806 4925 5166 END
START 1324 8396 2552 -12361 6572 5875 END
START 1264 6320 3188 -14746 8114 6163 END
START 444 4000 4060 -16797 9520 5822 END
START -252 1872 5756 -17978 10497 4376 END
START -1604 -1776 8360 -18564 11511 1445 END
START -4560 -4632 10452 -19333 10421 -3647 END
START -6452 -10152 11636 -14909 13352 -3511 END
START -2772 -13660 13244 -12061 12411 -4478 END
START -2684 -15084 16524 -8577 11895 -7301 END
START -2884 -14668 19964 -4470 11513 -9189 END
START -2352 -14456 22112 801 12478 -10019 END
START -2816 -11512 23852 5117 13055 -11263 END
START -3704 -6768 25248 9752 14387 -12296 END
START -6528 -3100 25112 12085 13523 -14878 END
START -6468 504 23740 13323 17231 -10260 END
START -15724 6856 22320 15886 15147 -8671 END
START -17460 9676 22000 12617 13171 -6348 END
START -17460 15508 20804 11901 9134 -870 END
START -19328 20104 21804 7315 3667 1558 END
START -17064 20284 24048 1997 122 148 END
START -13016 17444 23884 -2030 -2146 -1461 END
START -10404 14488 23832 -2942 -3970 -987 END
START -8740 12212 24828 -2404 -4651 1095 END
START -7920 10756 24696 -2338 -4295 3113 END
START -7404 9420 23724 -1807 -3630 5279 END
START -6248 8432 22500 -1648 -3398 5753 END
START -7552 7884 22156 -834 -3855 7782 END
START -7620 6980 21844 -1651 -5108 7560 END