START 3392 -4840 5368 -1975 -2285 -431 END
START 3440 -4660 5448 -984 214 -818 END
START 3372 -4808 4152 910 2199 -66 END
START 3384 -4444 3380 2159 4045 961 END
START 2708 -3784 2560 3037 6163 2252 END
START 2588 -2996 1604 3717 7294 3285 END
START 2492 -1864 1648 3592 8613 3633 END
START 2524 -1252 1380 3239 10056 3582 END
START 2232 -636 1256 2495 11644 2836 END
START 1680 -696 2184 2297 16276 2699 END
START 1364 -40 1408 1235 16222 382 END
START 772 -932 1012 1395 17519 -444 END
START 1172 -1232 1384 2377 20095 -83 END
START 1436 -720 2844 2779 22602 195 END
START 928 -416 4736 2576 24714 782 END
START -92 536 6632 1489 26343 1863 END
START -1392 1432 7996 -166 27755 2094 END
START -2244 1420 9492 -2415 28652 1383 END
START -5700 1448 11840 -4874 27048 -2367 END
START -6368 -868 13044 -2939 25349 -2651 END
START -5932 1400 21508 -2243 24760 -1710 END
START -8168 3560 26032 -399 24619 -1623 END
START -9784 4968 32767 -1038 22815 -2626 END
START -12868 2912 32767 -3591 21510 -2786 END
START -14464 2332 32767 -9007 17676 -4136 END
START -23452 560 32767 -8075 13702 -3429 END
START -19764 -5472 32767 7719 8790 4055 END
START -17708 -2692 32767 8387 4454 4092 END
START -16220 1124 32767 9460 -555 2162 END
START -13492 3004 32767 6783 -3144 -623 END
START -12376 2240 32767 5339 -6189 -1645 END
START -11576 1432 32767 4231 -8494 -1805 END
START -10884 -216 31212 5090 -10492 -643 END
START -10424 -556 27716 5488 -12271 -142 END
START -9660 -1032 24632 6175 -14079 72 END
START -8764 -1576 23752 7308 -16282 -439 END
START -7728 -1364 20796 7362 -16899 -2047 END
START -5996 -1464 17472 9884 -17266 -2132 END
START -4744 -280 15636 11328 -16655 -1823 END
START -3148 896 12592 11728 -16020 -1137 END
START -3960 2592 13120 11451 -15680 -1541 END
START -2640 2344 10428 9779 -15954 -2232 END
START -1824 2632 10192 8067 -16168 -3703 END
START -316 2332 8024 8252 -15882 -5167 END
START 940 2484 7164 9601 -15306 -5708 END
START 608 4064 6372 10911 -14465 -5803 END
START 3156 5600 5300 10832 -12324 -6506 END
START 3416 6968 4832 11347 -9394 -5188 END
START 4096 7188 4300 10159 -6202 -3409 END
START 3808 8752 3996 10353 -3761 -380 END
START 4084 10416 4124 9145 -1512 2338 END
START 3820 12188 4540 7784 588 4463 END
START 3652 13468 3940 5291 2686 5936 END
START 2688 14380 4076 3203 4217 7520 END
START 1948 15244 4100 -202 6188 7680 END
START 1544 14668 3920 -3265 7669 7054 END
START 3488 13576 3380 -6077 8530 7226 END
START 1740 11884 5860 -8940 8675 6574 END
START 1464 9944 6532 -12717 9976 6149 END
START 1176 7320 7516 -15365 10727 6230 END
START -152 3916 8636 -16885 11056 4838 END
START -1100 308 11624 -17199 12401 2711 END
START -1332 -4224 12852 -16967 9810 -1048 END
START -1048 -8696 16652 -15581 7091 -4766 END
START -1676 -12632 19736 -14831 9753 -9515 END
START -380 -17584 18828 -8588 9200 -10160 END
START -960 -18944 18564 -3700 10530 -11073 END
START -1204 -19376 17540 3097 11355 -11827 END
START 324 -17208 18768 8810 13371 -11954 END
START -1452 -12776 17684 14118 15510 -11402 END
START -2980 -6344 17748 18035 15978 -11810 END
START -5548 700 19052 20734 15849 -11625 END
START -9032 5244 20872 18620 16221 -14901 END
START -11232 6684 19044 14355 14795 -16472 END
START -16964 9744 19364 13795 13274 -12157 END
START -19656 12560 19788 11492 10321 -8173 END
START -21760 16040 20276 9059 6165 -5397 END
START -20924 18276 20460 7180 2179 -5149 END
START -15996 18512 19624 4111 -820 -6851 END
START -14868 17804 20692 3858 -1807 -5633 END
START -8444 16064 20888 2771 -3753 -2839 END
START -7840 14672 20860 1719 -1466 268 END
START -7256 14688 19968 764 -2593 2768 END