START 1632 -2488 2084 5328 6508 -219 END
START 1596 -1976 -16 5833 7711 1618 END
START 1356 292 948 4652 10186 1919 END
START 1336 696 636 3519 11873 2789 END
START 1012 1768 608 2560 13658 3724 END
START 204 2292 -84 795 14769 3386 END
START 800 1680 -528 -739 17516 3852 END
START 320 1512 -1144 -1328 20863 4847 END
START -1376 2476 -996 -733 23517 5785 END
START -2468 3684 -232 -716 25899 6215 END
START -3320 4892 984 -1550 26752 4884 END
START -5228 5672 2224 -6606 29481 679 END
START -5352 3052 2576 -9499 27660 -1278 END
START -5760 1924 4368 -11617 26731 -569 END
START -5600 704 6928 -10755 24412 1263 END
START -4732 -368 11380 -11084 22141 2054 END
START -5920 -792 18944 -14828 23912 -308 END
START -9980 -1488 22788 -15487 20249 -5061 END
START -6596 -7184 27140 -8516 20175 -1941 END
START -7412 -6308 32767 -7443 19866 -1357 END
START -8576 -6096 32767 -5225 14879 -1754 END
START -10604 -5100 32767 228 15548 2049 END
START -16592 -6364 32767 2947 10092 1893 END
START -16084 -2620 32767 7939 8235 3236 END
START -18996 -2848 32767 10588 6007 4436 END
START -19040 -356 32767 6651 2013 411 END
START -18012 -632 32767 4739 -1766 -3538 END
START -14668 -1944 31416 7452 -5272 -1687 END
START -12044 -2704 30540 7818 -6907 708 END
START -10240 -2436 29444 7302 -8790 1319 END
START -10120 -2280 27812 5620 -9920 -537 END
START -9608 -3088 26164 5154 -11677 -2482 END
START -9172 -3896 22916 5329 -12517 -4561 END
START -8068 -4564 19700 7526 -13022 -5094 END
START -7548 -2920 16876 10281 -9941 -3487 END
START -6024 -3056 15008 11219 -11897 -5234 END
START -7428 -3132 15188 11834 -11593 -5689 END
START -8156 -4184 14008 11376 -11335 -5618 END
START -7756 -4148 13820 13711 -11597 -2996 END
START -7636 -2300 12728 15546 -10319 -1195 END
START -6940 752 10004 18699 -10501 -722 END
START -3128 3140 9412 18933 -11046 -1039 END
START -4704 7724 8024 16922 -13288 -3593 END
START 908 7324 7636 14789 -15450 -4678 END
START 2212 8712 7800 10977 -15035 -6111 END
START 5488 8616 8096 10358 -16568 -6582 END
START 7092 9532 9172 9220 -14871 -7934 END
START 8192 10452 8228 9384 -12083 -8258 END
START 7072 12172 6836 11406 -8284 -6241 END
START 4400 16744 6436 13250 -3637 -3459 END
START 2188 20188 6200 12528 722 8 END
START 332 22288 4652 9867 4070 3212 END
START -792 22836 2428 6412 6390 5583 END
START -1668 22164 1484 2867 7431 7466 END
START -1536 21612 -164 -1956 8393 9502 END
START -952 20664 -788 -7294 9590 10065 END
START -44 17740 -704 -12593 10274 8046 END
START 388 14376 -1056 -16972 11794 6520 END
START 80 11376 -452 -20481 14114 5411 END
START -556 6888 48 -22131 16965 5419 END
START -1280 3132 2316 -22119 19376 5138 END
START -4484 -656 5796 -22153 21991 4362 END
START -8336 -2824 9336 -22901 20314 1468 END
START -9532 -8736 12540 -22361 17293 229 END
START -12160 -14004 19720 -20872 12482 -2226 END
START -11460 -18708 22736 -19817 7413 -6217 END
START -9736 -19788 25768 -14725 799 -10262 END
START -8192 -21336 27148 -11835 -86 -14518 END
START -4572 -22420 27584 -3540 -359 -12266 END
START -2476 -18848 27356 3522 1736 -12565 END
START -2808 -12736 22468 9953 4389 -10663 END
START -3620 -9360 23180 16598 8454 -7825 END
START -5256 -4112 19120 20646 11010 -4612 END
START -6340 2144 17764 19765 12611 -4336 END
START -6680 5268 15724 19259 10579 -6438 END
START -6976 8344 14580 15067 6785 -11172 END
START -7124 10296 15476 12325 6767 -11851 END
START -8688 12668 16016 9254 5880 -11155 END
START -10412 14624 17808 6197 4296 -10120 END
START -12500 14468 18804 2702 4844 -9695 END
START -13332 14600 19468 651 3860 -7689 END
START -14128 15856 20084 -781 3555 -4228 END
START -14692 15996 21332 -3187 2528 -2722 END
START -15676 14096 22572 -3621 -719 281 END
START -14404 14220 22844 -5365 -3637 1689 END
START -16344 13580 23436 -4614 -5665 4418 END