START 1108 992 5712 -5514 4228 5529 END
START 1132 720 5816 -5362 4239 5893 END
START 2472 824 6532 -6493 5541 5030 END
START 3464 532 6364 -6567 6833 4659 END
START 3804 776 6628 -6726 8616 4444 END
START 3820 584 6060 -7180 11088 4640 END
START 3448 0 5724 -7300 13169 5682 END
START 2472 184 5716 -7587 14910 6750 END
START 1004 284 5000 -8313 17148 6879 END
START 340 344 5364 -8431 18159 6312 END
START 48 372 6456 -8787 18758 5451 END
START 256 -68 7436 -9312 20374 4794 END
START 328 -2092 9416 -9254 22436 5036 END
START -1772 -968 10500 -10777 21259 3912 END
START -2868 -3608 11376 -7170 23696 6981 END
START -3892 -3280 12832 -8923 26462 7465 END
START -4832 -3052 14140 -7420 27361 6079 END
START -5460 -2392 18528 -5937 24239 4022 END
START -5992 -3300 21140 -7174 23432 1655 END
START -8304 -4720 25512 -7044 21524 786 END
START -7404 -6480 27848 -8262 19921 -305 END
START -10576 -5980 30996 -7862 16785 438 END
START -11948 -11532 32767 2371 16201 7677 END
START -16092 -7112 32767 -630 12226 4776 END
START -17524 -7884 32767 -3031 8276 -2299 END
START -14624 -8744 32767 1633 1613 -3143 END
START -16212 -8860 32767 1304 -1888 -5175 END
START -14764 -9816 32767 6189 -6504 -3151 END
START -13844 -10044 32767 6338 -7919 -4997 END
START -12144 -10000 31348 10996 -10791 -2388 END
START -10884 -8348 27916 11424 -12097 -3032 END
START -8344 -8460 23800 14470 -14125 -2696 END
START -7716 -7008 21464 15331 -14484 -2529 END
START -5908 -5900 18928 15527 -15416 -3842 END
START -5120 -5592 17164 16352 -15869 -4701 END
START -4064 -5644 16476 15169 -16196 -6239 END
START -3292 -5252 13124 16032 -15518 -7063 END
START -2312 -4056 11772 18105 -15292 -6789 END
START -1044 -1852 10352 18929 -13937 -6893 END
START -600 456 9572 19345 -12857 -7023 END
START 3240 1780 8828 18147 -11331 -7246 END
START -388 4060 8252 16331 -10738 -9341 END
START 660 4988 7840 15728 -10314 -9884 END
START 1440 6040 7484 15160 -8931 -9179 END
START 2600 7728 7688 14600 -7457 -7658 END
START 1892 9184 7496 14325 -6450 -6009 END
START 728 10820 7556 13909 -4331 -4440 END
START -1044 12800 7532 13899 -2310 -2007 END
START -2448 15064 6476 12546 -421 -289 END
START -2408 16284 5048 10256 413 1099 END
START -1936 16980 4040 7791 657 2856 END
START -848 16948 3592 4362 886 3593 END
START 420 16128 3408 552 1405 4098 END
START 1096 15120 3756 -2594 2777 5154 END
START 2728 13832 3632 -6494 4211 5318 END
START 3236 12348 4068 -8506 6820 6743 END
START 3404 10832 4828 -11639 9394 6994 END
START 3048 9084 5812 -14172 11907 7835 END
START 2080 6844 7120 -17079 14699 8399 END
START -160 4848 7976 -19018 16265 8122 END
START -4600 1768 10704 -20367 19254 6748 END
START -6580 -1536 11836 -22144 15832 1069 END
START -6492 -9008 14012 -23044 12544 -4604 END
START -4952 -14276 17808 -21408 9183 -9254 END
START -2732 -18356 19636 -17839 6751 -13157 END
START -32 -19872 21804 -8572 5353 -13515 END
START -272 -18540 23736 -2989 6328 -11834 END
START 580 -15976 25648 3148 9617 -11800 END
START -1416 -12896 23808 7354 6471 -14126 END
START -1076 -8676 23660 12598 14794 -12731 END
START -3484 -6076 19800 17056 18227 -12673 END
START -8016 276 20052 16107 17715 -8697 END
START -13008 5960 19304 19494 14093 -5061 END
START -13620 10696 20776 15459 11041 -3596 END
START -16296 15548 20432 11698 7573 -3080 END
START -15752 16620 20476 6514 3357 -3717 END
START -15064 17296 21844 3457 1137 -5017 END
START -13420 15656 20744 1283 -651 -4340 END
START -11456 14776 20840 -93 -4091 -3975 END
START -8296 12572 23456 -777 -3065 -1863 END
START -9380 11680 23892 -1580 -1811 217 END