START 3016 -1000 5800 2022 -1619 3370 END
START 3136 -188 5856 2001 375 3324 END
START 3008 -280 6192 1614 5472 3973 END
START 1488 244 3612 348 4152 2307 END
START 2364 -488 3600 371 5376 2027 END
START 2144 -384 4136 -76 7090 1093 END
START 2184 -452 4008 31 8484 609 END
START 2360 -596 3692 -272 9898 504 END
START 2376 -404 4308 -373 11400 385 END
START 2100 -184 4244 -463 13051 -34 END
START 1724 -52 4704 -461 14848 -711 END
START 1384 -192 5552 -612 16325 -1331 END
START 724 -180 6108 -792 18474 -1417 END
START -248 -144 6756 -949 20058 -1286 END
START -1084 340 6768 -1069 21140 -1819 END
START -1640 772 7316 -779 21948 -2220 END
START -2076 1616 8616 -144 22288 -2239 END
START -964 2544 11372 -804 21833 -2078 END
START -4196 3192 14892 -3078 23965 -4420 END
START -5260 2016 17556 -628 24635 -1916 END
START -6304 1888 16672 -200 24721 6 END
START -8724 5264 20532 1530 23473 -268 END
START -8780 6176 24100 2332 19736 -66 END
START -10908 6044 29488 1897 17500 295 END
START -12332 5500 32767 -4129 17053 -2107 END
START -14892 3924 32767 -2415 9933 -4230 END
START -14144 3980 32767 -5 10779 -6190 END
START -14908 1756 32767 3839 5336 -3441 END
START -13588 3148 32767 5616 3086 -2180 END
START -12536 4368 32767 8124 954 507 END
START -12384 5520 32767 9152 -1359 1774 END
START -11924 6148 32767 8744 -3506 2252 END
START -11216 6476 30208 8295 -5606 2727 END
START -10344 6188 27152 6807 -7743 2342 END
START -9204 5404 24568 6059 -10031 2092 END
START -8004 4528 23104 4562 -12073 885 END
START -6756 2288 21352 3372 -13986 -914 END
START -5624 128 21908 3006 -15564 -1896 END
START -5240 -1252 19344 3704 -15019 -3288 END
START -4104 -1912 16292 6820 -15344 -3481 END
START -2728 -552 14604 9494 -14431 -3533 END
START -1588 1348 12216 11355 -13167 -3610 END
START -688 3040 11448 12103 -12286 -3489 END
START -56 4232 11764 10507 -11655 -3875 END
START -1324 5016 11244 9300 -11085 -3357 END
START 636 5556 9536 8001 -10360 -3956 END
START 748 7260 9248 8413 -9828 -3258 END
START 1208 8304 8568 8371 -8719 -2986 END
START 972 10192 8024 8405 -7485 -2112 END
START 1196 11648 7084 8002 -6046 -1484 END
START 1656 13220 6936 6970 -4113 -1104 END
START 248 14900 6584 5693 -2151 -78 END
START 552 14640 6208 3177 -764 517 END
START 364 14304 5856 346 438 1156 END
START -208 13612 5372 -2334 1173 2351 END
START 60 13092 5368 -3912 1736 4403 END
START -20 12944 5440 -5581 2921 5513 END
START 52 12084 5620 -7132 4456 5812 END
START 180 10804 6060 -8410 5904 5850 END
START 408 9076 6500 -9540 7607 5785 END
START 344 7260 7020 -10795 9055 5691 END
START 852 4840 7560 -11564 10294 6108 END
START -3088 3116 9716 -11258 14325 6130 END
START -1068 1284 8392 -12052 12191 4088 END
START -800 -2848 8956 -12262 13263 1878 END
START -1576 -5596 10676 -10391 12194 -459 END
START -2328 -7948 12264 -9397 11748 -5675 END
START -2152 -10932 13516 -8224 11424 -10503 END
START -1972 -11644 15496 -4689 11744 -13050 END
START -344 -11668 17432 -2022 15230 -15475 END
START -2512 -9864 18732 4168 16564 -13945 END
START -6696 -6376 19308 8152 15027 -13564 END
START -8620 -1236 22524 11001 17244 -9419 END
START -16484 4488 24916 12629 15797 -6066 END
START -19512 10148 25008 13538 10852 -4375 END
START -26188 16196 22896 10217 5455 -1751 END
START -20680 18188 25940 8134 4217 -2579 END
START -18800 19672 27480 8836 760 -1402 END
START -15700 19124 26848 5592 -1890 -549 END
START -13068 18076 26316 3350 -4727 617 END
START -10480 17152 25516 2207 -5452 2127 END
START -9540 15604 24364 973 -7301 2686 END
START -8292 14164 24548 -1620 -7974 3327 END
START -7180 10864 23564 -3201 -8083 3849 END