START 2824 -2052 4492 4006 813 868 END
START 2076 -1892 4180 2968 2579 510 END
START 2488 -1180 3160 3014 5590 2120 END
START 2068 -592 3336 2248 5208 2276 END
START 2640 232 3140 1487 6783 3054 END
START 2296 840 3772 343 8433 3184 END
START 2088 1236 3304 -652 10393 2960 END
START 1824 1528 2544 -1623 12498 2299 END
START 1500 1892 2100 -2522 14438 1550 END
START 1032 1844 1592 -3144 16623 960 END
START 1048 1936 1768 -3210 18970 307 END
START 980 2172 2228 -3337 21097 16 END
START 856 1732 3412 -3846 23130 189 END
START 276 2020 4988 -4530 26028 1847 END
START -1516 2664 6392 -5333 27011 3396 END
START -4196 3268 8072 -7782 28295 2914 END
START -4628 2904 8440 -9679 27841 1310 END
START -5708 1892 12800 -10874 27329 -3315 END
START -7852 -1436 17616 -6968 24988 -2986 END
START -8492 -2588 19980 -6176 24110 -3215 END
START -11504 -3184 25452 -4052 20021 -2829 END
START -12524 -5224 31620 -2566 16887 1447 END
START -14908 -4024 32767 -5520 17620 1411 END
START -19652 -2172 32767 -3588 10044 288 END
START -16088 -5116 32767 4070 6508 -5 END
START -15268 -3532 32767 9659 1481 636 END
START -14684 -860 32767 9319 -152 -3899 END
START -12732 -1220 32767 12727 -2849 -3843 END
START -13232 -1336 32767 14625 -3215 -2575 END
START -12748 -1452 32767 17592 -6517 1873 END
START -11436 1916 30196 17481 -8206 3042 END
START -9508 3228 28464 15828 -11093 2323 END
START -6304 4436 28912 14131 -14320 527 END
START -5396 2828 26764 11178 -16562 -1612 END
START -4880 1420 26224 9262 -18421 -3099 END
START -4608 996 23556 8616 -18859 -4274 END
START -3512 1104 20980 10724 -19461 -3542 END
START -3124 3024 18188 11444 -19191 -3234 END
START -1892 5036 14680 12287 -18976 -2770 END
START -572 6268 12788 13164 -18007 -1743 END
START 3148 8996 11248 10163 -17750 -3989 END
START 2792 10340 9408 9364 -15837 -4328 END
START 1940 10372 7492 6746 -13772 -5195 END
START 2080 10268 5552 5546 -12259 -5582 END
START 2388 9544 4336 4742 -9863 -5187 END
START 2904 8408 3372 3914 -8053 -3987 END
START 3260 8092 2104 3034 -5445 -1997 END
START 2956 8708 1544 3376 -4031 1067 END
START 2984 9848 924 2762 -1289 3150 END
START 1648 11436 1024 1922 1968 4823 END
START 276 12508 928 412 3758 4602 END
START -316 12368 656 -1065 5513 4029 END
START -968 11552 332 -2822 6633 3360 END
START -1184 10344 560 -4746 7856 3163 END
START -1024 8968 936 -6874 9549 3670 END
START -1012 7340 1452 -8670 10591 4251 END
START -1292 5708 2916 -10563 11528 4395 END
START -1520 3832 4144 -12569 12539 3642 END
START -652 964 6128 -13941 13058 2284 END
START -1972 -2124 9136 -14970 12196 -513 END
START -3140 -6928 12680 -16020 11478 -4167 END
START -5688 -11216 15292 -16993 9273 -10181 END
START -2452 -16308 15992 -9505 10399 -11402 END
START 328 -17244 18460 -2312 11388 -11204 END
START 1868 -14844 20196 3136 12908 -12048 END
START 1628 -11008 23188 9457 15696 -12243 END
START -1100 -6216 25412 12668 17221 -14878 END
START -3844 -1820 24048 16204 22055 -14893 END
START -9884 1112 22948 18638 21499 -16867 END
START -13740 3700 24548 20238 19077 -16233 END
START -17976 8188 22816 19458 17405 -9921 END
START -20156 16152 21792 20060 12149 -448 END
START -22368 23900 22684 15918 7795 4918 END
START -20364 28444 22412 10445 3554 5890 END
START -15604 27400 23408 1237 -2593 2054 END