START 1292 -1476 15928 -2458 -2657 2301 END
START 1576 -2456 19364 -3239 -3999 393 END
START 1132 -5136 19952 -3552 -4854 -1482 END
START 1368 -7380 20264 -2437 -5635 -3145 END
START 684 -8552 17908 -1106 -4970 -4618 END
START 184 -7836 15724 4562 -5608 -2944 END
START 1480 -5240 15640 7479 -4898 -2833 END
START 2072 -2400 13732 8908 -3443 -2464 END
START 1252 436 12512 8360 -1676 -2650 END
START 1448 1928 11240 7191 -609 -2453 END
START 1760 2944 9980 6230 402 -2036 END
START 1832 3408 9100 4857 1397 -1898 END
START 1660 3756 8028 3437 2237 -1813 END
START 1712 4272 7376 2522 2828 -1658 END
START 1912 4412 7368 1557 3593 -1685 END
START 2228 4932 7084 30 4970 -2324 END
START 2092 5060 6900 -1531 6002 -2964 END
START 1764 3148 7852 -2346 6686 -4013 END
START 1100 1064 7936 -2810 8163 -4414 END
START 0 360 8036 -2640 9444 -5043 END
START -364 44 7892 -1805 10149 -5521 END
START -408 -516 8212 -825 11132 -5222 END
START -20 -600 8288 -428 12807 -4768 END
START -52 444 8016 251 14047 -3564 END
START -264 1968 9504 -546 15755 -4290 END
START 64 1460 9160 3006 17215 -408 END
START -540 1996 8420 2193 18916 212 END
START -1536 3204 10832 764 19854 -1221 END
START -1896 3360 12708 -820 19233 -3631 END
START -2216 2036 14308 -3343 19086 -6416 END
START -1944 628 16036 -3245 19380 -6667 END
START -3236 432 17104 -1972 20753 -6259 END
START -5056 1028 17140 -629 21702 -4967 END
START -7600 3076 18636 -156 22255 -4141 END
START -10348 4520 21272 -1504 21351 -5202 END
START -13424 3460 24648 -4323 19266 -7527 END
START -14592 1680 25656 -4050 15189 -10080 END
START -13940 468 29824 -2053 12454 -13230 END
START -13920 832 30268 1590 7497 -14416 END
START -12424 836 32767 3574 8160 -14710 END
START -14504 2584 31972 6759 8028 -12889 END
START -16136 2624 30956 8043 8678 -9965 END
START -16672 1880 25496 10111 9296 -9015 END
START -18128 2968 24488 10438 3505 -6794 END
START -16336 5364 23880 9307 -2423 -890 END