START 512 -5040 17052 -1301 -11040 523 END
START -624 -5404 19276 -100 -10366 -649 END
START -412 -6216 18484 56 -11491 -1856 END
START -284 -7412 18064 649 -12383 -3015 END
START 96 -7540 16876 1935 -12589 -3994 END
START -1260 -7372 16024 5032 -12101 -3745 END
START 1476 -5980 14188 5842 -10223 -4518 END
START 752 -3776 12300 8835 -9736 -3720 END
START 1068 -1936 10128 10291 -7858 -3195 END
START 1748 -320 8644 10060 -5660 -3026 END
START 1612 908 6804 9286 -3205 -2567 END
START 2136 1776 5396 8600 -813 -2007 END
START 1936 2868 4104 7933 900 -1332 END
START 2328 3444 3096 6673 2397 -875 END
START 2624 4160 2892 4887 3197 -1958 END
START 2988 3628 2212 2644 4315 -2332 END
START 2832 3612 2248 1094 5816 -2455 END
START 2852 3764 2668 41 7528 -2311 END
START 2552 3028 3188 -855 9983 -2522 END
START 2448 2592 3124 -1607 12290 -2850 END
START 2076 1800 3424 -2086 14082 -3561 END
START 1784 1156 4104 -2500 15609 -4167 END
START 1704 876 5204 -3141 17182 -4982 END
START 1288 292 6572 -3643 18343 -5584 END
START 596 -172 8432 -4064 19163 -6050 END
START 648 -1176 10660 -4228 20424 -6655 END
START -3180 -1084 11720 -4669 18488 -9777 END
START -1000 -3488 10960 -1543 20665 -8854 END
START -1184 -3496 16132 747 21516 -6700 END
START -2924 -2348 18984 505 22113 -8789 END
START -4736 -812 19852 1199 20847 -10594 END
START -7032 752 21764 2118 19845 -12317 END
START -8112 2696 24548 3453 19736 -12462 END
START -10836 5780 28064 6950 17162 -9979 END
START -15040 8916 30580 2205 11275 -17574 END
START -15100 2416 30836 2318 11950 -16380 END
START -17820 3496 30172 4039 11459 -11458 END
START -17896 6736 27952 10567 9753 -1848 END
START -17380 11380 27412 11248 7410 2462 END
START -15064 13940 26128 10155 4075 4561 END
START -12068 15280 25732 5330 191 1768 END
START -12548 14008 23896 1988 -1598 114 END