START 504 -6872 16544 -5422 933 -1962 END
START -228 -9296 19804 -4009 546 -4609 END
START -416 -10740 20532 -975 -66 -6527 END
START 464 -11568 20316 3543 342 -7223 END
START 864 -9764 20236 8896 1118 -6119 END
START 736 -6988 19728 13016 2321 -4788 END
START -12 -3132 18860 16144 2677 -3577 END
START -1820 1092 17636 16008 3321 -3689 END
START -2876 4192 16168 14839 3083 -3313 END
START -3728 6376 14596 13002 2373 -2671 END
START -3708 8508 13244 10645 1392 -2173 END
START -3012 9908 12132 7808 834 -2083 END
START -1968 10460 11040 5086 517 -1817 END
START -752 10852 10256 2402 706 -1228 END
START 16 10824 9980 363 1700 -650 END
START 648 10440 9260 -1102 3163 207 END
START 808 10260 8752 -2189 5293 1077 END
START 800 9328 8160 -3071 6983 1338 END
START 848 7776 8224 -4136 8194 985 END
START 720 5800 8924 -5213 9288 666 END
START 300 3664 9300 -6361 10542 372 END
START -388 1436 9712 -6806 10900 -66 END
START -856 -460 10736 -6943 10833 -1275 END
START -588 -3024 11080 -6860 10811 -2601 END
START -60 -4600 12320 -6665 10555 -3962 END
START 84 -5340 13344 -5584 11178 -4864 END
START 616 -5876 13496 -3594 12114 -5958 END
START 924 -5524 14180 -1576 13646 -7406 END
START 288 -5300 15164 1278 15242 -7720 END
START -584 -4784 15944 4139 16450 -7552 END
START -2848 -3204 18068 4690 16603 -8842 END
START -5460 -2580 19956 4964 16204 -10811 END
START -7404 -2244 20432 5886 15957 -12318 END
START -9468 -404 20508 7803 15347 -11999 END
START -12812 3660 21220 9260 13479 -10669 END
START -13756 7632 22388 9505 11131 -8826 END
START -15568 9948 24320 7068 8616 -10210 END
START -14076 10280 25508 5079 5984 -9782 END
START -16224 10444 26360 4071 5479 -9246 END
START -15640 10488 26288 5551 4746 -6757 END
START -14856 11008 26512 6814 4044 -4277 END
START -14232 11060 24712 6599 2970 -2446 END
START -12948 11188 22228 6803 5 891 END