START -1984 4772 13668 -5862 -6597 3533 END
START -1764 4820 13588 -5762 -6457 3847 END
START -1036 4476 13116 -5938 -7666 2692 END
START 436 3412 12472 -6731 -7490 2306 END
START 1080 2620 12188 -6463 -6971 2473 END
START 932 2656 11516 -6601 -5279 2860 END
START 892 2424 10452 -6661 -4554 2239 END
START 308 1932 9644 -5914 -3753 2145 END
START 28 1736 9156 -5215 -2610 1825 END
START -272 1280 8480 -4679 -1336 1149 END
START -356 348 7036 -4273 -131 477 END
START -136 -492 6280 -4070 505 -141 END
START 448 -1352 5744 -3856 1239 -606 END
START 836 -1760 5632 -3461 2176 -331 END
START 1120 -2016 5680 -3410 4028 -44 END
START 1500 -2260 5320 -3289 6071 -97 END
START 1940 -2540 5016 -2786 8207 -512 END
START 2268 -2884 4272 -2145 10730 -1023 END
START 2580 -3364 3920 -1115 13442 -1508 END
START 2132 -4128 4428 79 15892 -1972 END
START 968 -4380 5652 658 17734 -2722 END
START -488 -4996 7136 846 19153 -4217 END
START -2468 -5208 8536 505 19656 -5780 END
START -3952 -5876 10872 1007 20481 -6964 END
START -4580 -5048 12076 -314 19594 -11169 END
START -7304 -5960 14976 1749 18260 -12877 END
START -8808 -7744 16356 1199 17005 -15781 END
START -10260 -8364 18472 2567 14422 -19093 END
START -12224 -8164 20088 6389 12121 -18862 END
START -12720 -5316 22340 9739 11472 -18343 END
START -13112 268 23624 14011 10157 -16257 END
START -11764 9004 23428 15688 7685 -15159 END
START -16932 16316 27232 14764 4105 -13778 END
START -15508 19120 26716 12561 320 -19893 END
START -15476 15780 26144 5717 -1786 -25254 END
START -15940 16080 22116 4991 -3038 -19777 END
START -14844 19476 24124 10441 -4111 -9344 END
START -11480 22148 24056 10296 -3131 -2887 END
START -10544 23520 23104 7996 -678 -919 END
START -9700 22928 21168 6791 -1412 565 END
START -8392 20312 20508 3797 -2429 261 END