START -1872 -9676 18900 2524 -6395 -4824 END
START 332 -9904 19728 4246 -5949 -5370 END
START 212 -8708 19660 7386 -5101 -5192 END
START 76 -6968 18188 10134 -4145 -4959 END
START -644 -4856 16952 11747 -3152 -5182 END
START -916 -2340 15112 12995 -2478 -4929 END
START -1568 156 13680 13221 -2006 -4258 END
START -1956 3008 12232 12366 -1536 -3514 END
START -2408 5264 10856 10417 -1228 -3116 END
START -1900 6732 9544 8094 -1546 -3213 END
START -1884 7684 9124 5766 -1313 -2746 END
START -1144 8084 8168 3796 -397 -1987 END
START -444 8852 6716 2113 1232 -1151 END
START 952 9660 5472 968 3231 -213 END
START 2108 10060 4656 -48 5561 795 END
START 2832 10476 4360 -1589 8073 1635 END
START 3220 9540 3788 -3665 11278 1684 END
START 3084 7492 4908 -5505 13680 1643 END
START 1752 5184 7088 -8450 15357 1215 END
START 296 2348 8516 -11066 15654 95 END
START 2380 -712 10104 -13371 16816 -2482 END
START -548 -4576 12012 -13213 13736 -7958 END
START -184 -9120 12780 -8753 11713 -9333 END
START 60 -9792 15676 -5288 12391 -9986 END
START 272 -9364 16960 -2496 13407 -10768 END
START -132 -9080 17376 1187 14116 -10981 END
START -2180 -7856 18620 4179 14649 -10879 END
START -4400 -5584 19408 7293 15603 -10029 END
START -6912 -1148 20276 10324 15425 -8981 END
START -9836 2932 21128 11182 14672 -9312 END
START -11084 7596 20616 11611 13751 -7654 END
START -12360 11024 21064 12564 11682 -6890 END
START -13252 13100 21332 10707 9778 -6825 END
START -13396 14408 22272 8012 8373 -7363 END
START -13020 14676 21064 5113 5631 -7979 END
START -12100 14084 23080 5953 4987 -5108 END
START -11008 12944 23740 4657 3181 -4756 END
START -8432 13696 24388 3188 -591 -5244 END
START -8336 11120 25800 2929 -401 -2646 END
START -9092 10636 25920 2111 -1498 -407 END