START -356 -1276 9836 1466 -5622 -897 END
START -388 -1604 9960 1194 -4051 -1070 END
START 496 -1132 8648 3027 -3601 -184 END
START 1712 -580 7884 2670 -1814 168 END
START 2268 -88 6924 2667 232 1443 END
START 2208 716 6060 2771 2003 2696 END
START 1848 1736 5884 2592 3578 3501 END
START 1372 2496 5328 1587 5211 3297 END
START 1232 2760 4804 458 7075 3144 END
START 780 3296 4568 -399 8723 3221 END
START 468 3720 3980 -521 10247 3070 END
START 696 3472 4008 -1339 11706 2088 END
START 460 3080 4076 -2891 12996 1503 END
START -160 2420 4216 -4228 14408 1571 END
START -768 1428 4428 -5594 16009 971 END
START -740 548 5232 -5658 17040 1308 END
START -1128 -160 6052 -5695 18339 1650 END
START 1272 -160 8468 -6493 21094 -492 END
START -1564 -1432 9840 -4326 20652 676 END
START -2336 -4032 11076 -4114 21355 228 END
START -3344 -5504 14280 -4045 21589 -2039 END
START -5648 -7180 15792 -2709 20496 -5442 END
START -6236 -9596 18032 -417 19190 -7696 END
START -6932 -10924 21056 1490 17309 -9767 END
START -8384 -11284 24264 3860 14217 -12045 END
START -9204 -10264 25836 5971 9663 -15028 END
START -8784 -8084 27636 5965 9255 -17714 END
START -10656 -4628 27704 8364 11024 -17481 END
START -13476 -940 25764 11298 10950 -16316 END
START -13936 3612 24372 14053 10676 -16297 END
START -12628 7328 21548 15824 5582 -16506 END
START -11968 9736 24784 17212 7119 -12785 END
START -15896 13580 23532 14432 6252 -9740 END
START -16980 15468 23484 10039 5608 -7012 END
START -17200 17252 21988 8135 4342 -3100 END
START -17280 18580 20628 6375 2723 -811 END
START -16260 17360 20516 4597 -557 -1427 END
START -12176 14580 19276 15 -4247 -3096 END