START -1348 -6668 18476 1530 -4333 -1226 END
START -1516 -6192 19332 3430 -5159 -1279 END
START -1588 -5696 19788 4130 -5490 -2247 END
START -1744 -5648 20132 5474 -6229 -3704 END
START -2052 -5440 19500 6253 -6113 -5650 END
START -1648 -4736 18204 8446 -5921 -6452 END
START -804 -3308 17204 10853 -5520 -6391 END
START -540 -1132 15828 12916 -4866 -5868 END
START -524 1112 14288 14444 -3866 -4812 END
START -888 3732 12824 15166 -2696 -3657 END
START -1468 6340 11304 14429 -1788 -2561 END
START -1892 8804 9828 12341 -1537 -1293 END
START -1396 10880 8212 9456 -1249 -447 END
START -408 12092 6428 6406 -361 235 END
START 328 12820 5372 3985 451 896 END
START 1232 13316 4836 1145 1758 905 END
START 2824 12920 4792 -1928 3075 891 END
START 3860 11492 4184 -4369 5186 974 END
START 3936 10016 3976 -6582 7813 1178 END
START 4056 8136 4632 -8113 10590 1205 END
START 3852 6292 5668 -9940 12736 1104 END
START 2788 4072 6284 -12067 15144 121 END
START 1072 2052 7000 -13651 16181 -1646 END
START 424 -872 7116 -13457 16850 -2371 END
START 1988 -1244 10224 -12538 15993 -5184 END
START 3092 -3180 12712 -11209 14521 -7714 END
START 692 -3584 17892 -11349 15999 -10479 END
START -1016 -5908 18220 -8779 16523 -11183 END
START -3436 -6544 19812 -6736 16994 -12469 END
START -5432 -6860 19500 -2400 16837 -11180 END
START -6496 -5040 20672 2569 16426 -8491 END
START -8216 -604 22236 7198 15273 -5942 END
START -9068 4588 23172 7954 12884 -6500 END
START -11976 6060 25636 6726 11654 -7168 END
START -13192 6976 26344 6626 10515 -9202 END
START -14372 6936 24160 6740 8647 -8592 END
START -13756 7468 22472 7001 7413 -7107 END
START -10600 8852 22048 7419 3016 -5318 END
START -10212 9100 24564 8404 3018 -1154 END
START -10468 11344 24548 6449 536 130 END