START 3812 716 10372 1755 -5164 1438 END
START 4424 1128 10340 1680 -3049 1833 END
START 4848 1900 9704 1618 -2142 3652 END
START 3960 2524 9588 595 -615 5093 END
START 2948 3376 9060 -884 863 5422 END
START 776 3496 8676 -2026 3316 5422 END
START 460 3364 7968 -4448 2117 2622 END
START 1500 2264 6424 -5473 2690 765 END
START 2100 1096 5564 -5875 3947 -455 END
START 2356 304 5108 -6228 5738 -930 END
START 3004 -880 4564 -5043 8538 348 END
START 2368 -776 3900 -3556 11045 1962 END
START 1532 -424 3160 -2969 13652 2589 END
START 432 156 2248 -2768 16131 3116 END
START -288 464 2332 -2812 18158 3477 END
START -1328 640 2884 -3898 19947 2944 END
START -680 -72 3048 -6009 21976 2088 END
START -2908 -1796 5500 -9033 19519 -1817 END
START -3056 -5016 6596 -7845 19982 -893 END
START -2632 -7504 9432 -7735 20101 -2186 END
START -4016 -9528 13752 -8129 20495 -6692 END
START -5640 -11464 16068 -4684 19775 -8884 END
START -5772 -12560 18788 -1507 19476 -10876 END
START -6272 -13488 21748 2088 18536 -11652 END
START -7980 -12920 25040 3584 17737 -13004 END
START -10728 -10608 27112 6887 15059 -12591 END
START -14220 -7716 28976 8988 13835 -14424 END
START -15248 -4604 27344 10744 11152 -16910 END
START -15696 -952 27156 15095 8911 -16542 END
START -14004 2836 27160 17204 7266 -16061 END
START -11088 7680 24692 17797 3742 -16315 END
START -10620 10232 25872 19746 7320 -12785 END
START -11884 14016 23252 18792 7974 -11648 END
START -13408 16328 22688 17906 9156 -7464 END
START -15468 17244 21276 15070 7457 -6088 END
START -16688 16188 20776 10120 4546 -6074 END
START -16400 15808 18912 6872 1246 -4211 END
START -14220 16476 18424 6612 -3358 221 END
START -11812 16228 18656 3899 -7588 1062 END
START -8828 14856 17896 859 -7059 1857 END