START 1776 936 10688 -2912 2175 5213 END
START 396 292 12932 -5431 3340 2819 END
START 1904 -1096 13368 -7302 1600 1069 END
START 92 -4092 14632 -8282 1131 -1704 END
START 212 -6352 14908 -8024 -78 -3772 END
START 116 -8520 14720 -6430 374 -6005 END
START 1596 -9752 14840 -2199 921 -6486 END
START 1944 -8828 15388 1802 1807 -5804 END
START 2408 -6440 15008 5783 2771 -5262 END
START 2972 -4528 14800 8490 4769 -4646 END
START 1364 -2420 15884 10755 5990 -3313 END
START 16 -512 14084 11027 7875 -3969 END
START -1956 1436 12140 10690 7864 -3959 END
START -3168 3864 10608 9822 7679 -3326 END
START -3732 5200 9176 8486 7987 -2447 END
START -3672 6464 8360 7164 8164 -1419 END
START -2880 7764 7496 5884 8648 -675 END
START -2000 9120 7020 4701 9803 -508 END
START -1000 9748 7084 3407 11111 -229 END
START -640 9580 8556 1524 12114 -29 END
START -1084 8336 9792 -1682 13333 -810 END
START -2308 6196 11172 -5399 14295 -1498 END
START -3388 3472 11564 -6969 14294 -2619 END
START -4580 -316 11484 -6962 13584 -4061 END
START -3656 -2256 14008 -4945 13452 -5960 END
START -2552 -3396 16340 -2207 12493 -7007 END
START -1956 -3692 19536 -962 13015 -8062 END
START -2080 -4012 21600 397 14149 -8998 END
START -3368 -3912 22336 1978 15070 -9945 END
START -6008 -3696 22428 4328 15864 -10458 END
START -9076 -2584 22496 7181 15690 -9756 END
START -11488 592 22940 9352 13035 -8166 END
START -14732 3672 23700 11591 12365 -6317 END
START -15580 7452 24096 11557 8983 -4173 END
START -15720 12192 26728 10680 6876 -3527 END
START -15812 14136 26432 8032 4746 -4453 END
START -16188 14136 25684 5313 2785 -5522 END
START -15000 13788 24208 3799 1148 -5279 END
START -12136 13364 24152 4072 114 -4876 END
START -9052 11592 21624 4131 -5087 -4011 END
START -7208 9268 21912 3392 -4121 -934 END
START -6692 9760 22140 2485 -5530 1885 END