START -2728 -5236 19856 -5346 -4031 169 END
START -2796 -6156 22140 -3523 -6183 86 END
START -2428 -5896 23284 -2564 -7001 -263 END
START -1788 -6508 24316 -965 -8553 -752 END
START -1308 -6348 24428 -59 -9224 -1529 END
START -832 -6032 22936 1450 -9104 -2262 END
START -316 -5380 21396 4214 -8974 -2406 END
START 128 -4500 19216 6260 -7756 -2534 END
START 696 -3360 16956 8643 -6850 -1775 END
START 812 -1620 15484 9423 -5828 -1325 END
START 908 44 12940 9529 -4886 -1094 END
START 896 868 11284 8183 -4029 -1661 END
START 876 1288 9628 7377 -3928 -1652 END
START 736 2020 8720 6292 -4047 -1848 END
START 1072 2044 8576 5296 -3445 -2271 END
START 1224 1720 8556 5077 -2188 -2003 END
START 1364 2048 8180 3394 -894 -3469 END
START 1708 1640 7500 2559 -229 -5034 END
START 1884 1652 7524 1729 898 -6208 END
START 1916 1132 7128 1238 2490 -6515 END
START 2108 396 6340 1159 4325 -6645 END
START 1780 64 5968 2018 6317 -5568 END
START 1376 372 5664 2731 8689 -4063 END
START 636 1332 5092 3238 10743 -2922 END
START 472 2200 4456 3012 12412 -2791 END
START -40 3144 4072 2064 13768 -3399 END
START -348 3904 3936 663 14824 -4191 END
START 160 4088 4584 -440 15714 -5312 END
START -2632 4960 6128 -2716 16311 -7942 END
START -1632 4056 6964 -2191 17793 -6917 END
START -1880 3580 8028 -2423 20323 -5777 END
START -2784 3360 9160 -2179 22670 -6129 END
START -4056 3468 10120 -891 23772 -5687 END
START -5656 4236 14284 -895 23417 -5382 END
START -7776 3436 17612 -2786 23563 -6922 END
START -7900 2196 20372 -4241 19902 -9232 END
START -10968 2084 25804 -3613 17791 -12741 END
START -12368 740 27076 -6600 11193 -19889 END
START -11952 -2048 30460 -5074 9453 -20607 END
START -13732 -3708 32767 -4693 5956 -22415 END
START -13704 -5732 32767 -300 4343 -17856 END
START -11680 -3980 32356 6264 4179 -9802 END
START -14256 200 31468 10636 4924 -2055 END
START -14828 6144 31556 12512 3262 698 END
START -15116 10084 30004 10411 121 -159 END
START -13532 10192 27520 8344 -4678 -2710 END
START -10012 8636 26900 5251 -6179 -5157 END