START 3740 -5580 14740 5552 -8047 -1716 END
START 2380 -5680 16348 3533 -5638 -3925 END
START 988 -6392 14764 5294 -5253 -5544 END
START 1584 -7428 12956 7787 -3903 -5873 END
START 1864 -6488 11952 11253 -2553 -3447 END
START 1720 -3440 10624 12902 -1510 -2245 END
START 1428 -388 9764 13401 -1116 -1664 END
START 1144 2568 8440 12419 -40 -1596 END
START 1644 4748 7224 10779 1077 -2239 END
START 2008 6068 6168 8898 2162 -2599 END
START 2840 7108 5416 6981 3428 -2343 END
START 3444 7684 4716 4922 5195 -1337 END
START 3476 7800 4648 2995 6982 65 END
START 3036 7696 4368 703 8825 1107 END
START 3052 7476 4516 -1277 10705 2041 END
START 2264 7384 4560 -3428 12497 2336 END
START 2568 6024 5352 -5832 14367 1588 END
START 2168 5076 5488 -6290 16067 2542 END
START 1500 4348 6200 -7448 17747 2403 END
START 2272 3596 7320 -8214 20136 2104 END
START 840 2932 7840 -9068 19246 873 END
START -764 1356 9292 -10365 20018 -958 END
START -2048 -68 9944 -10931 20047 -3074 END
START -2696 -2620 11692 -11149 19244 -5351 END
START -3920 -3424 13676 -11615 15755 -9018 END
START -244 -7000 12820 -7867 16553 -8560 END
START 1168 -7852 14484 -6840 20564 -7323 END
START -168 -6656 15152 -1956 22673 -5673 END
START -1776 -4080 14368 2528 24967 -4473 END
START -4096 -832 17644 5244 26516 -2768 END
START -7520 2016 20816 4844 27218 -3257 END
START -9824 2852 24576 1502 27324 -6139 END
START -16292 1380 24288 759 21525 -9268 END
START -17632 76 25868 239 19347 -11392 END
START -19336 744 26208 6516 13625 -10661 END
START -19100 3908 28848 9234 9915 -9356 END
START -17832 6840 31744 13208 5161 -5282 END
START -19208 10012 32767 10007 4274 -6057 END
START -16984 8304 32767 6360 3874 -6801 END
START -18124 7976 31984 7263 1922 -4569 END
START -16660 8900 30588 9789 28 -4207 END
START -17708 7860 27504 10024 -5457 -5307 END
START -13812 6988 22960 9687 -6575 -564 END