START 2228 -7048 16204 6548 -2966 -4582 END
START 2512 -5544 15120 9002 -1694 -5334 END
START 2980 -3608 14728 10044 -703 -6040 END
START 2884 -1824 14220 10665 631 -5832 END
START 2000 584 12840 10584 1639 -4276 END
START 832 2856 11700 10126 2056 -2477 END
START 304 5352 11084 9575 2281 -676 END
START -180 8204 10516 7673 2881 281 END
START -244 9960 9572 5224 4213 217 END
START -524 11492 7916 2609 5239 89 END
START -204 11740 6264 935 6375 17 END
START -84 11636 5316 -693 7656 266 END
START 180 11096 4668 -2278 9485 751 END
START 840 9844 4820 -3625 11022 1389 END
START 1356 8412 5436 -4923 12375 2335 END
START 1568 6872 7120 -6577 13724 3421 END
START 1320 5316 8108 -8505 14975 4088 END
START 580 4168 8988 -9974 15916 4437 END
START -560 2568 9956 -11044 15957 3182 END
START -484 -548 12560 -11514 15787 877 END
START -1708 -2880 13788 -12837 14245 -3467 END
START 564 -6512 15752 -10965 13759 -4987 END
START 904 -9100 16432 -6944 14411 -4547 END
START 1768 -8904 17424 -2713 15051 -5416 END
START 2128 -7328 19800 1523 16245 -6391 END
START 1544 -6000 20760 3893 17905 -7363 END
START -892 -4964 22940 5042 18968 -8009 END
START -4156 -3836 22112 5459 20333 -9682 END
START -8432 -2372 21872 7919 19437 -9889 END
START -10072 -664 20884 8846 18465 -11010 END
START -10088 716 20352 11353 14672 -9058 END
START -10636 5428 23716 12166 13250 -10130 END
START -11116 8328 22812 12119 11408 -10104 END
START -11932 11572 26160 10478 11733 -10381 END
START -14708 13428 24932 8337 9406 -9335 END
START -15448 12884 27244 6384 7199 -9134 END
START -15308 11876 28912 2791 5862 -10672 END
START -13972 10752 25992 3289 2761 -7886 END
START -14184 10452 24604 5721 32 -3611 END
START -13160 11364 23608 5268 -2126 772 END
START -11788 12276 22648 3739 -4454 3411 END
START -7780 11660 20048 1597 -9738 3982 END
START -7820 11468 21004 -18 -8419 4655 END