START -1184 4660 22936 -6776 -3898 -941 END
START -2016 3960 23700 -6330 -4343 -1301 END
START -2236 3548 23960 -5805 -5173 -965 END
START -2456 2112 24292 -5254 -6555 46 END
START -3172 1668 25344 -5098 -7186 1229 END
START -3544 1284 24840 -5157 -9121 585 END
START -2704 756 23068 -4425 -10091 -117 END
START -2184 396 21608 -2859 -10919 -732 END
START -1660 64 21344 -2407 -11664 -1915 END
START -356 -216 18924 -3024 -11020 -4200 END
START -244 -796 16448 -2106 -10012 -5004 END
START 312 -1036 14064 -708 -9755 -5331 END
START 1112 -1156 11480 861 -7717 -5175 END
START 940 -1144 9928 1673 -5928 -4473 END
START 1188 -960 7820 2576 -4362 -3008 END
START 480 -876 6324 2765 -2475 -1844 END
START 328 -312 5116 3250 -862 -1171 END
START 1356 348 3676 3367 3885 1113 END
START -936 1248 3672 2740 1813 -1706 END
START -384 2220 3160 1628 2187 -3263 END
START -256 2420 2944 28 2435 -5747 END
START 448 1384 2768 -980 3644 -7043 END
START 764 996 2484 -2252 5759 -8354 END
START 744 344 1736 -2226 7910 -9003 END
START 516 -260 1296 -1240 10393 -8439 END
START 316 -12 972 -263 12864 -7121 END
START 160 928 924 175 15385 -6096 END
START 16 1492 1448 72 17623 -5304 END
START -156 2056 2624 -459 19583 -4775 END
START -436 2408 4400 -1301 21918 -5022 END
START -1448 1952 7496 -1595 23630 -5422 END
START -3256 3004 10348 -2171 22001 -8074 END
START -4924 -532 15732 -2098 21027 -9275 END
START -7152 -3064 24784 -2868 18938 -10162 END
START -11896 -5840 30396 -9207 19138 -17957 END
START -13320 -10356 25584 -950 12654 -18413 END
START -14236 -5912 31864 5057 7411 -16823 END
START -14004 -356 31896 5041 4314 -17818 END
START -12412 1256 31284 11214 4603 -15137 END
START -14232 4840 27420 14013 3438 -12260 END
START -13468 9104 22356 12978 1817 -12579 END
START -11648 8636 20200 11970 515 -14557 END
START -7812 10684 16068 15816 3017 -11073 END
START -8748 12800 14188 16540 7272 -7271 END
START -7448 16540 13808 16747 11025 -2240 END
START -7852 19168 16232 13757 12498 2356 END
START -10396 17436 17416 5639 10534 2567 END