START -1000 -13292 17432 1530 -5492 -4011 END
START -476 -13544 16832 6789 -4929 -3066 END
START 992 -10620 17424 12374 -2481 -1807 END
START -200 -6516 15828 18343 -878 1510 END
START -1320 -2392 14140 19129 1350 2227 END
START -2808 1680 12392 17980 2330 1958 END
START -2808 3928 10464 16703 2210 1504 END
START -3292 6260 8748 13563 2378 942 END
START -2644 7264 7260 9890 2031 846 END
START -1720 7456 6700 5958 1657 214 END
START -772 7296 6120 2167 1330 -520 END
START -372 6500 6596 -510 1299 -1920 END
START 984 5316 7840 -2587 1348 -3331 END
START 1500 4592 8948 -4211 2957 -4573 END
START 1668 2520 9672 -3356 4424 -4719 END
START 1480 1224 9616 -2526 6538 -4939 END
START 1228 940 9688 -1232 8690 -5060 END
START 1144 820 9124 534 10774 -4613 END
START 612 1520 8680 1646 12738 -3621 END
START 96 2776 7772 1763 14866 -2952 END
START 280 4352 6696 1642 16565 -2305 END
START -1856 5688 8108 194 18010 -3259 END
START -548 4428 9252 2606 17776 -406 END
START -524 4248 9708 -182 19348 -2091 END
START -2292 4108 13636 -2990 19310 -5268 END
START -3724 2596 15232 -5662 19527 -9653 END
START -5408 -384 14784 -5479 20038 -12658 END
START -7300 -3304 15984 -2479 20139 -11700 END
START -8968 -3092 19268 930 19285 -8917 END
START -12116 284 25280 2504 16916 -8480 END
START -15180 2120 28232 2133 13427 -9145 END
START -16572 2076 31576 -470 10969 -12386 END
START -15768 3560 30836 1799 5866 -15765 END
START -18324 2840 30412 5085 4838 -17471 END
START -16032 3816 26664 6892 3059 -16375 END
START -14352 5552 26560 11661 4073 -11854 END
START -14420 6612 24792 13561 -2016 -7453 END
START -13484 9664 24132 13992 2652 1729 END
START -13400 15492 26252 13077 1098 5581 END
START -13972 15720 22504 10013 -898 4270 END
START -14276 14660 21744 5940 -5333 344 END