START 1032 -10552 15404 -2055 -3936 -4196 END
START 1712 -12224 16212 1419 -5215 -5367 END
START 2512 -11088 15524 6281 -5555 -3885 END
START 2764 -8992 15376 9033 -4119 -2213 END
START 2572 -6128 13652 11265 -2927 -1820 END
START 1708 -3032 12760 11893 -1819 -2797 END
START 1216 -700 10792 11813 244 -3192 END
START 280 1476 8704 11095 2158 -3004 END
START -252 2964 6480 10062 3167 -2076 END
START -116 4144 5040 8788 4044 -714 END
START 180 5712 4296 6901 4693 560 END
START 984 6968 3724 4871 5605 1797 END
START 1540 7892 4308 2077 6575 2039 END
START 2180 8072 4568 -883 7674 1245 END
START 1976 7500 5260 -3841 8719 -569 END
START 2044 5224 7236 -5588 10203 -1359 END
START 1124 2420 8096 -6601 12060 -1437 END
START -56 136 8628 -7128 13261 -2377 END
START -1176 -1760 9348 -5607 13912 -3223 END
START -1032 -3028 9524 -3400 13984 -3993 END
START 164 -2984 10688 -1290 14036 -3907 END
START 1408 -1328 11752 -30 15770 -3108 END
START -2400 476 12876 -1298 15796 -4725 END
START -1260 -180 10852 2662 17091 -1686 END
START -620 668 12436 996 20586 -1553 END
START -2536 580 14496 1163 21562 -2043 END
START -3348 -480 14156 1211 21340 -3777 END
START -3864 -2044 15532 1969 21535 -5108 END
START -2956 -2248 16452 4400 21364 -4572 END
START -4484 140 19476 5067 21271 -5418 END
START -6780 1984 20728 4492 20753 -6243 END
START -9808 2600 24692 3650 18915 -8529 END
START -12152 2752 27436 674 18691 -12602 END
START -14828 2112 28020 2752 16454 -12434 END
START -14876 2568 29412 5021 14254 -12576 END
START -17568 3256 30100 8431 11143 -11971 END
START -17692 1684 26744 8332 5637 -10875 END
START -17964 4732 30484 9609 6287 -9292 END
START -19600 7484 29580 10680 3804 -5262 END
START -15512 9456 25496 12061 -2205 419 END
START -16312 12444 24808 13216 -3863 4180 END
START -15408 13704 25788 7542 -4284 -62 END