START 1044 -3588 20308 -176 -4227 596 END
START -52 -4900 21260 -927 -4083 -1517 END
START -620 -6016 19660 425 -4679 -3233 END
START -228 -5936 18636 3441 -5186 -3514 END
START 492 -4428 17820 5725 -4756 -3434 END
START 988 -2824 16280 7904 -4038 -3317 END
START 1828 -932 14804 9549 -2837 -2937 END
START 2364 1180 13436 10302 -1469 -2105 END
START 1996 3392 12088 10232 -43 -703 END
START 1552 5352 10984 8644 881 215 END
START 1308 6420 10180 6437 1872 266 END
START 1256 7280 9020 4497 2319 -225 END
START 1544 7452 8340 2541 2802 -1168 END
START 1776 7000 7928 477 3455 -1938 END
START 1696 5980 8056 -1268 4096 -2339 END
START 1440 4928 8196 -2835 4877 -3106 END
START 1244 3428 8384 -3905 5696 -3693 END
START 668 1984 8728 -4060 7005 -3674 END
START 508 472 8648 -3459 8467 -2676 END
START 200 92 7988 -3311 9859 -2540 END
START 328 -100 7888 -2789 10947 -2669 END
START 796 -32 7628 -1574 12385 -2499 END
START 1640 880 7644 -292 14217 -2277 END
START 1456 2772 6832 1139 16154 -1900 END
START 2484 3752 9376 566 18102 -3142 END
START 1084 3004 12692 925 19128 -1998 END
START -280 2852 12288 -380 20966 -3099 END
START -2364 2376 12320 -1758 21694 -5433 END
START -3540 1344 12436 -1482 21832 -6983 END
START -4184 272 14932 137 21040 -6273 END
START -5348 932 18028 1168 19660 -4340 END
START -6848 1824 21788 762 17483 -4391 END
START -5208 1476 26392 -5246 17054 -8318 END
START -9428 -4 26440 -2794 12779 -10557 END
START -10876 -792 26156 -2921 11018 -14024 END
START -11904 -296 26860 -937 9528 -15807 END
START -10064 656 26064 3200 9985 -15650 END
START -8872 2640 25244 8058 10299 -13003 END
START -9484 6260 26372 11106 11782 -10314 END
START -14320 8684 25680 10047 10283 -10189 END
START -16076 8500 23540 8054 12118 -7446 END
START -17612 9728 19400 5501 8531 -4652 END
START -19988 11384 21920 8218 1560 2274 END
START -18212 15340 24868 5366 -4456 3156 END
START -13852 14608 24004 -50 -8469 122 END