START -3068 472 19252 -3532 -9223 1691 END
START -3584 -376 20368 -4821 -9598 -1026 END
START -2560 -2844 18436 -4533 -10517 -2270 END
START -2364 -4148 17004 -2372 -11499 -1968 END
START -1600 -4496 15708 745 -11772 -1077 END
START -184 -3632 15664 2775 -12327 -432 END
START 1144 -2952 14768 2353 -11159 -967 END
START 2244 -2696 12904 1875 -9997 -1862 END
START 3148 -2640 11504 3181 -8438 -2476 END
START 3764 -2544 10804 2659 -5972 -4114 END
START 3560 -3020 8824 3667 -3030 -4646 END
START 3032 -2624 7776 5154 -765 -4517 END
START 2736 -2416 6892 6238 1479 -4191 END
START 2060 -1028 5988 6292 3016 -4148 END
START 1748 -84 5628 5491 4546 -4598 END
START 1760 216 5100 4658 5629 -4996 END
START 1416 524 4960 3530 6717 -5385 END
START 948 840 4236 2664 7877 -5828 END
START 776 476 3548 1705 9458 -6773 END
START 988 308 3244 2165 11091 -6444 END
START 1288 1128 2984 2994 13020 -5166 END
START 1296 2972 2716 3437 15475 -4027 END
START 780 4448 2956 3322 17707 -3387 END
START 492 5276 4244 2483 19398 -3516 END
START -84 5204 5592 708 21052 -4650 END
START -336 5196 6724 -1107 21987 -5838 END
START -2664 5164 9564 -2691 23129 -7390 END
START -2740 4780 10208 1405 24392 -3879 END
START -3744 5372 10900 2360 26806 -1676 END
START -5216 6460 14636 2357 27238 -2040 END
START -7364 6776 17088 51 27118 -3301 END
START -7888 5592 18476 -2559 26271 -5143 END
START -10024 4296 20300 -3868 26465 -5949 END
START -11620 4036 23584 -2322 23981 -6313 END
START -12476 2748 28036 -958 22463 -6990 END
START -15760 2328 32767 -1514 18514 -11504 END
START -17800 -268 32767 -3926 14341 -16244 END
START -19896 -2952 32767 -1787 12125 -16174 END
START -20572 -4172 32767 1866 7491 -10124 END
START -22852 -116 32767 5781 3216 -2693 END
START -21892 3900 32767 7975 -1401 1123 END
START -18556 6492 30788 6123 -6347 -192 END
START -18040 9068 28568 6897 -8958 -873 END