START 3372 1372 9848 -2672 -810 1172 END
START 1900 1552 10712 -2941 805 1044 END
START 2280 1592 9748 -1930 700 1795 END
START 1996 2184 11140 -1778 1550 1791 END
START 1132 2236 11124 -1790 2602 1408 END
START 812 2148 10988 -1441 3441 1428 END
START 592 2148 11252 -925 4475 1666 END
START 444 2292 10936 -778 5271 1817 END
START 564 2344 10752 -666 5979 1938 END
START 820 2412 10492 -706 6882 2065 END
START 1044 2496 9828 -749 7903 2241 END
START 1292 2848 9320 -549 9192 2594 END
START 1436 3292 8608 -558 10744 2960 END
START 980 3752 8320 -1263 12424 3258 END
START 348 3660 8984 -2458 13333 3037 END
START -312 2916 9364 -4342 13998 2085 END
START -716 1504 10020 -5601 14604 1454 END
START -1288 -212 10900 -6087 15016 732 END
START -656 -2412 12456 -5793 15858 111 END
START -2204 -3040 13756 -6046 15379 -1787 END
START -1268 -4852 16040 -4218 16109 -2044 END
START -1304 -6292 16212 -4306 16600 -3674 END
START -2336 -7436 17112 -4885 15779 -6901 END
START -2904 -8868 18844 -4996 15321 -10450 END
START -3704 -11312 18816 -3092 14678 -12167 END
START -3836 -10112 20324 599 15271 -13172 END
START -5672 -8220 22444 3914 15344 -12355 END
START -8636 -4956 23092 6892 14903 -11890 END
START -10940 -944 23672 9174 13673 -11734 END
START -12244 3384 23888 9389 11505 -11628 END
START -12436 5608 23920 11690 8584 -11555 END
START -12972 9564 23912 8531 7053 -12639 END
START -13408 10772 23868 9914 5475 -10789 END
START -11984 12896 24932 8541 4638 -9050 END
START -11732 13352 23544 9192 3429 -6533 END
START -11404 13960 22568 7698 2930 -3730 END
START -10852 13960 21548 6478 1992 -1634 END
START -10112 13416 20052 4569 325 -1015 END
START -8500 11632 18636 2942 -1056 -692 END
START -6580 10120 18448 2046 -2500 29 END
START -3572 8852 17472 392 -4982 -222 END
START -3824 7936 18280 241 -4087 905 END