START 2544 -6128 17564 5220 -6858 -5428 END
START 1740 -5696 16988 6722 -6578 -4174 END
START 276 -3420 16080 7849 -5027 -4036 END
START -412 -1728 13764 9827 -4506 -2729 END
START 160 740 12800 10518 -3934 -1952 END
START 656 3068 11188 9950 -3062 -2136 END
START 1864 5512 9628 9362 -1891 -2341 END
START 2892 7488 8172 7964 -386 -2519 END
START 4136 8836 7244 6748 1241 -2441 END
START 4484 10108 6596 4293 3465 -2251 END
START 5144 10308 5492 1783 5944 -1523 END
START 4904 10256 4740 -408 8234 -892 END
START 4544 9440 4004 -2444 10309 17 END
START 3928 7960 4264 -4035 11819 1157 END
START 2672 6844 5984 -5997 13270 2039 END
START 780 5132 6752 -8301 15091 1506 END
START -560 3160 7576 -8880 15501 372 END
START -1428 840 8360 -8979 15368 -1400 END
START -784 -796 8912 -7592 14570 -3168 END
START 796 -1592 9680 -5968 14021 -4320 END
START 1884 -1592 10776 -4460 14694 -4738 END
START 3308 -1824 12676 -3629 16453 -4605 END
START -660 -128 14632 -4350 17561 -6467 END
START -1212 -1328 13328 -671 18142 -4360 END
START -940 -2020 11680 344 21037 -3802 END
START -2152 -640 13104 1933 21780 -3928 END
START -2924 1112 13456 3280 22217 -4898 END
START -3460 2068 16480 3449 21898 -5603 END
START -4884 3076 18996 2570 21495 -6382 END
START -7728 3288 21228 877 19844 -8689 END
START -11312 3408 25004 -1104 21238 -12278 END
START -14016 1900 26052 2229 15476 -13968 END
START -14932 1600 29480 3299 12942 -15279 END
START -16616 2420 31740 4718 9816 -14710 END
START -15004 3388 32348 6842 7502 -11150 END
START -11980 5232 29692 7550 2203 -6909 END
START -16608 9360 32767 7381 3191 -8376 END
START -18296 10068 32767 8348 173 -10456 END
START -19304 8152 27760 7504 -8127 -13717 END
START -12428 6128 26304 7664 -6204 -14585 END
START -11992 3612 22040 12022 -7877 -7679 END
START -10020 7404 20576 12154 -8227 1123 END
START -8344 11332 19832 11506 -6755 9080 END