START -3016 -5752 18564 -3375 -6597 -1454 END
START -3240 -7832 18160 -1469 -6522 -2632 END
START -3816 -8588 17408 1573 -7414 -3808 END
START -2368 -9284 14976 5332 -7401 -3448 END
START -1512 -7500 15500 8143 -6390 -3073 END
START -1312 -5628 14724 10786 -6027 -2662 END
START -1648 -3688 13632 11724 -5396 -2964 END
START -1960 -2240 13340 11715 -4760 -3681 END
START -1848 -1268 11952 11968 -3653 -3980 END
START -1952 172 10128 12409 -2890 -3802 END
START -1416 1124 9200 13121 -1649 -2469 END
START -860 2820 8456 13151 -282 -1529 END
START -176 4588 7616 12950 1271 -1229 END
START 516 6284 6816 12787 2742 -548 END
START 1376 8140 6216 12003 4611 539 END
START 1560 10028 5852 9314 6660 756 END
START 1988 10680 4912 6696 8104 262 END
START 1920 11112 4348 4515 9251 -233 END
START 1816 11124 3976 1939 10915 -1039 END
START 2140 9968 3512 141 12970 -1960 END
START 1972 8852 4164 -1303 14568 -2033 END
START 1012 7948 5168 -3157 16866 -1944 END
START 0 7324 5944 -5105 19174 -2812 END
START -1532 6016 6836 -7734 20471 -4604 END
START -2092 4672 7992 -9433 20747 -6500 END
START -4096 2952 9144 -10938 20795 -8459 END
START -3816 1660 13168 -11986 19224 -11761 END
START -5964 -1372 19520 -9976 17137 -11016 END
START -8928 -1024 23136 -10783 18222 -12472 END
START -10736 -1828 23600 -6549 15131 -12552 END
START -12440 336 26992 -3568 12716 -13395 END
START -11996 748 27820 -814 12476 -11397 END
START -15488 832 23204 1675 5311 -8758 END
START -13500 3324 29124 2113 9652 -7159 END
START -11080 4848 32767 6735 7113 -1281 END
START -11252 7528 32767 8783 4706 3246 END
START -11092 7912 32460 6764 2557 5027 END
START -8564 9672 31832 6596 999 1377 END