START 1840 2680 9552 -949 2749 632 END
START 2008 2396 8132 -804 4244 577 END
START 1336 2116 7996 -1086 6411 -360 END
START 776 1840 7504 -1477 7983 -360 END
START 300 1380 6724 -1894 8534 147 END
START -40 1972 7280 -2557 8932 601 END
START -172 2192 7184 -3462 9359 680 END
START 24 2292 7304 -4026 10134 587 END
START -264 2580 7600 -4578 11433 387 END
START -712 2560 7200 -5065 13041 -161 END
START -1260 1924 7544 -5185 14260 -775 END
START -2064 1216 8556 -5259 15694 -1046 END
START -1644 160 9700 -5884 17187 -1635 END
START -3356 -144 11564 -6493 17238 -2762 END
START -2120 -1300 12580 -3264 17296 -412 END
START -1100 -1476 12120 -3736 18687 -168 END
START -2912 -672 15020 -3705 19187 -2168 END
START -4440 -932 16736 -4213 18607 -3565 END
START -5492 -2052 17940 -4933 18382 -5107 END
START -6772 -3188 19872 -4985 16183 -7052 END
START -6568 -4100 21884 -2578 14979 -6735 END
START -6784 -2624 23752 -493 14695 -6848 END
START -7104 -976 24808 1818 13671 -5883 END
START -10604 976 27376 536 13556 -6967 END
START -10544 1860 26516 2256 12431 -6275 END
START -11496 2156 27572 2880 11999 -5119 END
START -12000 1596 27764 3670 9792 -5843 END
START -12400 2144 27280 5526 7434 -4710 END
START -9024 3028 26680 5572 5605 -5686 END
START -9588 3744 26380 8786 4057 -4231 END
START -10072 5952 27124 9191 3659 -4188 END
START -11000 8048 26924 8625 3102 -4759 END
START -11852 8844 22900 7048 1918 -4830 END
START -11720 8868 19792 5392 -1143 -3914 END
START -10892 8132 18100 2689 -4209 -3888 END
START -9264 7840 17316 976 -6700 -4215 END
START -7568 7308 17228 -112 -7773 -4232 END
START -6892 5980 16636 -907 -8832 -4828 END
START -4256 5080 16072 -534 -6529 -3765 END
START -3508 4664 16424 423 -4521 -2452 END
START -3528 4152 16116 1125 -2574 -1759 END
START -4536 3612 16616 2605 -1606 169 END
START -6032 3976 16796 2632 -1856 1777 END