START -316 -1592 15168 -3389 -1174 1511 END
START 2112 -1848 14820 -4276 -1326 693 END
START -812 -2792 15076 -1302 -1285 632 END
START -40 -3368 15520 348 -3370 900 END
START 328 -2304 17780 861 -3414 737 END
START 480 -2616 18024 813 -3265 -412 END
START -388 -3220 19532 948 -4066 -1966 END
START -960 -4956 18736 1401 -3720 -4496 END
START -480 -6112 16588 4444 -3562 -5409 END
START 352 -5436 15600 8531 -3426 -4309 END
START 884 -3584 14612 11244 -2062 -2562 END
START 1444 -792 12652 12995 -456 -1179 END
START 1396 2372 10696 13181 790 -294 END
START 1536 5536 9328 12049 1944 491 END
START 1768 8080 8160 10051 3083 839 END
START 2272 10244 6636 6669 4993 349 END
START 3000 10804 5028 3425 6395 -23 END
START 3312 10692 4556 57 7701 -537 END
START 3140 10012 4160 -3354 9201 -1255 END
START 2732 8776 3812 -6260 10601 -2243 END
START 1884 7132 3516 -8138 12661 -3508 END
START 1284 5080 4816 -8541 13819 -3805 END
START 220 2740 6824 -9431 15473 -4275 END
START -2060 1272 7952 -10786 16904 -5690 END
START -2092 -2184 8224 -8098 18216 -4277 END
START -2672 -1476 9248 -5396 17556 -4218 END
START -1876 -3064 9972 -2563 18441 -3939 END
START -2428 -932 13680 -1497 20763 -2867 END
START -3456 -132 14148 -120 22260 -2498 END
START -4976 760 15748 -432 22113 -3256 END
START -6236 1008 17192 -315 21182 -4210 END
START -7552 1908 19376 877 20112 -3970 END
START -6856 3596 20732 1794 20042 -4345 END
START -11308 3908 25176 4118 18351 -5295 END
START -13020 2640 27476 2736 15408 -5936 END
START -16388 3164 30920 2866 12670 -4859 END
START -18016 4952 31496 5406 8544 -2229 END
START -17760 6008 32156 5885 5235 -2814 END
START -16728 6612 31256 5543 1801 -3360 END
START -15160 6756 30628 4645 301 -4366 END
START -12768 6744 29204 4793 -2000 -5093 END
START -10416 5952 26492 4471 -6631 -4614 END
START -10532 6776 25008 3330 -5160 -4342 END