START -1328 -8424 20516 -4323 -4386 -2731 END
START -2000 -9532 21932 -3779 -6212 -4052 END
START -2612 -10292 22064 -1723 -6932 -4807 END
START -2292 -10104 21232 1975 -7879 -5299 END
START -1316 -9648 19448 6444 -8305 -4629 END
START -844 -7684 19500 9813 -7776 -4695 END
START -740 -5120 17300 11672 -6724 -5344 END
START -484 -2528 15352 12903 -5766 -5601 END
START -136 -500 12984 13243 -4376 -5464 END
START 556 1192 10696 13298 -2975 -5176 END
START 1080 2788 9076 12941 -1104 -4775 END
START 1624 3908 7996 12251 833 -3874 END
START 1956 4832 6732 11507 2525 -2336 END
START 1972 6204 6012 9856 3977 -1582 END
START 2036 6840 6160 7074 5145 -2047 END
START 2128 7048 6316 4253 5764 -2815 END
START 1392 6728 6576 1100 7127 -4040 END
START 956 5636 6356 -1714 9114 -5264 END
START 972 3912 5308 -2655 10360 -5641 END
START -136 3008 5424 -2926 11821 -5847 END
START -476 1976 4856 -2675 13908 -6377 END
START -156 1760 4616 -670 16078 -5544 END
START 356 2432 4928 822 18470 -4321 END
START 684 3008 5764 1415 20862 -3054 END
START 1340 3428 7636 845 23227 -2027 END
START -3040 4372 10648 -1870 23998 -3987 END
START -2800 2944 9932 1547 25941 -2380 END
START -4324 2868 11628 812 27185 -2608 END
START -5056 3476 13988 1314 27210 -4781 END
START -6800 4424 16044 2364 26335 -6928 END
START -7860 5156 19516 3439 24125 -6827 END
START -12944 7076 26784 2678 22694 -9428 END
START -13184 3072 28364 -401 19095 -9702 END
START -16716 2364 30880 -132 16920 -8429 END
START -18892 2956 32036 2622 11397 -7323 END
START -14116 3148 30288 4931 8522 -6353 END
START -17680 7788 30720 7614 5512 -3392 END
START -17364 7980 29196 10898 -720 -1227 END
START -14016 10824 28900 6486 1302 -2861 END