START -1168 968 15084 -1284 -4943 5088 END
START -396 -240 14184 -1697 -4290 1948 END
START -476 -2760 14160 -1486 -4002 404 END
START -600 -5036 16080 -289 -4923 -751 END
START -468 -6992 15716 -141 -4628 -2310 END
START -140 -8112 14776 1720 -4526 -2494 END
START 972 -7828 14168 3721 -3902 -1825 END
START 1268 -6264 13804 6474 -3548 -615 END
START 1216 -3992 13604 7294 -2248 -1368 END
START 1000 -3064 13792 7137 -1542 -3002 END
START 668 -2908 14000 6318 -974 -4997 END
START 828 -2640 13192 6477 -372 -5990 END
START 1016 -2176 12456 6631 297 -6340 END
START 936 -1388 11884 6883 759 -6255 END
START 992 -172 11228 7011 1738 -6075 END
START 668 1192 10512 7486 2821 -5572 END
START 564 3100 9716 7841 4003 -4869 END
START 184 5348 9376 8047 5591 -3658 END
START 104 7412 8696 7718 7704 -2442 END
START 8 9292 7132 6652 10127 -1389 END
START -972 10960 5808 5095 11579 0 END
START -788 12388 4736 2444 13070 1318 END
START -292 13336 4824 -1026 14304 2040 END
START 384 12664 5536 -5138 15083 1639 END
START 1036 10528 8536 -10146 15055 -99 END
START 724 8276 11024 -14850 15422 -1112 END
START -1468 5388 12780 -18628 17630 -2153 END
START -4708 1584 13060 -17899 16776 -5431 END
START -5480 -3508 13400 -16235 16036 -9489 END
START -5184 -7368 15944 -9737 15496 -9499 END
START -5684 -7548 18768 -4647 15879 -7691 END
START -5076 -7996 20480 -2893 15922 -7321 END
START -4888 -8156 21576 -1707 14214 -8502 END
START -4376 -7740 22696 -1314 12980 -10807 END
START -6588 -6100 24512 569 13008 -13123 END
START -6400 -2740 25144 4761 12054 -13426 END
START -8716 1068 26472 9087 12703 -14273 END
START -11948 2680 25068 10515 13629 -14649 END
START -14236 3684 23176 10928 11898 -12809 END
START -14388 6132 24360 13258 7602 -7963 END
START -18080 11780 25408 12217 6000 -2946 END
START -16168 14960 24952 10140 4538 -1259 END
START -15932 16436 24404 8163 1824 -881 END
START -15208 15800 23140 5371 -825 -1616 END
START -11180 13812 20044 4280 -4550 -1189 END