START 472 -10176 11356 -1419 823 -4290 END
START 112 -9880 13032 3592 609 -3366 END
START -204 -9384 12640 6142 152 -2761 END
START -60 -8552 14200 7569 418 -3942 END
START 40 -7648 14700 7984 800 -5717 END
START 712 -6272 14908 8325 880 -7551 END
START 1012 -5296 14516 8921 1102 -8962 END
START 1164 -4100 13976 8929 1737 -9626 END
START 1224 -1892 12488 8754 3210 -9598 END
START 328 664 10448 9704 4294 -7943 END
START 4 3820 9232 10286 4928 -5945 END
START -168 6988 8284 9792 6589 -4334 END
START -756 10468 7328 8059 8941 -2223 END
START -1128 12916 5684 6058 11424 72 END
START -1812 14784 4620 3383 13118 1070 END
START -1960 15340 4188 -247 14218 514 END
START -1824 14008 3876 -4500 15456 -160 END
START -2196 11936 3736 -8341 15824 -501 END
START -2368 8780 5752 -11023 15575 -1373 END
START -2692 5124 8232 -13488 15019 -4100 END
START -1812 -80 10580 -12123 14150 -4809 END
START -500 -3488 13984 -10857 14597 -4536 END
START -164 -5984 17076 -8970 15365 -4888 END
START 40 -6588 19264 -6434 16596 -6830 END
START 1112 -7896 20204 -3088 16957 -8085 END
START 548 -7640 23652 -931 17944 -10043 END
START -1520 -7428 23776 1472 18763 -11809 END
START -5184 -6380 24628 4193 18455 -12468 END
START -9684 -3160 25048 6500 17382 -12061 END
START -11460 120 26696 11053 16828 -9984 END
START -13000 5104 27552 12128 14748 -7284 END
START -12376 10828 29260 13184 12478 -5359 END
START -17080 16940 32767 10101 10679 -9042 END
START -18372 15476 32144 8037 6910 -9272 END
START -16800 16060 29192 7406 4617 -7424 END
START -16808 15208 28692 7435 2257 -2599 END
START -13844 14992 24800 5277 -1534 2813 END
START -11444 14768 22164 3120 -6281 6281 END
START -8504 15156 22068 369 -9036 4940 END
START -6216 13212 21056 -905 -9759 3714 END
START -5376 10608 21008 -3732 -10853 465 END