START 2484 -12144 16464 3295 -3469 -9173 END
START 3184 -12284 15344 7055 -1545 -9609 END
START 2708 -10696 13964 10948 708 -8286 END
START 1380 -7476 12956 13152 1857 -6287 END
START 416 -4176 11736 13720 1576 -4732 END
START -76 -812 10228 13145 1316 -4325 END
START -360 1648 9368 11980 1884 -4293 END
START 348 4808 8552 10009 3958 -5693 END
START -712 7312 6344 7508 6094 -6002 END
START 484 8564 4376 7622 6326 -3549 END
START -76 10944 3636 6019 9016 -2959 END
START 96 12116 1528 3594 12422 -2214 END
START -40 12512 556 1891 14344 -543 END
START 220 12144 204 -422 16186 191 END
START 260 10728 920 -2871 17849 291 END
START -140 9064 3200 -5409 18249 191 END
START -952 6892 6604 -9613 18665 -1797 END
START -2084 2784 8688 -13214 18110 -4714 END
START -4892 -1136 12436 -14315 19960 -7404 END
START -3244 -5860 13052 -13859 15276 -12177 END
START -464 -10724 17612 -8821 14135 -11316 END
START -1444 -11396 22552 -5975 16879 -13501 END
START -1968 -12188 24412 486 15618 -14041 END
START -2548 -12764 26852 4395 16228 -15541 END
START -5304 -11260 26500 8205 17862 -16222 END
START -3796 -5840 22920 13619 17181 -16644 END
START -10960 -876 26772 19487 17394 -12444 END
START -12268 7128 24700 22979 17419 -6929 END
START -12836 15916 21288 25036 10917 -3094 END
START -16532 19496 23272 16206 11756 -6183 END
START -15436 20508 24412 10635 6894 -7233 END
START -14228 21676 27296 7781 2498 -7567 END
START -12672 19608 28000 4105 1942 -7731 END
START -12800 18472 27036 2812 -775 -5064 END
START -10944 18392 26492 4041 -2878 -1236 END
START -9176 17100 23664 2336 -3614 1948 END
START -7636 16716 23028 1191 -4782 3621 END
START -6844 14228 22300 -455 -6599 5375 END
START -6428 13276 22404 -2624 -8004 5494 END