START -3428 -9824 20304 -2407 -12312 -3933 END
START -3780 -10496 18800 2548 -11499 -5020 END
START -1564 -8676 15532 9014 -11257 -2983 END
START -356 -5488 13940 13806 -9451 -125 END
START 744 -2496 12408 14105 -6295 1675 END
START 640 620 12016 14258 -5084 3940 END
START 216 2388 12140 11407 -4045 3675 END
START -876 2860 11056 7378 -3384 1461 END
START -1272 2132 8796 4675 -3633 -962 END
START -976 1288 7196 3970 -4064 -2241 END
START -624 1432 6576 2720 -3884 -3475 END
START 348 1488 5228 1797 -3401 -4245 END
START 824 2152 4768 1215 -2054 -4457 END
START 2264 2156 4980 1520 1054 -3482 END
START 2912 3024 4180 2076 3590 -2040 END
START 2972 4536 4476 1367 5891 -1291 END
START 3440 4984 3992 607 8035 -1166 END
START 3404 4724 4064 -108 10029 -1237 END
START 2796 3872 4936 -1237 11317 -1030 END
START 1868 3288 5476 -2506 12915 -850 END
START 1032 2436 5824 -2889 14017 -973 END
START 404 1340 7004 -2300 14971 -1545 END
START -328 716 8568 -833 16034 -2337 END
START -1288 44 12308 472 15973 -3419 END
START -2416 -1340 15620 272 16185 -4268 END
START -3796 -1504 14744 549 13878 -5769 END
START -3920 -4176 14792 1783 15603 -5959 END
START -2852 -2716 16048 6189 14717 -2853 END
START -2552 -272 14928 7477 15615 -2455 END
START -2636 2104 13928 8366 16227 -1601 END
START -2908 4188 12024 7690 18041 -1920 END
START -2316 4764 12340 7554 19186 -2057 END
START -2828 5304 15752 6323 19227 -3312 END
START -4560 5692 19924 2870 19320 -6036 END
START -6436 3280 20688 -1504 19294 -9656 END
START -9032 980 22020 -2341 17810 -11682 END
START -11500 1036 22632 562 15292 -10844 END
START -13744 3792 23880 2915 14196 -9563 END
START -16328 7236 25052 3518 11294 -8762 END
START -18164 9228 26920 2445 8472 -9591 END
START -20316 10056 31300 802 8322 -11555 END
START -16260 9708 29644 2727 4172 -10027 END
START -14476 10960 31872 6628 3536 -6845 END
START -14924 11324 29332 7724 4330 -3389 END
START -14128 12664 28404 11168 2928 918 END
START -15412 12184 25848 9887 868 4295 END
START -13056 13352 22224 8064 -741 7713 END