START -1808 -5548 15848 4502 -10123 -481 END
START -1760 -6048 15544 5715 -10277 -779 END
START -1280 -5844 15092 5233 -9601 -1448 END
START -820 -5844 12364 7096 -9344 -470 END
START 332 -4780 12080 8641 -8700 -513 END
START 232 -3672 10364 9879 -7714 -1093 END
START 848 -1964 9428 9944 -5983 -2304 END
START 932 -424 8600 10307 -4845 -2828 END
START 1044 908 8588 8964 -3950 -3818 END
START 904 1604 7752 6445 -2344 -5782 END
START 932 1396 6464 5284 -898 -6696 END
START 1204 652 5992 5197 689 -6021 END
START 1684 620 5864 4742 2665 -5143 END
START 1444 964 5192 3494 4106 -5226 END
START 1716 936 4720 2873 5319 -4605 END
START 1736 1088 4588 3038 7503 -3212 END
START 1872 1900 4688 3045 10187 -1963 END
START 1820 2408 4640 2586 12872 -2185 END
START 1200 3272 3932 2144 15904 -2907 END
START 1156 3572 4060 2097 18351 -3463 END
START 472 4152 4464 2070 20986 -3486 END
START -300 4708 5084 1018 23615 -3463 END
START -536 4084 7276 213 25516 -3321 END
START -4312 3752 10100 -2420 25531 -4577 END
START -5192 1928 12096 -2160 26991 -2558 END
START -8324 1372 15424 -2127 26568 -1351 END
START -11892 560 18852 -3299 23726 -4964 END
START -13748 464 21120 -5855 19729 -10599 END
START -13884 1408 25972 -3639 12532 -12106 END
START -14520 1284 28628 -6906 6702 -18081 END
START -14880 -784 32132 -4446 4350 -18386 END
START -16448 876 32280 -1514 5790 -17163 END
START -13212 912 30092 776 5110 -17574 END
START -16104 -908 27300 6723 5863 -13176 END
START -14824 -272 25020 13801 7704 -6925 END