START -1356 -5944 17312 -5318 -3085 1781 END
START -1260 -6908 18552 -3736 -2300 326 END
START -1452 -8848 19592 -1833 -3254 -1167 END
START -1148 -10160 19928 278 -3540 -2616 END
START -936 -10952 19276 3217 -3485 -3396 END
START -640 -10360 18304 6006 -2548 -4136 END
START -228 -9208 17520 9404 -2475 -3306 END
START -312 -6988 16740 11433 -2250 -2991 END
START -560 -4136 15984 12378 -1899 -3426 END
START -784 -1420 14728 12236 -1789 -4100 END
START -1196 1180 13552 11425 -1819 -5139 END
START -1464 3212 12768 10297 -1411 -6314 END
START -1440 4372 11820 9451 -879 -6596 END
START -1528 5668 9920 8551 381 -5823 END
START -1660 6844 8544 7964 1595 -4126 END
START -1224 8316 7200 7156 2971 -2214 END
START -364 9888 5736 6056 4985 78 END
START 200 11320 4848 4338 7073 1733 END
START 948 12456 4404 1411 8898 2291 END
START 1516 12488 4800 -2065 10509 1791 END
START 1528 10304 5836 -6153 11841 209 END
START 1160 7704 6548 -10025 12894 -919 END
START 672 4108 8108 -12612 13746 -2002 END
START -80 1980 8832 -13602 13264 -4215 END
START 412 -2724 9744 -12462 14195 -4798 END
START 336 -4796 12964 -9734 14624 -4513 END
START 76 -4976 15760 -7803 15039 -5133 END
START 160 -5760 18292 -6033 15274 -6192 END
START -440 -6732 20380 -5438 15857 -8345 END
START -1528 -7572 21196 -4617 15720 -10708 END
START -3064 -8756 21052 -2035 15421 -12192 END
START -4476 -8388 20828 2848 14993 -11008 END
START -6584 -4328 21668 8140 15274 -8210 END
START -9440 420 21244 11959 16144 -6472 END
START -12628 6272 21284 12219 14767 -4311 END
START -15128 11508 22808 10818 13039 -3583 END
START -16024 12672 22460 7488 10445 -4606 END
START -16240 12776 22844 3406 7269 -7793 END
START -14636 10572 22960 2148 4177 -8649 END
START -13396 9428 22744 3075 1655 -5769 END
START -12004 10104 23832 3999 1099 -1688 END
START -11360 11036 24260 3988 813 1376 END
START -10672 11396 23600 2603 310 2794 END
START -9604 10688 23184 426 -1663 2205 END
START -8436 9236 23428 -708 -3415 1938 END