START -1392 -12948 18660 -535 -5196 -3862 END
START -2344 -13012 17592 2487 -5222 -4482 END
START -1456 -11484 16716 5577 -3990 -5629 END
START -1300 -8848 14872 8923 -3411 -5921 END
START -64 -6796 13004 11399 -2183 -5946 END
START 1064 -4444 11264 13008 -1945 -5167 END
START 1396 -1048 10940 12715 -891 -4018 END
START 1268 2264 9136 11650 -818 -3159 END
START 2588 4648 8736 9207 961 -3079 END
START 1160 6220 7392 5374 778 -5422 END
START 2596 6728 5000 3952 874 -5074 END
START 2536 8208 3404 3183 2529 -4386 END
START 3380 9976 1188 3226 5018 -2489 END
START 4324 12188 -640 3498 8477 -92 END
START 4624 14476 -596 2868 11570 1922 END
START 4612 15160 -368 -25 14909 2806 END
START 4032 14352 112 -3922 18924 2342 END
START 3256 12476 -128 -7077 21901 1892 END
START 2392 10176 592 -9454 23721 1935 END
START 348 8420 2564 -12499 25144 2460 END
START -1760 6180 5092 -15783 26101 1859 END
START -2808 2408 7624 -18302 24867 330 END
START -5160 -396 12376 -19673 22550 -3391 END
START -6068 -6100 16008 -19749 16837 -11224 END
START -5608 -13388 21240 -12698 11457 -14322 END
START -2256 -19520 26236 -11646 12788 -16201 END
START -5176 -20304 28256 -4394 11915 -15739 END
START -3044 -22400 27084 2691 11745 -14906 END
START 2744 -18720 22520 8121 10988 -12972 END
START -2368 -15012 26672 18214 15660 -11215 END
START -4036 -5800 25064 24652 19044 -10338 END
START -6540 1376 23416 26939 19629 -8070 END
START -12220 9696 22252 25222 17163 -4992 END
START -13212 16872 25732 18827 16976 -7969 END
START -14756 18780 19244 13858 11425 -9101 END
START -13280 19780 19916 11763 4401 -9524 END
START -13392 21144 23260 7913 3900 -10558 END
START -13404 20756 24404 5983 3188 -6839 END
START -12396 20712 25148 6426 2295 -2452 END
START -13676 20772 24040 2254 1446 -2186 END
START -9988 19492 24316 2432 1281 -1402 END
START -9088 15148 23444 -1155 -2306 -658 END