START 2640 1520 12800 1896 -1416 -1664 END
START 3924 1804 12544 2671 29 -907 END
START 4136 2564 12596 3066 1267 83 END
START 4000 3248 12248 2662 2813 701 END
START 3100 3720 11920 1848 4142 1207 END
START 1964 4196 11140 770 5112 1410 END
START 1188 4492 10660 -265 5690 1257 END
START 572 4648 10376 -1115 5903 914 END
START 252 4660 10168 -1929 6044 388 END
START 84 4420 10120 -2857 6643 -5 END
START -348 4152 9808 -3649 7529 -215 END
START -460 3292 9544 -3714 8771 2 END
START -700 2768 9212 -3543 10235 389 END
START -1068 2092 8640 -3036 12103 1112 END
START -1868 1520 9280 -2936 13456 1459 END
START -2044 212 9868 -3830 14911 1004 END
START -3496 68 9980 -4886 14390 -467 END
START -3120 -2052 10376 -2579 14794 -183 END
START -2516 -2472 10624 -2398 15566 -90 END
START -2416 -2644 12832 -2315 15256 -858 END
START -2408 -3108 15660 -2265 14947 -2077 END
START -3176 -4216 17492 -2948 14904 -4245 END
START -3672 -5312 18680 -2812 14364 -6829 END
START -3756 -6316 19920 -2119 13449 -9826 END
START -3360 -6820 21176 -83 12470 -11759 END
START -2700 -6400 22724 3356 11680 -11491 END
START -3352 -3500 24232 6230 12246 -11069 END
START -6000 268 25304 8937 13036 -10356 END
START -8920 4264 25184 9518 13437 -10172 END
START -13824 6500 22184 9930 10611 -9091 END
START -13508 8132 22480 5890 10051 -9305 END
START -13300 9904 22128 7753 3532 -7062 END
START -10588 12124 23608 3836 3269 -8247 END
START -9684 12884 23484 4437 394 -5817 END
START -8972 13396 24616 3204 461 -5507 END
START -8808 12364 23176 1950 -233 -4714 END
START -8468 11148 21956 1491 -1382 -3534 END
START -7732 10456 20832 913 -2331 -2445 END
START -6592 8772 19884 1504 -2188 -1223 END
START -6644 8436 18896 1962 -1418 381 END
START -6712 8740 18052 2208 -1139 2007 END
START -6140 9256 16472 2178 -719 3136 END
START -4864 9456 19916 457 150 985 END
START -5628 6544 17216 -85 -1445 75 END
START -3776 4760 18252 1082 -2786 1306 END