START 2156 -5124 12024 1798 -1700 -138 END
START 2360 -4552 13128 2327 -818 436 END
START 2512 -3280 13616 3227 310 373 END
START 2248 -3344 13660 3012 1583 -1203 END
START 1932 -3832 13248 3389 2195 -3194 END
START 1588 -5512 13680 3972 2093 -5388 END
START 1032 -6484 13796 4440 2480 -7233 END
START 644 -7120 13328 5912 2366 -8113 END
START 396 -6636 12864 7797 2523 -8185 END
START -288 -4680 11492 9177 3612 -8164 END
START -620 -1884 9328 10831 5169 -7888 END
START -800 1304 7704 11953 7798 -7182 END
START -788 4456 5720 11620 10529 -5430 END
START -912 7280 4240 9907 13251 -3965 END
START -1232 8872 3384 6936 15541 -3434 END
START -516 9168 2784 3407 17587 -3435 END
START -1244 9092 2472 -315 18685 -4022 END
START -1400 8116 3084 -3134 19528 -4204 END
START -2168 7948 3968 -6308 20845 -4907 END
START -3260 6736 6448 -8404 21957 -6621 END
START -4204 4884 8832 -9135 23007 -7612 END
START -3028 3388 13844 -9326 23442 -8583 END
START -4636 1764 18220 -7911 23049 -8594 END
START -7548 1628 22780 -5875 21677 -7634 END
START -11300 1912 26652 -8239 22636 -9669 END
START -13664 1108 28256 -3359 17466 -7539 END
START -11064 3872 28784 -6167 12511 -8805 END
START -14208 5160 32767 -1454 9642 -5556 END
START -11712 5324 32767 3083 9770 -2178 END
START -12464 6748 32767 5056 8217 -86 END
START -15060 8740 32767 8097 6085 283 END
START -17248 9168 32767 4295 4592 -3089 END
START -17756 7272 31792 4790 -208 -3749 END
START -15416 5152 27692 5126 -5060 -2615 END
START -11628 3696 23464 5235 -8791 -209 END
START -7500 3708 21700 4498 -10649 551 END
START -4704 4076 18992 3930 -10362 -151 END
START -4024 5384 16816 3481 -9816 -1351 END
START -1908 6284 14508 1097 -10088 -3761 END
START -3620 6300 13556 -1785 -9934 -8039 END
START -1504 3680 11852 -1338 -11999 -10077 END
START 724 2032 13172 -2775 -10295 -10146 END
START 2380 1348 12936 -2191 -7071 -8150 END
START 1296 1276 12400 -943 -3566 -6897 END
START 692 2480 12348 1421 309 -4829 END
START -740 4460 12320 1190 2821 -4934 END
START -3380 5452 11472 585 4390 -7304 END
START -4788 4664 11444 459 5694 -10676 END
START -6560 3624 9752 784 5941 -12942 END
START -6920 2556 10120 2141 5624 -11711 END
START -9388 2412 10116 2967 7546 -6809 END
START -10840 3700 13824 3666 3300 102 END
START -8972 5840 16188 2941 1753 6711 END