START 368 -15024 17072 -824 -2829 -5390 END
START 1828 -15280 18976 3487 -2083 -7566 END
START 2084 -14460 18544 8660 -1216 -8097 END
START 2372 -13020 18180 11793 712 -9219 END
START 2336 -10256 17564 15179 1277 -8412 END
START 188 -5104 17132 15811 1689 -7665 END
START -1532 -468 15916 14678 1189 -8206 END
START -3292 2548 14168 13037 734 -9204 END
START -4064 5196 13320 11612 -913 -9350 END
START -1632 7856 12348 10499 69 -9799 END
START -2200 9500 8608 10026 1036 -7385 END
START -1224 11936 7892 9149 3306 -4489 END
START -1188 14236 6436 7074 5782 -1612 END
START -2348 15800 5096 5319 9253 2471 END
START -1088 15960 4696 974 9710 1984 END
START -524 15452 4168 -1860 10794 2905 END
START -16 13516 4272 -6060 12071 2843 END
START 52 11188 5220 -9944 12648 2995 END
START 332 7796 6848 -13322 13108 1899 END
START 860 3452 8868 -15837 13447 -426 END
START 732 628 10068 -15766 12055 -3010 END
START 1428 -4172 11132 -12110 12220 -3117 END
START 1680 -5684 14676 -9221 14115 -3520 END
START 972 -6624 17476 -6569 15569 -5698 END
START 56 -8228 18704 -5035 16337 -8564 END
START 44 -10240 18052 -2377 17989 -11051 END
START -1428 -10816 19164 1757 17639 -11917 END
START -1936 -9784 18844 5958 17400 -12256 END
START -3436 -7112 20776 10171 16122 -10796 END
START -6572 -1836 23896 11839 16211 -9904 END
START -10404 3408 24700 10770 15443 -10372 END
START -13636 6664 22916 11026 11970 -10483 END
START -14972 9196 24064 8070 10388 -13826 END
START -14984 9300 22340 11215 6765 -11358 END
START -12532 13144 25760 11542 5966 -7887 END
START -12324 16840 27144 10244 5258 -4413 END
START -14628 18132 28772 7751 4433 -1654 END
START -15008 18388 25652 5535 1855 72 END
START -13764 17656 23752 4022 -1981 2061 END
START -11604 16052 21168 893 -5115 3308 END
START -7752 14204 20280 -1201 -5458 2745 END
START -5520 11972 20168 -1900 -7434 2891 END
START -3540 11436 22600 -3116 -8065 1056 END