START -3084 -4376 19996 -4890 -6903 -3296 END
START -3296 -4888 20080 -2744 -7028 -2721 END
START -3928 -4636 21292 -1014 -8237 -2803 END
START -4776 -4148 20664 -200 -8671 -3731 END
START -5008 -4020 19592 1559 -9765 -4536 END
START -4884 -3512 18456 3522 -10037 -5486 END
START -4632 -2728 16556 6559 -9460 -6010 END
START -2836 -1472 14716 8373 -7722 -6468 END
START -2648 -568 11676 12430 -5662 -3965 END
START -1832 1864 9988 14377 -3000 -687 END
START -1280 4760 8280 15025 -1148 2391 END
START -1244 7652 6496 11672 728 2833 END
START -540 8996 5276 7785 1113 2160 END
START 164 8924 4328 3494 1283 42 END
START 1160 7808 3688 119 1238 -2282 END
START 1660 6016 3956 -3272 1643 -4394 END
START 1924 4396 3980 -5620 3212 -5107 END
START 2160 2972 3648 -6236 6068 -4289 END
START 1964 2604 3244 -6571 9410 -3474 END
START 1576 2364 2648 -6165 12676 -3293 END
START 932 1120 2756 -5592 16166 -3771 END
START 1020 -64 2820 -3886 18691 -2756 END
START 452 -328 3244 -3847 20644 -2908 END
START 592 -952 5068 -3609 22773 -3476 END
START -3032 -416 7024 -3094 24014 -4774 END
START -1912 -1440 7356 1753 27229 -1608 END
START -3136 -448 12164 1733 29299 12 END
START -5508 -356 16064 1814 29253 -2265 END
START -7584 -992 18916 -91 26436 -5957 END
START -12876 -1456 24972 -3071 24415 -11604 END
START -14236 -4484 24820 -3483 18352 -14355 END
START -14976 -5504 31972 370 10969 -13196 END
START -15096 -3400 32767 414 8045 -12440 END
START -17828 -1336 32767 3498 4093 -12866 END
START -17752 1564 32767 7517 147 -15575 END
START -18128 3928 32767 5014 -7098 -18428 END
START -15088 5344 32488 8959 -8055 -18677 END
START -12016 6984 27232 15699 -4362 -13080 END
START -11532 9528 26904 17608 122 -7524 END
START -10164 10996 22216 20564 2223 707 END