START 1564 -11556 17980 6388 -2296 -6494 END
START 1068 -9724 18124 9705 -924 -6533 END
START 1332 -8352 16340 12188 -1615 -6285 END
START 1212 -6100 15816 13944 -1710 -5109 END
START -384 -2248 15160 14094 -642 -4389 END
START -1568 964 13508 12744 -493 -4055 END
START -1700 3816 13452 11794 -1242 -4440 END
START -1280 5956 12932 9530 -1617 -6112 END
START -700 7180 12508 7607 -1432 -7265 END
START -72 8200 11716 6716 -472 -6996 END
START 504 8944 10816 6236 1219 -5770 END
START 632 10000 9492 6050 3100 -3364 END
START 444 11016 8752 5440 4872 -495 END
START 200 11996 8224 4065 6272 1637 END
START 176 12484 7908 1702 7407 2424 END
START 8 12032 7264 -862 8269 2734 END
START -68 11224 6624 -3376 8956 2621 END
START 72 9964 6092 -5501 9918 2262 END
START 284 7788 5864 -6980 10873 1721 END
START 344 4728 7136 -7985 11919 726 END
START 860 1356 7900 -8458 12736 339 END
START 1256 -1752 9056 -8086 13427 60 END
START 1176 -4432 10272 -7591 14914 -1035 END
START 928 -5676 11440 -5660 15887 -2024 END
START 1144 -5980 13120 -3692 16227 -3379 END
START 1048 -5336 15360 -2800 16805 -6496 END
START 484 -6272 16108 -1783 17037 -10138 END
START -1172 -7236 17572 -181 17379 -12177 END
START -4392 -6668 18236 3283 17492 -10906 END
START -7688 -3792 19856 6959 17790 -8805 END
START -10696 832 21664 9780 17611 -7125 END
START -12052 5736 22056 10941 15764 -6029 END
START -12504 10296 24024 9739 14272 -6549 END
START -14168 11324 26508 9140 12452 -6995 END
START -15016 10672 27072 6959 9253 -8436 END
START -15804 9804 27428 5582 7207 -8007 END
START -16240 9424 28192 5448 4218 -6498 END
START -15632 10224 29996 6038 110 -5576 END
START -13972 11304 29616 5796 -1408 -5183 END
START -12140 11800 26744 4567 -2508 -3555 END
START -8352 11856 23192 2879 -5448 -1703 END
START -7956 10200 22144 2349 -7851 -140 END
START -6792 8344 20196 -394 -8504 -741 END