START -1984 -7980 17600 5412 -8013 -1950 END
START -668 -6556 18528 7583 -5931 -1767 END
START -1388 -4436 17944 10136 -5135 -1113 END
START -1772 -3284 17580 8857 -4068 -2832 END
START -1868 -3112 16264 7964 -4135 -4106 END
START -1936 -3040 14584 8186 -4500 -4422 END
START -2080 -2092 13524 8806 -4802 -4143 END
START -1908 -480 12744 9471 -4513 -3656 END
START -1512 1552 11604 8953 -4014 -3149 END
START -952 3500 10284 7505 -3340 -3631 END
START 120 4404 9168 5633 -2367 -4598 END
START 888 4888 8316 4069 -1482 -4867 END
START 1312 5404 7516 2487 489 -4896 END
START 1344 5840 6476 1133 2766 -4529 END
START 1476 5664 5392 530 5180 -3797 END
START 1024 5788 4336 -50 7372 -3181 END
START 660 6152 3404 -349 9380 -2104 END
START 456 6636 3208 -956 11683 -1621 END
START 156 7000 3036 -1280 13919 -1195 END
START 28 7136 2912 -1651 16288 -845 END
START 28 6924 3524 -1789 18418 -663 END
START -568 6940 5384 -3094 20451 -654 END
START -1604 6148 7364 -5151 22030 -1004 END
START -3216 4484 9824 -7940 22279 -2087 END
START -4660 2712 11596 -8901 21094 -3903 END
START -2132 1136 13824 -8726 20692 -5644 END
START -6436 -460 19668 -9921 17464 -8898 END
START -7564 -2880 21112 -9494 14016 -9066 END
START -8592 -5076 25984 -9132 13564 -9744 END
START -10056 -7184 27972 -8438 12348 -11354 END
START -9304 -7172 27424 -3043 7544 -13327 END
START -8256 -7180 31568 3846 7952 -12981 END
START -8028 -5012 31428 8797 9141 -12333 END
START -9652 -1964 30768 13152 10966 -10404 END
START -13512 4260 30420 16513 9889 -8363 END
START -15936 8064 28404 14232 10474 -10640 END
START -16112 8956 22980 12721 9560 -8714 END
START -17404 11392 21008 15064 4618 -5013 END
START -16340 11208 16872 10405 1298 -2679 END
START -10744 13516 16404 8913 -895 2105 END
START -10672 14564 16344 4147 -3731 2202 END
START -9132 13496 16200 -923 -4295 834 END
START -8100 11192 15100 -3514 -5216 -46 END
START -7508 8840 14396 -4431 -5278 -429 END
START -6544 7012 13272 -3914 -4878 165 END
START -5832 5892 13320 -3472 -5194 414 END
START -4976 4664 14288 -2664 -3740 1900 END
START -5016 3964 14988 -2607 -3559 3275 END
START -5372 3612 15948 -1604 -2691 5041 END