START -8000 -4196 9268 -3503 26557 5842 END
START -9292 -3816 7476 -611 25057 8662 END
START -9964 -328 11516 -2560 24928 9170 END
START -11132 964 9824 720 22978 11425 END
START -12640 2324 14100 -4451 24590 7293 END
START -15828 996 15500 -6858 24707 3096 END
START -13760 -1152 15184 -8354 23787 1006 END
START -13244 -2772 16044 -6960 24683 2344 END
START -14104 -3128 17268 -5797 24939 4605 END
START -15220 -2872 18176 -4216 23095 6264 END
START -18068 -2920 20532 -4780 18988 5503 END
START -17948 -3672 22632 -4671 19908 5284 END
START -19640 -4684 25244 -5925 17541 2890 END
START -20776 -6164 27408 -6475 15244 207 END
START -24008 -7144 29260 -7883 13346 -2610 END
START -23800 -9760 27392 -4246 12264 -2652 END
START -22488 -11904 25604 -91 6708 -1102 END
START -23800 -9608 25180 6068 -584 4498 END
START -20168 -9008 25740 9131 -4145 5113 END
START -20220 -6272 24728 8227 -8057 4861 END
START -19104 -6328 21520 9105 -10985 3382 END
START -16868 -7376 18640 11224 -13568 2838 END
START -16340 -4492 17612 13013 -17596 2833 END
START -14828 -1840 14556 10815 -20385 -806 END
START -12456 -2160 11288 10058 -24391 -2482 END
START -9008 -2856 9436 10294 -26744 -1655 END
START -8176 -512 7304 9750 -28380 -2538 END
START -6264 -16 5788 9313 -27618 -2559 END
START -4604 1192 5660 10323 -25123 -1108 END
START -4120 3072 5164 8714 -22531 -2640 END
START -2344 3820 5212 7896 -19909 -3638 END
START -1280 4716 5284 6679 -17182 -4207 END
START 328 4556 5184 5021 -14809 -5171 END
START 1524 4116 5228 2470 -11503 -6358 END
START 2364 3532 4420 1113 -7562 -6279 END
START 3144 2552 4748 746 -2951 -5085 END
START 3368 2604 4960 1321 1566 -3597 END
START 3868 2264 4856 1555 6196 -2104 END
START 3248 2804 6252 1409 10578 -728 END
START 2992 2776 6876 710 14739 188 END
START 1748 3296 8740 -262 18568 88 END
START 364 3356 9416 -261 22739 -355 END
START -1300 3616 10052 465 27211 -1097 END
START -3500 2212 9712 -1893 30483 -2917 END
START -7324 1152 16384 -3005 32767 -4459 END
START -13428 -4380 14048 -11464 32767 -9089 END
START -19568 -6212 18236 -6213 32767 -6457 END
START -24516 -8632 20196 -2643 26002 -3018 END
START -28836 -8232 22464 2939 16704 567 END
START -29096 -8120 23432 5916 7619 1473 END
START -24468 -8244 21864 7324 -3543 1904 END
START -25784 -4664 20656 10176 -13337 656 END
START -21840 -2648 21924 11666 -20145 -2694 END
START -17956 -1612 18376 10971 -26123 -7568 END
START -12544 -1572 14952 11078 -32768 -10547 END
START -9152 -484 13404 10208 -32270 -12432 END
START -5976 -904 11552 10133 -31617 -13226 END
START -3240 -1136 9348 10719 -29836 -11828 END
START -2368 124 8240 11127 -25519 -11047 END
START -1128 944 7784 9978 -19820 -11047 END
START -872 1916 7000 10083 -15518 -9764 END
START 548 2316 7368 10856 -11998 -7161 END
START 592 3592 7696 10529 -8762 -5221 END
START 1800 4396 7036 8987 -5288 -4732 END
START 2212 5404 6752 7374 -1333 -5519 END
START 3096 6440 5860 6615 1866 -6250 END
START 3604 7668 6620 6385 5229 -6456 END
START 3424 9584 8468 5851 9652 -7727 END
START 2704 9740 11244 3313 15843 -10559 END
START 76 10040 13732 584 21108 -12411 END
START -3744 9976 13548 -703 25867 -13238 END
START -7588 7716 9820 -6249 24134 -15874 END
START -4916 6472 20624 -9438 32767 -17469 END
START -14412 5952 20392 -21990 32767 -29094 END
START -21256 -6188 11308 -15135 32767 -20280 END
START -27096 -4400 8956 -2441 32767 -2036 END
START -32768 2712 7024 17089 15474 24954 END
START -30528 8676 12452 12738 -15091 26783 END