START 572 -2084 6624 -1545 2365 3961 END
START -20 -2476 7160 -1763 3472 4116 END
START 220 -2692 6368 -1055 4867 4973 END
START -336 -1668 7020 -830 6165 5444 END
START -964 -1308 7160 -1446 7462 4890 END
START -1196 -1372 7116 -2106 8989 3699 END
START -1184 -1100 6660 -2974 10078 2554 END
START -1552 -820 5640 -3677 10473 1984 END
START -1236 -2200 5244 -3622 12337 2837 END
START -940 -2156 5756 -3345 14501 4757 END
START -1344 -1840 6428 -3027 16766 5805 END
START -1960 -1720 7272 -2584 18920 5994 END
START -2640 -1868 8248 -2639 21250 5626 END
START -3292 -2092 8964 -2375 23213 5608 END
START -4856 -1884 10020 -1754 24385 5506 END
START -6848 -1544 12216 -1688 24558 4549 END
START -8456 -2248 15772 -3063 24071 3028 END
START -15000 -3548 21492 -3191 27124 2454 END
START -12584 -3888 23384 -6008 22316 -886 END
START -15620 -6212 27428 -2855 16735 561 END
START -17376 -6964 32767 -1811 13842 -299 END
START -19160 -6484 32767 506 9673 -496 END
START -23628 -5344 32767 1733 4450 -2357 END
START -20684 -5484 32767 1840 271 -3421 END
START -17840 -7724 32767 4392 -3578 -4122 END
START -16112 -6028 32767 6663 -6618 -4838 END
START -14808 -5540 32767 10396 -8682 -3491 END
START -13864 -4428 30260 12441 -10651 -3387 END
START -13276 -2332 27148 12650 -13293 -3368 END
START -12640 -1816 22792 12416 -14225 -3457 END
START -11220 -1440 18028 12891 -16392 -3288 END
START -8888 -220 14968 11992 -17587 -3012 END
START -7192 1372 12656 10842 -17658 -2405 END
START -5572 2340 10304 8995 -17845 -3226 END
START -3692 2608 8632 6708 -17615 -5471 END
START -1904 2388 7136 5319 -17139 -7186 END
START 8 1844 6604 4609 -15327 -7676 END
START 952 1712 5600 4127 -13227 -7381 END
START 1284 1224 4500 2965 -10410 -7854 END
START 1876 812 3428 3040 -8165 -7477 END
START 2796 1216 2600 3717 -5742 -6639 END
START 2612 1536 2364 3426 -2948 -6860 END
START 2976 1976 1580 3697 765 -6301 END
START 3164 2820 1304 3438 4341 -6199 END
START 3540 3668 1412 2602 7466 -6875 END
START 3404 4176 2648 1760 10577 -8069 END
START 2896 3800 4056 1217 14153 -8148 END
START 2844 3348 5324 -958 17267 -9212 END
START 176 2880 6380 -745 18619 -8248 END
START -2404 3540 8496 -254 19214 -6632 END
START -5484 4960 12872 631 18920 -4837 END
START -8728 7360 19664 1558 17003 -2751 END
START -11760 8856 27328 217 14056 -3426 END
START -17764 8468 32767 -1666 11476 -7035 END
START -19832 4840 32767 -6365 7298 -11473 END
START -17720 760 32767 -792 748 -8939 END
START -13644 -1760 32767 2664 -1812 -8459 END
START -17092 -1772 32767 8089 -7828 -2375 END
START -14752 800 32408 9917 -11213 553 END
START -13052 2816 27368 11519 -14702 531 END
START -9776 4084 23484 10165 -15746 -173 END
START -7060 3764 19392 11124 -16055 1146 END
START -2976 5624 15888 10241 -14293 1895 END
START -2352 6476 13384 7707 -12413 912 END
START -1528 5436 10496 5622 -11236 681 END
START -944 4880 8560 3182 -11166 -112 END
START 1184 1964 5308 5302 -10256 1915 END
START 1248 4016 7544 526 -8799 -939 END
START 2156 2544 4632 91 -7229 -2541 END
START 3040 1588 5116 548 -6190 -2094 END
START 3448 1384 4460 -539 -3631 -1856 END
START 3040 1240 3272 -1437 -1047 -2648 END
START 3148 1340 3564 -3001 629 -5107 END
START 3556 272 3204 -3837 2356 -6857 END
START 4076 -636 3256 -4585 5056 -7873 END
START 3668 -1272 2888 -4453 9042 -9272 END
START 2676 -768 3028 -1583 12966 -10158 END
START 2296 676 4016 1331 18113 -10582 END
START 2024 2344 5160 4036 22150 -9207 END
START 1344 3852 7472 4958 25563 -7455 END
START -1804 5216 10124 3520 27861 -6884 END
START -5212 7196 11720 959 26187 -5639 END
START -12988 7512 16116 -114 26239 -3333 END
START -21044 9088 17828 -1616 23108 -2208 END
START -24224 11832 21904 783 17020 -909 END
START -24020 13432 24960 -670 10425 -1331 END
START -20752 13652 28832 -898 4398 -2224 END
START -19620 11584 30660 -3188 213 -3609 END
START -15976 9316 29380 -4945 -1094 -1743 END