START -968 -3120 5588 -571 5318 4421 END
START -484 -2344 5572 -897 5712 5402 END
START -776 -1708 5444 -1183 6849 5269 END
START -724 -1264 6172 -2111 8625 4060 END
START -688 -1052 6248 -2430 10990 3658 END
START -632 -900 6184 -3228 13374 2584 END
START -1064 -1148 6040 -3910 15398 1606 END
START 4 -1500 6364 -4639 17680 520 END
START -912 -2264 6992 -3932 19673 824 END
START -1360 -2836 6780 -3795 21918 960 END
START -2780 -2696 7476 -4045 24534 973 END
START -4168 -2960 8196 -3172 25123 1577 END
START -6156 -1976 10884 -3337 26836 2165 END
START -8200 -1172 13524 -2918 26768 2701 END
START -9068 -268 17424 -2432 25077 2542 END
START -9936 1508 22488 -1170 21873 1674 END
START -10076 2572 29124 -1214 17176 22 END
START -12196 2112 32767 -2263 13548 -2353 END
START -13088 1224 32767 -3904 14371 -6427 END
START -17300 -448 32767 -2451 8744 -2893 END
START -18780 -692 32767 284 4255 577 END
START -18700 -1192 32767 793 527 3492 END
START -17132 -152 32767 1642 -4234 2821 END
START -15576 560 32767 1332 -9461 450 END
START -13028 -1016 32767 -603 -12309 -2458 END
START -10972 -4060 30544 2232 -14295 -1819 END
START -8728 -4896 25640 3938 -15616 -2227 END
START -6896 -4964 22364 6234 -16087 -2511 END
START -5928 -4280 19808 7257 -15426 -2821 END
START -5936 -3312 16408 8825 -14278 -2667 END
START -4228 -3384 13908 8637 -14223 -3066 END
START -3448 -2568 12532 7974 -14009 -4162 END
START -3072 -1872 10972 6258 -14038 -6543 END
START -2300 -2368 9592 5321 -13236 -6915 END
START -1668 -2508 7764 4061 -12533 -7639 END
START -1724 -2068 7348 5010 -11275 -6848 END
START -1408 -1464 6032 4547 -9135 -6753 END
START -884 -588 5508 5470 -6839 -6480 END
START -1004 800 5016 5139 -3390 -6745 END
START -1088 1984 3620 5270 -956 -6401 END
START -1812 3952 3092 4347 2136 -7104 END
START -768 4320 1588 4377 3341 -6531 END
START 508 5040 1088 4635 4421 -4964 END
START 1216 6244 1060 3335 6806 -3989 END
START 1316 7324 1228 1375 9808 -3184 END
START 1248 8312 2008 -54 12292 -2222 END
START 1080 8152 3240 -1785 14299 -2622 END
START 840 7240 5520 -3575 16104 -4420 END
START 676 6320 8676 -4599 17349 -5483 END
START -404 5712 12608 -3785 18092 -5663 END
START -2268 4536 18724 -2765 16847 -5992 END
START -7104 4232 24280 -4086 14575 -7664 END
START -11716 1968 28228 -3956 13320 -5773 END
START -15812 780 31364 -348 7993 -929 END
START -19600 4928 32767 -2091 9056 -5408 END
START -20276 -372 32767 693 42 -2267 END
START -14828 -964 32767 7925 -2697 -4261 END
START -15496 -2448 32767 4918 -8217 -3215 END
START -11864 -1800 32384 9263 -10272 -1205 END
START -9396 -1012 29788 10606 -10779 -1401 END
START -8436 348 24100 12371 -11071 -459 END
START -7308 1560 19904 12735 -10520 540 END
START -6436 2520 15808 13297 -10638 949 END
START -7564 3348 13756 13071 -10831 1849 END
START -3288 3852 10468 9034 -10017 -155 END
START -3356 4444 9088 7954 -10633 -1381 END
START -2004 3520 7248 5644 -10139 -2962 END
START -136 1608 6112 3689 -9391 -4318 END
START 1028 788 5204 2965 -8579 -5146 END
START 1984 -88 4380 2347 -6734 -5877 END
START 3032 -220 3964 1729 -4382 -6661 END
START 3772 -408 3188 1531 -2212 -7094 END
START 3840 268 3504 681 1015 -8510 END
START 4040 520 3300 -277 4131 -10177 END
START 4448 800 3096 13 6745 -11530 END
START 4360 1056 3176 47 11080 -13679 END
START 3604 2040 3476 2453 13580 -13248 END
START 2428 3820 5228 4417 16839 -11551 END
START 432 6140 7732 4907 21998 -10420 END
START -2480 7196 9248 4472 25163 -8285 END
START -5576 8960 11576 3789 23823 -5096 END
START -10588 12900 14332 3544 25715 -976 END
START -15220 16484 17756 3855 21880 213 END
START -19720 19380 23256 2652 16751 -57 END
START -20780 19112 27660 -864 12562 -3138 END
START -20480 16228 29048 -4479 7974 -5239 END
START -16084 13344 30604 528 8178 -2954 END
START -17368 12232 30544 -4985 2002 -572 END
START -15828 9664 30456 -3312 588 3624 END