START -392 1244 16520 1020 -3459 2595 END
START -920 1676 18012 -481 -1957 2005 END
START -1164 2252 18012 -1 -1261 1784 END
START -1252 2440 17788 -220 -382 1147 END
START -1172 2172 17412 -326 -386 163 END
START -748 1772 17200 -225 -256 -477 END
START -76 1268 17244 -41 -187 -239 END
START 76 952 17616 60 -90 47 END
START 64 840 17384 102 -101 466 END
START -48 752 17368 178 78 1036 END
START -760 948 16932 293 73 1436 END
START -1136 1388 16828 339 57 1406 END
START -1524 1616 16520 212 46 944 END
START -1360 1748 16552 189 -19 315 END
START -912 1324 15864 -121 349 -478 END
START -500 648 15300 -100 929 -868 END
START -300 240 14840 116 1479 -750 END
START -164 340 14348 410 2016 -509 END
START -40 608 13764 348 2814 -422 END
START 12 752 13024 -129 3961 -804 END
START 44 864 11488 -365 5471 -1304 END
START 332 1128 9828 -276 7395 -1516 END
START 612 1496 8344 -380 9645 -1100 END
START 676 2048 7088 -481 12092 -221 END
START 840 2632 6412 -863 14864 475 END
START 956 2752 5920 -1508 17284 925 END
START 580 3644 6720 -2290 19152 1155 END
START -484 3404 6932 -3638 21190 1024 END
START -2728 2684 8512 -5044 22851 121 END
START -7364 248 9456 -6198 23297 -188 END
START -8724 -356 13388 -6672 22100 -481 END
START -11392 -1268 16980 -5810 19064 45 END
START -11344 -1056 22332 -4910 14557 -402 END
START -12252 -1084 28028 -5074 10916 -2539 END
START -13940 -2892 31888 -6267 7548 -4692 END
START -14364 -4576 32767 -4118 2239 -6852 END
START -17832 -8376 32767 -1306 994 -7263 END
START -18516 -8372 32767 2802 -3178 -4560 END
START -16748 -7916 32767 8106 -4849 -2285 END
START -17124 -6204 29272 10869 -9302 -440 END
START -14372 -3040 26340 11485 -12030 37 END
START -11528 -880 22752 12037 -13409 53 END
START -9708 236 20432 11004 -14555 -862 END
START -6384 72 17380 9154 -15781 -1640 END
START -6680 112 17016 7503 -15460 -3393 END
START -5912 112 14300 6617 -15474 -4650 END
START -3068 -676 11804 6039 -16033 -4700 END
START -3668 -60 11180 5509 -15439 -5235 END
START -2692 380 9720 5254 -14547 -5362 END
START -1792 1164 8776 4135 -13060 -6005 END
START -1112 1412 7600 3618 -11130 -7021 END
START 980 1172 6288 3592 -9074 -7818 END
START 1256 2044 5476 3478 -7209 -8907 END
START 2464 1620 4604 3644 -3751 -8952 END
START 2932 2456 3276 2734 -982 -9542 END
START 3224 2320 1236 3257 2680 -7885 END
START 5056 3148 228 3467 6703 -5181 END
START 4488 5508 104 2473 10374 -3556 END
START 4492 7056 336 804 13677 -2762 END
START 3724 8096 1976 -1017 16400 -3094 END
START 2480 7848 4728 -3182 18453 -5013 END
START 188 6612 7720 -5863 20043 -7449 END
START -3104 4460 9920 -8335 20405 -8788 END
START -10712 3556 16124 -7638 19836 -7760 END
START -12204 2780 22048 -7169 15813 -5870 END
START -14752 2592 30844 -7776 11127 -6095 END
START -18932 572 32767 -6321 6164 -8574 END
START -22076 -2188 32767 -8583 991 -12461 END
START -20188 -7460 32767 -1890 -7559 -11618 END
START -20320 -6256 32767 1160 -8774 -11271 END
START -13292 -8664 32767 12022 -10849 -4654 END
START -12248 -5168 29172 16729 -12772 -969 END
START -9132 -2576 23812 16509 -12644 -175 END
START -6224 1228 21620 16189 -13770 276 END
START -5888 2672 15532 15937 -13708 727 END
START -4108 4156 12520 13722 -13570 -191 END
START -3328 4856 9600 9978 -14141 -3840 END
START -2008 4436 6892 7751 -14752 -6219 END
START 328 3764 5696 5464 -14175 -7540 END
START 1676 3520 4164 4137 -13229 -7567 END
START 2988 3264 4324 2660 -10877 -8499 END
START 3896 2532 3228 1863 -7995 -7825 END
START 4724 2744 2544 1412 -4169 -6776 END
START 5020 2976 1552 2352 238 -4899 END
START 5244 4264 996 2002 3944 -4233 END
START 4548 5496 704 1187 8193 -3269 END
START 3916 6308 748 -238 12100 -3045 END
START 3380 6736 1852 -1484 15646 -3640 END
START 3008 6828 4312 -2495 19088 -4646 END
START 2144 6816 8380 -2732 21933 -6012 END
START -276 6172 10936 -2610 24924 -8225 END
START -2348 5884 12784 -1114 26579 -10515 END
START -7428 3512 15748 -152 25289 -13579 END
START -10412 500 16172 -1651 27580 -10361 END
START -18340 2672 18748 3386 23137 44 END
START -21104 7484 24400 6078 15155 8453 END
START -23572 12036 27732 -1232 11228 7327 END