START -852 -832 12352 -924 -5995 6011 END
START -300 -316 12888 -1984 -4966 2690 END
START 336 -1772 11012 -3744 -3330 -449 END
START 776 -3340 10144 -3701 -1496 -1434 END
START 248 -4520 8748 -2357 289 219 END
START -544 -4744 8524 -1146 2576 1842 END
START -1872 -4260 6996 1045 4590 4821 END
START -3120 -2332 6648 1896 5837 6400 END
START -3636 -404 6844 1817 6997 6202 END
START -3696 1252 7036 460 8613 4894 END
START -3272 1800 6704 -1228 10981 3186 END
START -2856 1620 5732 -2649 13480 1638 END
START -2236 1316 4784 -3488 15872 1322 END
START -2652 1324 4244 -3928 18386 2337 END
START -1772 744 4492 -3706 21830 4757 END
START -4808 1452 7276 -3439 22876 5785 END
START -7248 760 9660 -5977 23686 4982 END
START -8656 -28 12588 -6816 21636 3608 END
START -9228 -1436 16524 -7047 19040 2448 END
START -10184 -1444 22848 -7573 17409 -856 END
START -12192 -3268 26332 -7007 13308 -2244 END
START -14492 -5252 32767 -8548 8532 -4500 END
START -16552 -9208 32767 -9212 4839 -5367 END
START -17432 -11924 32767 -5024 165 -5614 END
START -15372 -12416 32767 2414 -4968 -4511 END
START -15532 -10860 32767 5201 -7582 -2919 END
START -12876 -8224 32767 9192 -10724 -2058 END
START -10272 -6296 29656 10809 -12965 -3115 END
START -9176 -4788 25428 11183 -13460 -3942 END
START -8468 -3132 21920 10749 -13642 -4001 END
START -7860 -2192 17196 10489 -13994 -4787 END
START -6584 -1772 14072 10334 -14581 -6216 END
START -2072 -1464 10376 9595 -14553 -7262 END
START -2812 44 8920 9413 -13074 -7706 END
START -1824 1096 7088 8931 -11125 -7245 END
START -492 2116 5828 8265 -8271 -6275 END
START -168 3468 4500 7461 -5092 -4906 END
START 124 5148 3236 6129 -1926 -4019 END
START 388 6524 1932 4008 1155 -3783 END
START 980 7604 336 2003 3905 -3591 END
START 2280 7596 -200 -33 6011 -2977 END
START 1680 8196 216 -2932 8094 -3467 END
START 1592 6892 1604 -5001 10879 -3219 END
START 1104 5816 4428 -7058 13824 -2277 END
START -428 5236 6264 -7980 16501 -993 END
START -2864 4972 8648 -7899 18973 -494 END
START -5940 4064 13156 -6530 18250 -919 END
START -8056 3496 19392 -6766 15868 -2622 END
START -13488 1296 24868 -8943 12026 -6213 END
START -16296 -3276 30440 -6923 6481 -7460 END
START -15428 -7736 30756 -9583 3900 -8860 END
START -13704 -9348 32767 -2880 -2864 -5270 END
START -19352 -9220 32767 -1951 -4743 -6556 END
START -11092 -10188 32767 2617 -8364 -3430 END
START -10492 -7884 31092 9882 -11466 -1724 END
START -8564 -6100 25292 10568 -12369 -4495 END
START -7156 -4008 22752 13734 -13685 -2876 END
START -6884 -1772 18836 15000 -13803 -1728 END
START -5732 888 13620 13962 -13910 -1240 END
START -3976 2204 12080 11147 -14080 -3248 END
START -2624 3236 9908 9421 -14076 -4395 END
START -1604 3788 8340 7070 -13935 -5521 END
START -1296 4084 7260 4972 -13509 -6774 END
START 276 3952 5824 2886 -11438 -8386 END
START 4504 2184 5332 1758 -7614 -7835 END
START 2420 3540 5136 1606 -6425 -9042 END
START 4080 3432 4648 1589 -2109 -8562 END
START 3572 3732 4884 787 3238 -8447 END
START 2840 3552 4104 970 7841 -8138 END
START 2204 4156 4204 1618 12148 -7631 END
START 1980 4688 4692 2461 15943 -6785 END
START 1112 5720 5940 2777 19660 -5892 END
START -744 5796 7216 1398 22481 -4512 END
START -3836 6264 7624 123 23976 -2008 END
START -4536 7672 9096 -414 23591 110 END
START -10168 9780 13036 -13 22755 176 END
START -12336 8580 17540 -3140 19039 -1432 END
START -13432 6708 23896 -4997 12748 -3532 END
START -14136 4812 26580 -4811 9286 -4080 END
START -14256 2552 28548 -4143 6589 -2550 END
START -13924 5456 30576 732 5073 2953 END
START -11152 5672 29028 2473 4659 4875 END
START -13396 7464 28684 1575 2642 6637 END
START -11504 8440 28316 1284 665 6441 END
START -11524 7152 26084 -1707 -264 5643 END
START -8032 6884 23108 -917 -5499 6673 END
START -7076 5876 24124 -1364 -4171 8730 END
START -8964 6200 24360 -2098 -4483 7764 END