START 1572 -928 6872 984 10460 1011 END
START 1388 -884 4772 520 13139 755 END
START 192 -1008 5660 -637 16476 1730 END
START -452 -356 5040 -1077 18289 2542 END
START -1036 96 4828 -1789 19678 3597 END
START -1232 712 5136 -2620 21935 3393 END
START -1668 436 5480 -4843 23835 1932 END
START -2128 580 6424 -6400 26077 812 END
START -3644 336 6656 -8794 27838 511 END
START -3760 228 8732 -9667 29707 290 END
START -3844 -620 9368 -12252 32563 275 END
START -7900 -532 11584 -13617 32767 -876 END
START -7076 -2388 12092 -8453 32767 1441 END
START -8100 -3524 12112 -8919 32767 4172 END
START -11924 -4036 14480 -11198 32767 2884 END
START -15252 -6156 16116 -12542 32767 1720 END
START -17992 -7984 16896 -10259 32256 2287 END
START -21256 -8820 18484 -4767 27699 6284 END
START -24844 -8228 22304 -2027 21131 6457 END
START -25860 -8768 24732 -989 14219 4355 END
START -26364 -9956 26460 1146 10074 2002 END
START -27732 -10612 26436 3288 5066 -706 END
START -27680 -11032 23444 6480 -2147 -1987 END
START -25204 -10924 21248 9865 -10875 -1651 END
START -21484 -9788 19024 13173 -17548 -1525 END
START -17632 -8084 16360 15888 -21111 -2572 END
START -14052 -6420 14128 17853 -23876 -3677 END
START -10744 -4756 11880 19587 -25847 -4049 END
START -6416 -2640 10688 19759 -27874 -3875 END
START -5468 -36 9748 19716 -27425 -4922 END
START -3744 1136 8872 17490 -25478 -6400 END
START -1788 2132 8448 15718 -22438 -7026 END
START -588 2428 7492 14139 -18878 -7222 END
START 1684 3444 7008 12826 -13481 -6200 END
START 636 4608 7116 10016 -8613 -6493 END
START 1680 4936 5800 9145 -3800 -4818 END
START 1596 6620 5388 8341 672 -3153 END
START 1492 8060 4988 7942 4052 -1791 END
START 1260 9480 5228 6955 8186 -1643 END
START 1164 10148 7000 4911 12339 -2789 END
START 844 9648 9416 706 16409 -4723 END
START -140 8152 11040 -4706 20632 -5385 END
START -3960 5628 12728 -8786 24258 -3273 END
START -6312 2888 17428 -10535 23826 -3113 END
START -12760 -2372 23104 -20120 32767 -11273 END
START -19964 -8732 17816 -7004 31290 -8280 END
START -25316 -7756 17608 2211 24724 -6451 END
START -27176 -6032 16344 10043 9968 -2178 END
START -25908 -3632 16536 12002 -5878 -1574 END
START -22032 -1464 16956 11657 -20066 -2919 END
START -13356 560 18556 16072 -23130 -5924 END
START -13140 -348 17112 14743 -25018 -11443 END
START -8456 476 15844 14734 -24501 -13464 END
START -5840 2236 12876 16074 -23405 -12673 END
START -2080 4704 9872 14865 -20319 -11659 END
START 248 6356 9880 13747 -13931 -10046 END
START 580 8556 9252 11203 -7970 -8553 END
START 1804 9220 9072 10405 -2844 -6504 END
START 452 11660 11300 8959 3644 -5514 END
START -244 12404 11464 5356 9594 -5974 END
START -540 11896 13220 744 15284 -6465 END
START -5004 12304 12432 -6670 18918 -7170 END
START -7240 10192 13456 -9605 23892 -5384 END
START -13984 8116 14440 -12435 29170 -7098 END
START -18616 3896 11164 -15831 28150 -7589 END
START -21632 3888 10856 -5037 17912 910 END
START -21656 6220 14404 -2360 8319 4137 END
START -20868 8732 18012 -3064 -808 3560 END
START -19164 7708 21832 -4473 -3188 1862 END
START -17452 7676 24528 -7993 -2346 -2330 END
START -16440 5172 22824 -9822 -2303 -4861 END
START -18452 3244 24148 -7055 -2659 -2728 END
START -13580 664 20240 -2452 -4743 2442 END
START -13724 1924 19308 -961 -8100 6735 END
START -12204 2980 22120 -1910 -9069 9180 END
START -10492 4344 19220 -497 -11398 11844 END