START -428 -2192 10608 -1996 -2977 297 END
START 336 -3640 10844 -1563 -208 -67 END
START 264 -4528 9396 -110 1595 1147 END
START 64 -4784 8568 934 3426 2817 END
START -924 -4256 7796 2019 4825 4628 END
START -1856 -2776 7916 3006 5982 5954 END
START -1584 -1484 8724 2898 9953 6086 END
START -3452 -688 8096 1438 9504 3624 END
START -2616 -1208 6280 568 10854 2732 END
START -2224 -936 5576 1072 12487 2916 END
START -1600 -432 4604 1895 14522 3864 END
START -1280 872 4180 2034 16196 4725 END
START -1036 1984 5076 1034 18197 5528 END
START -1736 2632 5472 -667 20068 6628 END
START -3452 2980 6456 -2914 22040 6529 END
START -5240 2736 7772 -4553 22474 5427 END
START -6936 1936 9680 -5889 23241 3794 END
START -8564 104 10852 -7354 23755 2004 END
START -8100 -740 12812 -7474 23309 390 END
START -9840 -1396 15024 -5419 21466 279 END
START -10460 -1340 18940 -4186 18803 1121 END
START -10732 -744 21980 -3180 17662 3188 END
START -12492 696 25204 -4941 17537 2582 END
START -14124 1556 26428 -7836 15240 599 END
START -14676 68 30276 -7048 13652 -243 END
START -14688 -1964 31560 -4498 10431 68 END
START -17344 -1636 32767 -5571 10044 -2412 END
START -17344 -3192 32767 -1217 5772 398 END
START -16320 -3700 32767 -1140 3304 1455 END
START -16948 -4592 32767 374 -11 3200 END
START -18428 -4148 32767 26 -3645 3069 END
START -18880 -3040 30576 288 -7393 1668 END
START -16636 -3356 30196 775 -11129 -594 END
START -14568 -2492 27152 -61 -13685 -2148 END
START -12908 -5196 24532 1723 -16310 -3119 END
START -11592 -5268 24384 93 -18922 -3914 END
START -9768 -6172 24376 2 -19367 -4920 END
START -9128 -6876 21116 2029 -20130 -5093 END
START -7532 -6960 17404 4584 -20112 -4677 END
START -6264 -5280 14636 7060 -18919 -4204 END
START -3924 -3412 11984 9988 -18031 -2871 END
START -3168 -1500 10688 11159 -16711 -2526 END
START -2632 196 10676 9790 -15737 -3174 END
START -2536 688 9160 7308 -14885 -4831 END
START -1840 196 7652 5576 -13563 -6921 END
START -704 -432 5612 5111 -12593 -8370 END
START 448 -424 4472 4408 -11345 -10200 END
START 1144 -196 3680 3987 -8501 -11052 END
START 2276 -452 2368 5359 -7024 -9220 END
START 2632 -44 2488 6205 -4907 -7518 END
START 2700 636 2340 5693 -1364 -6731 END
START 2356 1388 1632 5167 1631 -5352 END
START 2028 2112 1820 5534 4281 -3086 END
START 1468 3108 1892 5451 7562 -1704 END
START 992 3892 2076 5059 11155 -1557 END
START 484 4372 2168 4799 14298 -1845 END
START 96 4180 2896 4661 16786 -2595 END
START -672 4456 3492 4313 18657 -3816 END
START -996 4004 4704 4280 20382 -4605 END
START -1796 4044 6564 3598 22546 -4772 END
START -2776 4504 7988 4071 24338 -3597 END
START -4820 5720 9852 3829 25203 -2066 END
START -6412 7036 12288 3199 25318 -208 END
START -9200 7884 16464 2250 23689 1285 END
START -13032 8644 20452 -1148 23365 483 END
START -16844 7896 23104 -1151 19052 -205 END
START -17504 6548 26892 -3271 15429 -2415 END
START -21976 7244 31964 -7843 13220 -7243 END
START -21720 2532 31880 -2075 6069 -2079 END
START -21148 2924 32767 -3829 3353 -1222 END
START -20780 1072 32767 -3789 -215 -633 END
START -19996 372 32767 -1643 -4516 197 END
START -19100 -348 32767 -399 -7700 -233 END
START -16548 -504 30200 2398 -10571 590 END
START -14760 -252 28228 4105 -12972 1294 END
START -13064 -284 25156 3899 -14246 824 END
START -11228 -160 22424 5323 -16542 2023 END
START -9496 920 20468 5167 -17423 2348 END
START -8284 1552 18344 4609 -18030 1373 END
START -7184 1376 16208 3946 -19050 -365 END
START -3352 -208 15112 3154 -19018 -400 END
START -6372 1196 13340 3003 -20104 -1899 END
START -3476 844 10596 2160 -19883 -3436 END
START -808 416 8776 2414 -18574 -3186 END
START -1328 1524 7848 2512 -18514 -3850 END
START -216 1764 7716 942 -17725 -5538 END
START 816 1280 7568 26 -16591 -6703 END
START 1324 1476 7564 -443 -14935 -7965 END
START 2040 1096 6060 -1275 -12364 -9248 END
START 2976 768 5616 501 -11027 -9115 END
START 3724 704 4852 1147 -8530 -9692 END
START 4688 336 4408 1790 -5364 -9921 END
START 4436 704 3788 2827 -1666 -9546 END
START 4792 496 3636 4062 1246 -9235 END
START 4720 944 3756 4992 4663 -8859 END
START 4140 1768 4288 6012 8358 -8768 END
START 4148 2064 4256 6780 12764 -9082 END
START 3396 2376 4644 7755 17139 -9129 END
START 1888 2920 5332 8933 20918 -9056 END
START 464 3536 6240 9969 24589 -9429 END
START -1524 3908 7332 11388 27148 -9943 END
START -3344 4016 8304 11436 30031 -10596 END
START -7904 3412 8516 10309 29618 -12384 END
START -10196 4448 10128 10792 29251 -6464 END
START -15472 8112 12920 9716 25364 -258 END
START -18976 12256 15228 10124 19141 5104 END
START -22144 17160 19928 5135 15446 3208 END
START -21296 17988 20108 -599 7602 -3939 END
START -18340 14980 23580 -3193 6595 -8604 END
START -18592 13792 25164 -6607 1707 -9442 END
START -15420 9988 26436 -7202 2148 -7027 END