START -1352 -2584 10844 1491 -3850 8628 END
START -1352 -2408 8396 627 -2132 9186 END
START -1684 -460 7740 1408 -1362 9878 END
START -1384 1172 7952 1558 -1473 9012 END
START -1104 1716 7716 -1347 338 6116 END
START -1188 1128 6792 -3000 1864 3915 END
START -784 168 6360 -3737 3928 2094 END
START -428 -600 6184 -3737 5789 672 END
START -168 -1636 6916 -4075 8284 74 END
START -184 -2552 6864 -3958 10772 -133 END
START 40 -2948 6856 -3716 13198 518 END
START -196 -3080 7072 -1871 16285 2718 END
START -608 -2616 6556 -61 19491 4543 END
START -1232 -1548 7212 1113 21763 5623 END
START -2532 -968 8844 1690 23260 5752 END
START -4064 -836 10588 1261 24134 4714 END
START -5344 -1936 12000 -577 24935 1753 END
START -6340 -2400 12652 -2545 25673 -875 END
START -7972 -2108 14396 -375 24472 -1446 END
START -9952 -2184 16664 512 22740 -742 END
START -12684 -1456 20076 2140 20440 437 END
START -14900 -348 23812 3150 18100 1050 END
START -17968 812 26448 3854 15351 1876 END
START -20068 1812 28624 2737 11889 949 END
START -21088 976 28472 2177 7948 -1130 END
START -22216 1264 29352 1242 3816 -647 END
START -22164 900 30176 937 -78 -1661 END
START -20044 -480 29096 2376 -2207 -730 END
START -19296 -500 28516 3386 -5450 -748 END
START -17916 -452 27392 3878 -8004 -457 END
START -16792 -296 25536 4096 -10338 57 END
START -15556 -124 23348 4328 -12604 570 END
START -14084 216 22284 4262 -14606 677 END
START -12944 972 20852 3713 -15842 35 END
START -10904 740 19892 3710 -16972 -629 END
START -11248 504 18800 3422 -17013 -1273 END
START -9832 332 16712 1554 -18130 -2424 END
START -8256 264 14500 2405 -18508 -2767 END
START -7028 716 13316 2830 -19502 -2591 END
START -5940 660 12556 1814 -19203 -3239 END
START -4296 252 11600 1302 -19360 -3409 END
START -2912 -44 9640 585 -18859 -3976 END
START -1952 52 8280 977 -17955 -4211 END
START -448 620 7080 1417 -17228 -4205 END
START 904 1240 6780 2506 -15661 -3818 END
START 1664 1808 6908 2699 -13459 -3881 END
START 2552 2284 6640 1889 -10900 -4770 END
START 3280 2508 6496 1217 -7801 -6269 END
START 3816 2380 5528 1348 -5093 -7031 END
START 4140 2428 5512 1586 -1760 -8179 END
START 4768 1648 4964 2098 2112 -8874 END
START 4120 1184 4876 3789 6306 -7590 END
START 4644 1204 5036 4050 9698 -7464 END
START 3992 1184 5436 5256 13438 -6327 END
START 3284 2084 5516 6235 16457 -5330 END
START 2532 2600 6500 5963 19982 -5216 END
START 1456 2724 6696 5441 23102 -4787 END
START 352 3020 7932 5906 24940 -2620 END
START -2424 3772 9032 6123 26318 -1309 END
START -5564 4836 10260 8262 26707 -73 END
START -9064 6820 12260 10744 26991 422 END
START -14200 11088 17276 8232 30348 -3663 END
START -16220 8692 15192 6312 22946 -1308 END
START -18504 10540 19524 3214 17114 -82 END
START -20244 11176 22728 21 14116 1289 END
START -20980 12472 25960 -2643 8553 899 END
START -22332 11056 28608 -5012 5955 -341 END
START -20148 8704 29476 -5219 1203 -1414 END
START -19204 6356 30068 -6659 -1002 -3268 END
START -17076 3712 30468 -4220 -3731 -3448 END
START -16528 3212 29276 -2501 -5620 -1431 END
START -15576 2296 28144 -1886 -7522 108 END
START -14720 2128 26180 -1680 -9071 1271 END
START -13972 2016 23956 -768 -10412 1906 END
START -12960 2208 21356 -77 -12066 2205 END
START -11588 2224 19452 -375 -13506 1601 END
START -10008 2340 17940 -1131 -15004 657 END
START -8456 1616 16468 -2075 -15983 -310 END
START -7408 1308 14804 -2781 -16943 -1424 END
START -6472 500 14632 -4489 -17740 -3743 END
START -5128 -1304 12732 -3375 -17533 -3853 END
START -4308 -1392 11204 -2012 -17386 -3652 END
START -3512 -1564 10352 627 -14209 -1634 END
START -3068 -208 8768 828 -16250 -4496 END
START -1904 -456 8668 1238 -16582 -5836 END
START -660 -348 7936 752 -15585 -6879 END
START -212 -352 7020 834 -14239 -7598 END
START 588 -296 6304 1019 -13143 -8609 END
START 1828 -164 6204 1675 -11124 -8825 END
START 2196 -28 6272 2443 -8354 -8595 END
START 2728 248 5648 3453 -5859 -7903 END
START 3284 468 6176 4684 -3524 -7082 END
START 3664 780 6784 5104 -942 -6624 END
START 3696 852 6844 5293 2410 -6834 END
START 3320 1004 6484 6151 5549 -7025 END
START 3072 928 6260 6892 8852 -7526 END
START 2812 1248 6012 8057 11465 -7694 END
START 2360 2088 6500 8725 13928 -7825 END
START 1568 3516 7272 9237 16665 -8052 END
START 944 5380 8148 9785 20063 -8510 END
START -16 7096 10144 10418 23507 -9705 END
START -672 9148 10204 9648 23143 -13371 END
START -4436 8672 11680 8172 27175 -16580 END
START -8272 7956 12120 4311 32767 -18297 END
START -11668 6724 17484 -1614 32767 -19083 END