START 172 -1464 13908 -673 -8323 765 END
START 8 -2268 13900 -921 -6081 114 END
START -256 -2256 12208 1151 -5297 1191 END
START 36 -2084 11080 1824 -3931 2408 END
START -456 -2268 10412 2622 -481 3855 END
START -84 -2152 8460 2378 583 4316 END
START 124 -1644 7472 3492 1427 5799 END
START -52 -840 6636 3383 2738 6775 END
START 12 76 5964 1936 3606 6577 END
START -428 680 5600 903 4008 6251 END
START -420 876 6080 -495 4505 5108 END
START -572 608 6340 -2106 5276 3419 END
START -632 -188 6844 -3366 6333 1624 END
START -544 -1108 7396 -3651 8002 549 END
START -448 -2268 7436 -3036 10324 703 END
START -48 -2268 7932 -2812 12677 820 END
START -388 -2428 7528 -916 15396 2661 END
START -460 -1872 6908 662 17810 4988 END
START -1124 -604 7160 1062 20411 6456 END
START -2520 488 8400 1115 21702 7481 END
START -4396 1452 10868 613 22113 7938 END
START -6804 2392 13276 -1222 22177 6302 END
START -5680 2920 15216 -3779 23142 4076 END
START -10128 948 17404 -4044 19583 1642 END
START -11584 -652 20092 -5680 16536 -379 END
START -12524 -1872 23104 -4752 13148 48 END
START -12436 -2128 27232 -5068 10852 482 END
START -12704 -1936 30536 -3758 8473 742 END
START -13156 -1040 31808 -3756 5493 -966 END
START -13408 -2376 32767 -2185 4335 -1922 END
START -12404 -3440 32767 -941 2794 -3101 END
START -14284 -4868 32767 1315 1510 -1484 END
START -13892 -4996 32252 3387 -575 -509 END
START -13316 -4676 30764 5418 -3500 1198 END
START -13024 -2932 29116 6345 -6079 2143 END
START -12412 -1460 26884 6525 -8890 1676 END
START -11368 -616 25000 5375 -11272 -142 END
START -9784 -604 22852 4504 -13342 -1719 END
START -8368 -684 21208 3591 -15011 -3291 END
START -6920 -1160 19280 3391 -15503 -4254 END
START -5364 -1380 17784 3927 -15252 -4180 END
START -4556 -1368 17112 4837 -15346 -3634 END
START -4220 -1024 16088 4179 -14697 -3487 END
START -4140 -308 14144 4776 -14329 -2681 END
START -4012 672 12668 4356 -14257 -3053 END
START -3352 1568 11420 3595 -14371 -4335 END
START -2556 1928 10616 2685 -13972 -5785 END
START -1684 1856 9872 2622 -12917 -6375 END
START -1868 2052 9748 2422 -12300 -7342 END
START -712 1548 8928 2557 -10149 -7294 END
START -252 1768 7796 3686 -8593 -6471 END
START 556 2092 7424 3176 -7218 -7090 END
START 1208 2476 6908 2856 -6045 -7395 END
START 2228 2372 5956 2507 -4098 -7460 END
START 2848 2088 5176 2159 -2055 -6791 END
START 3220 1836 5144 1903 -652 -5577 END
START 3168 2168 5860 1243 1192 -4449 END
START 2668 2288 6056 650 3682 -3935 END
START 2176 2044 5748 514 6301 -3747 END
START 1920 1584 5692 590 8586 -3961 END
START 1788 1260 5720 904 10935 -4313 END
START 1512 1388 5712 1258 13977 -4528 END
START 1404 1760 4988 2433 17620 -3569 END
START 1472 2684 4652 3540 21208 -1507 END
START 808 4352 5188 4308 23805 788 END
START -768 6340 6700 3257 25270 2042 END
START -3236 7304 8208 471 26665 1801 END
START -6592 7852 10140 -3591 25839 -1667 END
START -9604 6304 12464 -6556 23591 -4125 END
START -12344 4948 15360 -7410 21303 -4401 END
START -15008 4028 21180 -5878 17675 -4453 END
START -16276 2828 28180 -5820 13286 -5088 END
START -18852 1704 32767 -8404 11745 -7329 END
START -19192 -1340 32767 -5135 6830 -5283 END
START -18184 -4752 32767 -4352 3426 -5976 END
START -19248 -6288 32767 -1387 -1558 -4088 END
START -17972 -6504 32767 3323 -4034 -246 END
START -15296 -5136 32767 7270 -7782 194 END
START -13992 -3548 32436 8117 -10558 -1239 END
START -12128 -2168 29132 8698 -12900 -2288 END
START -10256 -1008 24036 6991 -14644 -4584 END
START -8016 12 20924 7640 -16165 -5374 END
START -3516 176 16536 6907 -16631 -6441 END
START -4932 2040 14320 6171 -15635 -7518 END
START -3968 2492 11452 6997 -15783 -7337 END
START -2488 2732 9944 3697 -15593 -9692 END
START -2224 3252 8504 3611 -15108 -9878 END
START -1212 3240 7032 2102 -13593 -10924 END
START -704 3204 5832 1796 -12145 -11372 END
START -784 2848 4800 729 -10371 -11795 END
START -764 2908 4148 541 -8293 -11210 END
START -372 2832 3240 1193 -6310 -9630 END
START 128 3496 3100 1546 -4255 -7784 END
START 1004 3732 3092 1511 -1628 -5919 END
START 1668 4240 3904 634 487 -5521 END
START 2140 4212 4220 208 3371 -4940 END
START 3100 3556 4632 -446 6742 -4474 END
START 3572 3336 5288 -459 10140 -3142 END
START 3312 3584 6268 -375 13807 -1829 END
START 2552 4380 7680 345 17468 -688 END
START 1704 5436 9944 848 20917 -238 END
START 68 5960 12368 623 23844 -531 END
START -2472 6364 14156 1 26399 -2087 END
START -6456 3380 15424 -2516 28086 -4879 END
START -12804 408 18080 -8464 24399 -11134 END
START -16852 -2052 19076 -2412 24433 -2274 END
START -22848 2492 21100 2499 17724 6171 END
START -23752 8520 24708 7470 10329 12986 END
START -20944 11744 25524 9688 4477 12650 END
START -17236 13596 31104 -5373 1764 -233 END
START -18596 8384 27340 -3811 -2199 -1211 END