START 612 -2164 9352 -1106 -2313 4470 END
START 372 -1980 9412 -1031 -675 4544 END
START -124 -1668 8768 -619 1578 4101 END
START -424 -1780 7640 625 3889 3949 END
START -1436 -1652 6480 1762 6050 3671 END
START -580 -1480 6640 3375 10042 4073 END
START -1472 -1024 6752 3384 10137 3259 END
START -1244 -1044 5592 3512 11851 4223 END
START -1912 -456 5524 2641 14521 4694 END
START -1876 208 4568 1429 16223 4868 END
START -1656 736 5084 533 18120 5801 END
START -1788 1084 5072 -32 19828 6391 END
START -2388 888 6412 -978 21372 6078 END
START -5828 444 9016 -2049 24041 4875 END
START -5232 -536 9588 -3277 24715 3013 END
START -5948 -1708 10396 -2371 24976 2577 END
START -6456 -1932 11772 -577 24993 2199 END
START -6804 -2140 13768 -563 24855 2239 END
START -9072 -728 18816 -406 24649 2160 END
START -10564 -1480 19768 -3608 23777 2783 END
START -14440 -1064 23724 -4161 22210 3501 END
START -17568 -1456 24108 -1992 19855 3748 END
START -18084 -880 26388 -1056 15584 2988 END
START -19752 -644 30408 -948 11628 1093 END
START -20556 -1116 31552 -1787 6987 -22 END
START -19716 -2136 32767 -2236 2871 -494 END
START -20400 -2384 32767 -1772 -960 -697 END
START -20624 -3156 32767 -546 -5056 -353 END
START -19564 -3964 31576 1356 -8599 -246 END
START -17848 -3224 29448 2591 -11492 93 END
START -15776 -2204 27476 3839 -13989 309 END
START -13464 -1336 24632 4408 -15396 711 END
START -11800 -780 22796 4592 -16388 848 END
START -10536 -500 21232 3395 -17345 163 END
START -9396 -588 19324 2312 -17980 -681 END
START -9156 -772 17996 1953 -18290 -1022 END
START -7860 -928 16808 2384 -19585 -708 END
START -6872 -1120 14968 1221 -19978 -1842 END
START -5048 -1288 14500 1715 -20981 -2857 END
START -5172 -1280 13784 255 -20120 -4027 END
START -3784 -1452 12076 1446 -20312 -4286 END
START -2888 -1260 10488 1435 -18354 -5840 END
START -1364 -844 8956 2662 -16420 -6529 END
START -400 -68 7732 3196 -14251 -7430 END
START 636 308 6604 4411 -12134 -7534 END
START 1368 336 6884 4976 -9977 -7426 END
START 1492 56 6360 5013 -7672 -7759 END
START 1484 252 5840 5015 -5614 -8319 END
START 1892 144 5444 5011 -3330 -9416 END
START 2128 96 4988 4977 -1289 -10497 END
START 2772 -728 4260 4783 649 -10182 END
START 2756 -628 4176 4793 2611 -7998 END
START 2484 308 4108 4866 5009 -5806 END
START 2108 756 4692 4498 7586 -4640 END
START 1224 1188 5428 4281 9553 -3830 END
START -12 1592 6380 3582 11407 -3965 END
START -836 1912 6676 2975 13599 -5217 END
START -1372 1340 7164 3170 15602 -6634 END
START -1648 1052 7952 4277 18010 -7623 END
START -1568 1748 8460 5998 20543 -7616 END
START -1304 1952 8080 5755 23822 -7428 END
START -2596 2240 8036 6612 25748 -5055 END
START -4300 4388 11040 7274 26323 -1544 END
START -6748 6668 13188 5484 26348 2211 END
START -11008 9532 15252 5846 26596 3965 END
START -10380 9932 14372 4534 24386 3758 END
START -15692 11668 18584 -13 24217 -818 END
START -16220 11304 21732 -2138 17349 -3552 END
START -20256 11104 26116 -7200 13110 -3432 END
START -21244 8300 29616 -10482 7980 -4293 END
START -22528 5436 32232 -10942 3089 -4880 END
START -21632 2652 32767 -8870 -523 -4464 END
START -20112 536 32767 -7094 -3719 -3002 END
START -19084 -776 32767 -4010 -6804 -412 END
START -16836 -1300 31804 -2135 -8277 849 END
START -16288 -1208 28500 768 -10991 1844 END
START -14068 -760 25792 1881 -13302 1903 END
START -12036 44 22864 1623 -14670 1412 END
START -11500 -416 20116 2754 -16956 1456 END
START -10076 -484 18156 2623 -18466 1539 END
START -8912 -284 15976 1488 -19674 390 END
START -7320 -264 14492 2245 -20616 -242 END
START -5848 292 13240 1345 -20703 -959 END
START -3876 -252 11088 838 -20872 -2106 END
START -2660 -388 10536 969 -20884 -2899 END
START -1760 -412 10052 376 -20246 -3792 END
START 736 -1172 9064 -35 -18514 -4115 END
START 104 -468 7884 -181 -16592 -5012 END
START 564 -28 5836 286 -16648 -7374 END
START 2360 -172 5536 1202 -14428 -7990 END
START 2844 828 5468 1320 -11095 -8994 END
START 3296 1484 4872 1837 -8070 -9395 END
START 3528 2340 5160 1579 -4999 -9974 END
START 3464 2220 4728 799 -1157 -11085 END
START 3724 1280 4248 781 2431 -11483 END
START 3484 608 4324 1122 6406 -11300 END
START 3260 100 3368 2221 9931 -10016 END
START 2540 560 3400 3057 13075 -8258 END
START 1280 1976 4404 3656 16127 -7170 END
START -192 3116 5320 3285 18801 -7569 END
START -1340 4028 6484 2991 21079 -8546 END
START -2436 5064 8152 2085 23293 -10158 END
START -4592 5340 9424 2292 22506 -14321 END
START -3036 4120 10912 686 25462 -14375 END
START -6912 2488 11540 -2135 30078 -15953 END
START -8172 876 14556 -4066 32767 -14878 END
START -14852 -3528 13652 -11793 32767 -12068 END
START -21584 -460 17752 1174 32504 1899 END
START -26608 3700 19212 2876 22033 11599 END