START 744 -604 10396 -60 16510 3589 END
START -3572 -468 11784 407 21390 5637 END
START -4104 204 10420 -2165 23244 5881 END
START -3024 -372 9948 -2282 22830 5053 END
START -2364 -520 10088 -127 24389 3757 END
START -1616 -144 10320 1587 28440 632 END
START -1744 -672 7176 -3378 27249 -3686 END
START -676 -2428 12476 -7346 32767 -3179 END
START -3172 -4356 12304 -8292 32767 -63 END
START -9880 -4656 10468 -8486 32767 1803 END
START -12828 -7196 12024 -9625 32767 3188 END
START -13884 -5952 13456 -2649 32767 10812 END
START -16168 -3692 19100 -3551 30347 10739 END
START -19308 -2632 18512 -1282 23244 10443 END
START -19756 -3952 22064 -2873 22545 4635 END
START -22588 -5420 20668 -1418 16648 1569 END
START -23936 -7248 17888 1937 6324 1962 END
START -24924 -5744 18452 7423 -4684 4049 END
START -23068 -3428 19392 9058 -12532 2120 END
START -19756 -2216 18728 9926 -17479 -1503 END
START -17208 -1808 17300 9796 -22316 -5129 END
START -12888 -1120 16160 10070 -25984 -7156 END
START -9760 -1172 14920 10816 -27852 -7321 END
START -8284 -1404 13608 12623 -29797 -5378 END
START -4532 260 14476 9906 -29318 -7288 END
START -6492 -544 11128 8241 -30101 -6592 END
START -4000 -112 10948 8571 -31186 -4893 END
START -2976 804 10572 6724 -29434 -4704 END
START -1752 2632 11448 5437 -25560 -4791 END
START -428 3756 11568 3346 -20393 -6270 END
START 316 3624 11864 2802 -15935 -7454 END
START 1380 4068 13140 2776 -13262 -7148 END
START 2852 3876 12604 3391 -9551 -6862 END
START 3000 3772 13608 2265 -3757 -7025 END
START 4744 2392 12256 3241 1999 -6343 END
START 4300 2832 12204 3177 7547 -6284 END
START 3736 2840 10628 4341 11943 -5655 END
START 3144 4244 11316 7128 16209 -4143 END
START 2824 5096 12016 9356 20533 -3321 END
START 1816 6212 13584 8660 25897 -4103 END
START -840 5672 12256 3178 30733 -3831 END
START -5088 5216 13564 875 32767 -1519 END
START -6348 3636 13784 -2217 32767 -2244 END
START -11820 2384 13476 796 32767 339 END
START -16436 280 13748 -2116 32767 -1412 END
START -22360 1404 17356 8262 24083 4588 END
START -23896 2852 19196 9223 15672 2824 END
START -24960 3032 19444 6018 6106 -1361 END
START -23828 3624 19132 5065 -6071 -3166 END
START -21120 3728 18828 6585 -16752 -2756 END
START -16820 5608 19240 7154 -23213 -4560 END
START -13820 5972 17268 4310 -29213 -9640 END
START -10136 4372 16444 4159 -30601 -10998 END
START -7204 3556 16008 2378 -30650 -13294 END
START -5324 1864 15292 2288 -28539 -14790 END
START -3464 1128 14328 4195 -26932 -13492 END
START -2340 2028 12948 5018 -24936 -11123 END
START -552 2920 12236 4052 -21365 -9400 END
START -624 2236 11584 1799 -18434 -11533 END
START -224 1028 10292 2297 -14736 -11869 END
START -1276 2308 10312 6670 -13058 -9982 END
START 668 4120 10988 7102 -11020 -8675 END
START 320 5612 11780 5636 -7491 -9211 END
START 1384 6108 11744 4984 -5130 -9571 END
START 2108 6800 11544 4033 -648 -10325 END
START 2852 7304 11932 4289 4610 -10767 END
START 2768 7380 12132 2591 9915 -10874 END
START 1888 7656 11220 2065 14362 -10336 END
START 1312 7824 12040 2462 17832 -9964 END
START -256 10780 12048 391 21832 -13337 END
START -1028 9832 14900 -3111 29365 -19135 END
START 1264 8064 15204 -14140 32767 -24810 END
START -4512 7428 13496 -25302 32767 -32768 END
START -10148 928 8472 -23925 32767 -30563 END
START -19124 -1760 8064 -18200 32767 -18787 END
START -27760 -3656 3520 -4686 31440 5998 END
START -29380 3320 10088 2700 -2307 17558 END
START -28232 4856 13900 938 -19045 19452 END
START -23884 6188 19536 1631 -26954 17682 END
START -23976 7300 23704 322 -30813 5455 END
START -17176 6760 24540 -4532 -17613 -1686 END
START -15228 3956 20440 -7062 -16295 -6169 END
START -13456 1280 19828 -4933 -18435 -3937 END
START -10460 340 18128 -2453 -20101 115 END
START -9264 192 17596 1410 -20241 6821 END