START -128 896 12144 -268 -5527 632 END
START 800 -924 9672 -1822 -3019 86 END
START 1468 -608 9752 505 -1789 1521 END
START 2272 -864 8316 1084 1178 2125 END
START 2152 -172 7304 1212 4086 2460 END
START 1908 -636 6124 1166 6014 3275 END
START 1408 -672 5920 1141 7580 5185 END
START 780 -324 5992 714 8882 7166 END
START -400 728 7988 225 13843 8378 END
START -2764 1252 6848 -1989 12155 5935 END
START -2856 1336 6972 -2729 12419 3415 END
START -2456 468 7132 -2788 14546 1994 END
START -2532 12 6888 -3188 17267 1642 END
START -2924 236 6260 -2927 19134 2172 END
START -3168 56 7268 -3704 20381 3318 END
START -2508 136 8432 -5571 22750 3763 END
START -5712 -1448 10200 -5865 21541 4111 END
START -7056 -2856 12416 -5939 21086 3924 END
START -8528 -3304 15260 -3950 20817 3160 END
START -9688 -3516 18160 -3070 20983 1309 END
START -10472 -3764 19140 -2277 20917 732 END
START -11876 -3032 22064 307 19108 2720 END
START -13472 -1892 24576 -826 16630 3183 END
START -14900 -1420 26332 -2559 13522 2777 END
START -13744 -920 27740 -2994 9766 1814 END
START -17088 -1276 30832 -2505 6189 505 END
START -16652 -2092 32767 -2466 2416 -2059 END
START -15776 -3640 32767 -1598 -719 -3874 END
START -15208 -4844 32767 -109 -3580 -4015 END
START -14524 -5284 31536 1961 -5957 -2754 END
START -14460 -4584 29232 3931 -8537 -973 END
START -14576 -3336 26468 4957 -10890 -4 END
START -13796 -1680 24080 6053 -13324 740 END
START -12332 52 21880 5317 -15457 295 END
START -10732 316 19612 4328 -17416 -1202 END
START -8264 -88 17424 3405 -19022 -2579 END
START -6740 -296 15392 2744 -19496 -3317 END
START -4432 -580 13380 2327 -18788 -4187 END
START -2848 -360 11316 2569 -17231 -4175 END
START -1356 128 9864 3170 -15559 -3655 END
START -664 956 8516 3028 -13633 -3389 END
START -424 1396 8444 2163 -12411 -3723 END
START -80 1332 7640 487 -10919 -5393 END
START 344 920 6908 -645 -9587 -7297 END
START 1172 -404 5932 -1208 -7945 -8416 END
START 2076 -1304 5764 -179 -5434 -8101 END
START 2688 -1668 5328 1480 -2679 -6877 END
START 3220 -1492 5184 2666 41 -5665 END
START 3388 -980 5304 3596 2657 -4655 END
START 3104 -144 5120 4196 5374 -4281 END
START 2536 556 5676 4121 8144 -4451 END
START 1732 1084 5728 3776 10759 -4898 END
START 1160 1308 5408 3338 13208 -5175 END
START 500 1384 5888 3219 15535 -5108 END
START -60 2048 6364 3432 17518 -4980 END
START -836 2796 6824 4139 19606 -4366 END
START -1576 3544 7808 5285 20679 -3229 END
START -3184 4384 11172 4732 21137 -2060 END
START -6208 5188 14644 2346 20881 -1147 END
START -10940 6180 18372 -95 20070 -495 END
START -15300 5656 21124 -1684 18000 -48 END
START -18020 6440 24920 -2050 14304 -792 END
START -20104 5340 29104 -982 7967 -1587 END
START -20832 4580 32767 -5869 2523 -6206 END
START -19828 -44 32767 -4387 -425 -7200 END
START -20032 -2556 32767 -1623 -3903 -4839 END
START -16796 -3672 32767 1861 -6677 -2326 END
START -14752 -2668 32048 5543 -9864 -211 END
START -13036 -1644 30052 6356 -11996 -454 END
START -11136 -496 26688 6689 -13856 -1019 END
START -9324 -880 22744 7308 -15002 -905 END
START -7720 344 20328 7444 -15969 -1120 END
START -5692 852 17264 6636 -16022 -1988 END
START -1300 492 14556 6950 -16629 -1510 END
START -2804 1880 13024 5555 -15974 -2792 END
START -1544 2420 10456 3644 -15515 -5056 END
START -280 2088 8024 3241 -15206 -5424 END
START 864 1964 7864 2441 -14051 -6081 END
START 964 1896 7048 777 -12956 -8011 END
START 1648 1544 5956 721 -11619 -8902 END
START 2132 1592 5440 964 -9417 -8873 END
START 2372 1512 4768 1054 -6877 -8801 END
START 2588 1392 4588 1120 -4488 -8813 END
START 2968 1408 3832 1357 -2088 -8537 END
START 2908 1604 3812 1632 776 -8245 END
START 2808 1916 3432 2199 3735 -7980 END
START 2604 2532 3684 2947 7192 -7775 END
START 3160 3844 4316 3826 11100 -7304 END
START 2848 4900 5552 4602 15654 -7424 END
START 1712 5336 7056 5391 18895 -7816 END
START 1324 6512 8552 5932 23591 -9046 END
START 68 6652 8792 5612 26439 -11107 END
START -2880 7072 8924 6706 28175 -13232 END
START -5104 6740 8892 4102 31080 -12666 END
START -11712 5216 14756 1539 32767 -9809 END
START -17020 4092 17612 -2073 29799 -3139 END