START 1460 -1612 13256 -3933 9139 -216 END
START 1580 -2224 11460 -2346 11925 1556 END
START 1288 -1596 10812 -1808 15667 2575 END
START 252 -1860 9716 7 19199 3207 END
START 2392 -1620 9928 -589 24367 3471 END
START -2444 -1612 8856 3775 25244 5872 END
START -2572 -828 9216 5642 24895 8076 END
START -2896 184 11052 5130 26534 8441 END
START -3856 2484 13212 1220 30336 4951 END
START -5056 1136 10920 -2332 31572 3188 END
START -4888 1188 14296 -3772 32255 852 END
START -5920 624 12360 -3903 32767 -1034 END
START -5236 116 14044 -7033 32767 -2506 END
START -7596 -536 14496 -7411 32767 -3094 END
START -11132 -1936 14812 -8650 32767 -1748 END
START -15648 -4132 15460 -9191 32767 1788 END
START -19548 -4188 17904 -6492 25859 5339 END
START -21860 -4076 19920 -2749 18343 7794 END
START -23144 -3348 22148 -161 12457 8202 END
START -22372 -2652 24656 3981 9815 4397 END
START -25588 -1416 23908 1427 4343 -2437 END
START -26012 -3732 20824 1204 -5535 -4934 END
START -22912 -4160 20108 3630 -14645 -4303 END
START -19496 -4780 19156 5823 -19944 -4861 END
START -15712 -4704 18124 8397 -22683 -5314 END
START -12388 -4404 16220 9402 -24144 -6110 END
START -10072 -4184 15200 10113 -24940 -6040 END
START -8144 -3744 13952 10631 -24888 -5442 END
START -6628 -2520 11528 10867 -24981 -4072 END
START -6704 -1608 10616 10245 -25282 -3042 END
START -8840 -1856 9336 10663 -25039 -2512 END
START -4468 -656 10612 9446 -21833 -3208 END
START -2636 532 9824 8082 -20053 -5956 END
START -1500 2436 10864 6525 -14482 -6131 END
START -392 2996 10184 7092 -11379 -5381 END
START 696 3964 10756 7258 -7675 -5264 END
START 1924 4000 10564 5809 -3534 -5919 END
START 2288 4288 9568 4780 1573 -6307 END
START 2936 4240 8752 4814 6247 -5325 END
START 2140 5120 8464 4276 10979 -5003 END
START 1296 5388 9024 4421 15381 -3935 END
START 1140 7100 10880 5162 19401 -2964 END
START 632 8424 12088 3995 24651 -3303 END
START -4184 8456 12480 -284 25565 -5053 END
START -1396 8300 17852 -12377 32767 -5544 END
START -7408 2976 13884 -22021 32767 -11712 END
START -17276 -5340 11156 -20621 32767 -13724 END
START -19428 -8432 10968 -13380 32767 -9968 END
START -24524 -5048 12676 5142 24568 3025 END
START -25896 -516 16120 8948 9849 6663 END
START -25260 3004 19872 4106 -4098 2784 END
START -24520 272 21276 3995 -9177 -2333 END
START -22844 -708 20692 8199 -14802 -4630 END
START -21640 -1592 16360 9154 -22116 -6360 END
START -17624 -1284 14320 12797 -31088 -4387 END
START -12324 440 14796 14480 -32097 -4637 END
START -8368 1348 13400 15541 -31360 -5339 END
START -6432 2772 11916 15579 -30584 -5912 END
START -4020 3348 10952 12688 -29512 -6831 END
START -1176 3480 9972 10788 -28580 -7322 END
START -804 3640 10152 7801 -25380 -8732 END
START 1788 2064 11292 7269 -16993 -7815 END
START -184 4540 9320 2560 -15939 -11162 END
START 2144 2676 10820 2768 -11848 -11329 END
START 2628 4184 11184 4817 -8853 -10015 END
START 3948 5732 13148 3906 -2753 -10997 END
START 5532 6376 12784 3266 4831 -13908 END
START 4040 6080 12644 1938 12132 -16849 END
START 2104 5256 11116 663 18910 -17622 END
START -512 7812 12292 18 26478 -18522 END
START -1056 8388 14132 -4515 32767 -21055 END
START -3972 7476 11892 -10796 32767 -21992 END
START -12572 3800 13924 -23756 32767 -26753 END
START -13632 -708 6064 -17641 32767 -18278 END
START -21912 2476 6132 -10088 32767 -4473 END
START -27116 5240 5284 -4606 32767 4944 END
START -28852 6124 9532 -4908 12112 6908 END
START -28684 4784 12876 -3835 -4011 6147 END
START -26672 4140 17492 -2192 -11069 3209 END
START -25008 3300 18120 399 -16111 2469 END
START -20644 2312 18484 1828 -20837 2300 END
START -19064 3128 17924 1683 -23367 2184 END
START -15240 3640 17400 -100 -22474 2410 END
START -14436 5256 19668 326 -22772 3209 END
START -10548 2864 16548 1513 -19252 7465 END