START 1848 168 2600 3480 24095 3989 END
START -1596 2428 5260 2344 25395 3756 END
START -3600 3644 5680 -890 28109 3860 END
START -2628 2724 4772 -4850 30013 3200 END
START -4544 2940 6160 -7340 32577 3273 END
START -6468 2816 6296 -10290 32767 3065 END
START -6812 404 6848 -10938 32767 4293 END
START -9352 36 8712 -10585 32767 3259 END
START -11904 -2028 9000 -9219 32767 2411 END
START -13136 -2656 12672 -5727 32767 4251 END
START -18292 -1188 17080 -4221 32767 5618 END
START -20708 -2860 21624 -7098 29488 3626 END
START -26236 -4036 26068 -10626 21399 -1037 END
START -31720 -8812 29980 -9988 15539 -3137 END
START -28880 -12684 32368 -6291 9106 -3531 END
START -29504 -13392 32372 1677 1796 -2628 END
START -27968 -11976 30412 10004 -6770 -399 END
START -25008 -9896 25828 12665 -15627 -672 END
START -21212 -6920 21948 15755 -23407 186 END
START -15052 -4840 18316 15354 -28729 -1122 END
START -12728 -3104 16128 16041 -30884 -2065 END
START -9340 -1836 12500 16649 -31008 -3077 END
START -6152 -608 10592 17512 -29095 -2776 END
START -4312 1312 8752 16035 -27898 -3694 END
START -1884 2924 7524 13494 -24659 -5636 END
START 892 3752 4780 9510 -18567 -6104 END
START 1812 4772 3396 8004 -14096 -6867 END
START 2776 6500 1884 7723 -9394 -5708 END
START 4532 6980 3520 7373 -4430 -3734 END
START 6160 8576 4760 7814 239 -1977 END
START 6864 10248 6652 5005 6830 -1683 END
START 6380 9740 8320 219 14869 -3648 END
START 5432 7736 8116 -4950 21053 -5622 END
START 2804 6000 6756 -8810 25927 -6944 END
START -1004 3116 6064 -10583 29541 -4855 END
START -5856 792 10728 -10630 32240 -4657 END
START -12232 -2736 16156 -15759 32767 -10449 END
START -17416 -10456 15176 -8671 30322 -8980 END
START -26028 -9404 21652 658 18710 -5024 END
START -25828 -6124 21728 7939 4156 -1039 END
START -25168 -3792 24136 7531 -9810 -1998 END
START -20712 -2172 25156 7732 -16945 -5720 END
START -22016 -2196 26324 5074 -20284 -13087 END
START -11736 -2660 18048 7021 -24611 -16655 END
START -7520 -4700 14432 12098 -28485 -18722 END
START -5800 -3604 12064 13599 -29405 -17999 END
START -2292 -840 11328 14128 -26197 -16414 END
START -1968 740 7880 14542 -20356 -11913 END
START 3372 3260 6944 12544 -13263 -9313 END
START 3016 5936 5396 9899 -5719 -7826 END
START 5952 9940 4628 11921 156 -4932 END
START 5216 13352 6532 11223 7917 -5096 END
START 4476 14904 8868 10036 15489 -6514 END
START 3356 13644 9316 2113 23316 -9791 END
START 40 10960 7900 -4464 28781 -11553 END
START -4924 9432 9672 -7958 31189 -9544 END
START -7092 8440 16556 -5042 32767 -10287 END
START -17384 6708 16948 -15053 32767 -19429 END
START -22608 304 12304 -8808 32767 -10928 END
START -27296 4280 16480 -2314 28481 -3341 END
START -27816 5332 16908 612 14362 621 END
START -26848 5236 18412 -3340 2544 -520 END
START -25288 5164 18616 -5163 -5440 241 END
START -21320 4288 18096 -6121 -7544 1506 END
START -23432 5340 22160 -2637 -10873 2385 END
START -15244 3660 21500 -3380 -11909 6392 END