START 2424 -2788 11192 198 -1904 2488 END
START 2088 -1612 12048 2064 87 2760 END
START 1900 -2028 10744 1092 2462 2854 END
START 1632 -1844 10684 942 5474 2854 END
START 1244 -1700 9800 1091 8303 3262 END
START 356 -588 8884 1290 10517 3811 END
START -64 -168 8244 776 12696 3704 END
START -144 84 7884 1032 14999 4597 END
START -1800 744 7776 1271 18194 4955 END
START -2928 532 7272 548 18300 5133 END
START -1760 1788 9772 854 20423 5456 END
START -1760 2180 10252 -250 22980 5152 END
START -2088 2292 10692 -737 26104 4443 END
START -1524 2032 10576 -1489 29166 4314 END
START -1804 1728 10696 -6019 32767 3329 END
START -2412 3448 12484 -5839 32767 96 END
START -3180 556 14460 -16164 32767 -1779 END
START -7144 -624 14628 -18582 32767 -3946 END
START -12748 -3788 12788 -21725 32767 -6806 END
START -16660 -7364 13872 -20501 32767 -5252 END
START -19148 -8176 16868 -15516 32767 989 END
START -22812 -8716 18804 -9512 30317 5526 END
START -26924 -9316 20396 -5529 22175 5939 END
START -27564 -11904 20924 -4154 11301 3186 END
START -29964 -10364 22900 842 1518 4211 END
START -29872 -8876 24968 3596 -6240 1798 END
START -23128 -9500 23580 5414 -13556 231 END
START -22480 -7520 23284 9878 -18390 1247 END
START -20244 -5980 21892 13000 -20863 958 END
START -18596 -4924 19300 13108 -25051 -2319 END
START -16360 -4316 15980 13242 -32005 -3250 END
START -13516 -5104 12720 16371 -32768 -1372 END
START -9732 -2852 12660 17144 -32768 -1976 END
START -8004 -1548 11116 17354 -32768 -517 END
START -4952 572 11684 17674 -32768 138 END
START -2972 2460 11496 15698 -32768 -4 END
START -3932 4540 10156 12962 -29719 -941 END
START -476 5772 9940 10611 -24830 -1529 END
START 2344 5036 9748 4315 -20708 -7032 END
START 1392 4884 9500 3924 -17126 -8253 END
START 2404 4524 9836 3789 -13141 -8569 END
START 3832 4488 8092 4595 -9028 -6373 END
START 4524 5260 9900 7809 -6467 -3622 END
START 3992 5496 9372 4117 -317 -5283 END
START 4112 5212 8556 3090 4135 -6691 END
START 3624 4628 7408 2213 6642 -7046 END
START 3072 4052 7364 955 9459 -7583 END
START 2728 3040 6852 -1324 12066 -7371 END
START 1464 2176 6100 -1355 15033 -6006 END
START -564 2000 6760 761 17678 -5411 END
START -1124 2464 7312 1803 20340 -5767 END
START -620 2764 7944 3357 22184 -6346 END
START -1984 3712 8832 3375 24018 -6323 END
START -3484 6452 8928 -317 20362 -9439 END
START -1372 5872 14704 -3858 30283 -11260 END
START -3600 4560 14384 -16565 32767 -18260 END
START -5804 -3096 12152 -15240 32767 -17635 END
START -15072 -6484 13000 -12802 32767 -11862 END
START -19388 -4932 16844 -6 22236 2578 END
START -24516 -1336 23264 5879 9630 10318 END
START -26704 608 29372 4546 -2 9260 END
START -27696 -64 26888 3671 -2718 5831 END
START -26584 1400 32767 -4258 -1776 -6587 END
START -25240 -3120 25804 -196 -10724 -12039 END
START -20620 -4144 24676 3440 -20520 -10195 END
START -16356 -3664 22496 6434 -24221 -8468 END
START -12952 -4052 20040 9329 -26686 -6687 END
START -9780 -3548 19356 9793 -28207 -6403 END
START -6564 -3472 18376 9830 -27726 -7526 END
START -4160 -2880 15872 10242 -26210 -8212 END
START -2828 -2756 13024 11072 -25502 -7248 END
START -2064 -1264 9892 12097 -23080 -1933 END
START -2700 2624 8424 12035 -25164 -2071 END
START -2848 4416 8772 10516 -23558 -3385 END
START -816 5472 9096 6961 -20714 -6915 END
START -1068 5928 8804 3953 -15805 -8371 END
START 56 6080 8880 2789 -15177 -12573 END
START 1428 5440 9168 1056 -11498 -14776 END
START 1904 4580 7724 1582 -8730 -14232 END
START 2360 4428 7676 2833 -6319 -12822 END
START 3364 4072 7576 1386 -2064 -12685 END
START 3580 3628 6760 1107 1562 -11500 END
START 3064 4564 7396 2395 5551 -9485 END
START 3600 6108 8656 3128 10438 -8267 END
START 3484 6848 9864 2828 15871 -8106 END
START 2532 7824 10056 3364 20943 -7921 END
START 1572 8640 9676 2908 25958 -7762 END
START -2632 9056 9340 1597 26680 -9664 END
START 1944 8084 12408 -1466 32767 -10557 END
START -612 10176 14016 -9157 32767 -17906 END
START -8028 7796 9384 -12685 32767 -19773 END
START -12980 4116 13428 -19149 32767 -19700 END
START -18920 88 11692 -16239 32767 -12579 END
START -24576 124 10528 -8180 32663 2359 END
START -30044 3996 12260 -944 8667 14562 END
START -28996 8672 16648 2048 -5926 20118 END
START -25820 11512 20120 -2418 -15656 18776 END
START -22360 8448 23856 -3888 -18601 11275 END