START 480 -732 7588 818 3046 1841 END
START 1780 -396 6376 2815 4362 2516 END
START 488 -972 6484 8 7476 572 END
START 2684 -1476 5260 677 9026 984 END
START 1440 -536 5956 -1204 12206 294 END
START 1448 -1460 2168 -1173 14640 1649 END
START 728 -1524 2748 -1872 16917 3546 END
START -256 -1440 2016 -1865 18756 5990 END
START -744 -756 2768 -2358 20905 7208 END
START -2304 -208 3668 -2819 22739 7259 END
START -6136 -144 3864 -5100 24037 6252 END
START -6880 808 5936 -6979 23749 3728 END
START -8896 420 6276 -8928 22125 -698 END
START -6668 -2424 7928 -10143 18868 -4252 END
START -5600 -4604 11564 -8463 18036 -3429 END
START -6840 -5356 15500 -7172 18981 -2510 END
START -9816 -6152 19572 -6073 18224 -1200 END
START -11388 -7012 24348 -4589 16918 651 END
START -17624 -6408 31372 -4095 18111 1526 END
START -15160 -8040 28632 620 13039 4361 END
START -20896 -6840 32767 6090 9712 3627 END
START -20364 -6188 32767 8213 3165 2432 END
START -20108 -4624 32767 4387 18 -2111 END
START -18704 -5820 32767 7353 -4833 -1273 END
START -16920 -5116 32767 6565 -7896 -2964 END
START -15076 -5304 31656 8057 -10993 -2105 END
START -12852 -3596 29484 8865 -12709 -911 END
START -11276 -3296 26736 9781 -13885 40 END
START -10628 -2772 25152 9474 -15571 -132 END
START -8972 -2496 21444 8716 -16532 -1063 END
START -7892 -1620 18760 7441 -16578 -2479 END
START -6248 -900 16200 8208 -17441 -2619 END
START -4928 -148 14024 6579 -17198 -3192 END
START -3536 728 11816 5533 -16695 -3981 END
START -2424 1592 10180 4047 -15983 -4914 END
START -1244 2168 8936 2874 -15212 -5916 END
START 252 1804 7400 1463 -14017 -6988 END
START 1172 1508 6308 319 -12593 -7558 END
START 2300 1080 5224 -584 -10464 -7356 END
START 3232 1256 4096 -1204 -8065 -6789 END
START 3732 1032 3052 -2081 -4821 -6215 END
START 4312 1080 1844 -2422 -1119 -5407 END
START 4448 1144 824 -1962 2848 -4551 END
START 4732 1528 304 -954 6803 -3858 END
START 4564 2116 32 76 10513 -2861 END
START 3848 3120 320 701 13773 -2167 END
START 4172 3916 1616 1106 16600 -1841 END
START 3604 4940 3116 -339 19636 -3076 END
START 2384 4496 4752 -3099 22116 -4685 END
START -240 3424 6668 -4681 23850 -5061 END
START -4012 2868 10456 -4399 24019 -3916 END
START -8932 3120 17592 -3412 21901 -2570 END
START -12272 3104 26756 -2249 17486 -1858 END
START -21128 4932 32767 -583 16178 -4361 END
START -22992 16 32767 -10186 14193 -11483 END
START -24172 -5628 32767 -5276 5363 -10831 END
START -27032 -7104 32767 -6274 -3602 -10013 END
START -20828 -8972 32767 1849 -5742 -6663 END
START -16028 -7800 32767 9176 -10870 -3210 END
START -12388 -6560 28684 10743 -12726 -3159 END
START -10588 -4932 23696 12944 -14345 -2011 END
START -6284 -3048 19644 12487 -14296 -2279 END
START -4352 -1800 15712 13462 -13162 -828 END
START -3476 -124 12528 13288 -11903 -1103 END
START -2148 336 9444 11990 -11496 -1703 END
START -1028 1004 8432 10172 -11074 -2536 END
START 72 1740 7044 8090 -10051 -4597 END
START 1720 1148 5236 6175 -9323 -5904 END
START 2424 1304 4664 5426 -7976 -7840 END
START 3644 648 3496 3725 -5580 -9050 END
START 3700 1172 3364 3255 -2955 -9569 END
START 3912 1612 2420 2658 -199 -9753 END
START 3968 2368 2220 2784 3132 -9433 END
START 4396 2720 2200 3124 7012 -8716 END
START 3560 4684 1400 3238 12513 -8426 END
START 3180 6196 2484 3823 17948 -8806 END
START 1444 7840 4412 3770 22762 -9121 END
START -776 8456 6752 3482 26266 -9638 END
START -3036 10056 10316 2914 28801 -9954 END
START -6280 8364 14048 1376 28439 -11703 END
START -14048 6012 15424 -1481 26959 -12083 END
START -21652 5004 22984 -2934 25306 -4538 END
START -27024 6636 26844 3362 14873 6224 END