START 2900 -3984 7808 -5260 1274 -65 END
START 1772 -4676 8532 -3780 3707 -1739 END
START 3140 -5960 7448 -1419 5045 -447 END
START 3072 -5508 7236 210 7906 934 END
START 2132 -4512 6904 1529 9697 2773 END
START 924 -2652 7512 587 12066 2807 END
START -176 -1600 6752 329 13190 3283 END
START -1376 -284 7336 -698 16282 3308 END
START -2448 328 5992 -2164 16136 2203 END
START -2324 228 5568 -3917 17354 1297 END
START -3264 -480 4596 -4132 18985 1929 END
START -4204 -456 4704 -3689 20440 3322 END
START -2756 -1256 6344 -2557 22513 5028 END
START -5088 -528 9100 -722 26891 8149 END
START -7600 136 8056 -1140 27833 7512 END
START -8380 -144 9212 -3161 28531 5279 END
START -9080 -96 10144 -2790 27361 4459 END
START -10748 8 11252 -3090 26129 3619 END
START -10912 -1088 13216 -4896 24281 2643 END
START -12024 -1648 16292 -6435 22903 2248 END
START -13368 -1448 19620 -6044 21551 3170 END
START -14400 -1204 22400 -5815 20107 2317 END
START -14028 -2368 25308 -4797 18454 1803 END
START -14604 -2848 30916 -2727 16871 2681 END
START -15320 -2776 31832 -4743 15094 -376 END
START -16080 -4876 32767 -328 9886 -669 END
START -18148 -5736 32767 295 8882 184 END
START -20052 -4296 32767 -11 4694 1508 END
START -21128 -4368 32767 1795 1066 2542 END
START -21784 -3676 32767 1792 -3886 1528 END
START -20424 -3228 31340 1710 -8798 -1437 END
START -17348 -3336 29220 1905 -13039 -3518 END
START -14304 -4436 26568 2147 -15691 -4450 END
START -11616 -5084 23772 3577 -17012 -4430 END
START -10280 -4812 21404 4957 -17638 -4795 END
START -8532 -4812 18188 6244 -17025 -4522 END
START -6948 -4184 16416 7852 -16457 -3924 END
START -6380 -3044 13524 9775 -16094 -2929 END
START -5132 -2056 11876 9771 -14369 -2374 END
START -4200 -880 10100 9664 -12621 -2356 END
START -4012 584 8304 8954 -11445 -3479 END
START -2812 864 6968 8338 -10179 -3982 END
START -1768 1132 6428 7483 -8322 -4245 END
START 1220 724 4880 6798 -6253 -4295 END
START 940 776 4060 5626 -4082 -5199 END
START 516 1144 3320 5226 -2311 -4831 END
START 628 1508 2980 5068 -139 -3613 END
START 556 2620 2744 4462 2412 -2779 END
START 112 3508 2920 2930 4851 -2725 END
START -240 3884 3008 963 6449 -2875 END
START -396 3752 3400 -214 8335 -3169 END
START -608 3412 3272 -850 10447 -3028 END
START -516 3168 4000 -240 12661 -2639 END
START -944 3532 6044 951 14642 -1792 END
START -1676 3744 9008 1377 16110 -1322 END
START -3472 3780 12772 -88 17624 -1983 END
START -5804 3616 15792 -815 17205 -1273 END
START -9116 3460 21364 -1621 14879 -205 END
START -14452 2140 27868 -3266 12245 -1903 END
START -19644 -444 32767 -4931 8041 -7553 END
START -21932 -7480 32767 -4201 2457 -9885 END
START -21084 -9016 32552 178 -3706 -8873 END
START -19184 -8492 31188 6049 -8534 -4998 END
START -15536 -6196 30188 10514 -12400 -3886 END
START -13232 -4496 25208 12301 -14812 -3623 END
START -7324 -3648 20960 12605 -16260 -4083 END
START -7256 -2268 18908 13236 -15120 -3941 END
START -5556 -1596 13404 14377 -14490 -3736 END
START -4608 -436 11416 13626 -12957 -5268 END
START -2824 36 8252 14366 -11635 -5580 END
START -2132 1184 6840 13642 -10389 -5714 END
START -800 2292 5796 12372 -8242 -6496 END
START -248 3700 4936 10074 -5023 -8074 END
START 504 5424 3464 8713 -2343 -8873 END
START 1632 6468 2896 7245 860 -9368 END
START 1692 7672 3140 6365 3774 -9305 END
START 3548 8428 2928 4976 7769 -9208 END
START 2860 9280 5108 4433 11367 -9007 END
START 2120 9696 7632 2771 16098 -8091 END
START -616 10008 9996 1179 19322 -6226 END
START -5248 10540 12360 -672 21136 -5491 END
START -9056 10148 15860 -1295 18528 -5779 END
START -15088 9368 18164 -2757 17300 -6022 END
START -19844 7796 21036 -3379 16617 -4575 END
START -22348 10828 23424 863 11955 -893 END
START -21568 12084 23640 3151 4099 6173 END
START -17688 15776 25108 230 -5036 7121 END
START -17356 14868 25332 -3025 -10216 6815 END
START -14584 14136 26056 -6576 -8543 3474 END