START 1496 -2272 4884 -2815 5532 1375 END
START 1060 -3356 4152 -2174 8161 1107 END
START 636 -3772 3940 -1679 10738 1985 END
START 600 -3200 4432 -1122 13932 3129 END
START -1220 -2784 3984 -429 16306 3850 END
START -1860 -1964 4072 -95 18257 4435 END
START -2908 -1516 4500 -504 19739 3909 END
START -3988 -1220 5408 -1874 21016 2712 END
START -4588 -952 6776 -3018 22181 2098 END
START -7172 -1184 9120 -5364 22463 558 END
START -6808 -2272 9388 -2105 23874 4614 END
START -6984 -1336 11896 -2245 24848 7539 END
START -8432 -500 15188 -2907 23863 6938 END
START -10816 300 18160 -4487 21255 4631 END
START -12148 20 22436 -3047 16061 3373 END
START -10616 -160 29500 -3915 16138 -561 END
START -11952 -1932 30956 -6482 10602 -4106 END
START -10412 -3188 32767 -2113 9502 -1354 END
START -14016 -4076 32767 -4188 6617 -2712 END
START -13824 -6528 32767 -1030 2391 1314 END
START -17860 -5700 32767 1481 -836 861 END
START -15088 -5420 32767 6111 -5978 822 END
START -13492 -5720 32767 5541 -9224 -1281 END
START -11216 -5748 28584 6060 -12435 -2027 END
START -8044 -5828 24468 6980 -14230 -2755 END
START -6432 -5160 20788 8457 -15193 -2861 END
START -5160 -4368 17916 8582 -14750 -3966 END
START -3316 -3936 14780 9130 -14628 -5095 END
START -3560 -1936 12380 10096 -12507 -5026 END
START -432 -2276 9752 8854 -13321 -7216 END
START -628 -768 9360 8498 -11263 -8352 END
START 560 -232 7368 7283 -9467 -10374 END
START 860 236 5996 6324 -7453 -11539 END
START 1248 336 5316 5170 -5500 -11810 END
START 956 932 3352 5311 -2760 -10499 END
START 1452 2228 2244 6110 864 -7861 END
START 1548 4748 1464 6604 5242 -4715 END
START 1852 6900 1196 6221 9668 -1667 END
START 1808 8976 1412 4437 13629 -298 END
START 1352 10876 2552 1921 16315 -90 END
START -688 12136 5044 -1833 18715 -2046 END
START 184 11792 6772 -6554 20050 -3796 END
START -100 10700 10540 -9834 21668 -4830 END
START -2972 7460 13552 -13010 23451 -4537 END
START -10436 3896 19572 -13623 22479 -5755 END
START -16732 -808 26028 -16855 17420 -9436 END
START -21124 -6224 30416 -13855 11065 -9642 END
START -18332 -8932 32767 -7126 -866 -8564 END
START -17444 -6704 32767 -1923 -7506 -8262 END
START -16896 -7848 32767 -858 -12883 -12700 END
START -15088 -9828 32767 3608 -15626 -13968 END
START -10656 -12504 26744 12545 -19288 -13627 END
START -9656 -11236 20256 18902 -20311 -9311 END
START -4648 -6708 15180 21851 -17676 -5671 END
START -2820 -1816 11136 22345 -16850 -4202 END
START -1184 3048 7268 17255 -14453 -4357 END
START 1984 5940 4316 14980 -11888 -5536 END
START 3608 7516 1688 10494 -7631 -7157 END
START 4072 9068 -56 7248 -1921 -10173 END
START 4900 9048 -824 5729 3436 -10972 END
START 4304 9696 -132 5211 9121 -9978 END
START 3540 10576 2196 3427 13724 -8951 END
START 2060 9644 4696 433 17822 -8601 END
START -156 7488 7432 -3789 20041 -9048 END
START -3764 5512 9328 -4975 21060 -9749 END
START -9424 4276 10508 -2780 21497 -9536 END
START -13756 4588 16856 -3235 22725 -12031 END
START -15016 3172 17376 -3634 20028 -12621 END
START -19096 3592 19548 -3328 12343 -8357 END
START -16656 4200 22296 -2015 3674 -1456 END
START -15368 6168 22292 -2323 -1546 2998 END
START -12020 6956 23676 -858 -4391 5193 END
START -8928 7128 22936 -803 -5079 5718 END
START -2568 4812 22668 -853 -1948 2449 END