START 2328 -2316 6884 -3972 7542 1145 END
START 1604 -3096 5464 254 9118 4902 END
START 580 -1436 5740 -379 14371 4099 END
START -1692 -816 6492 30 16933 4304 END
START -1168 -1336 5812 -1929 19761 4479 END
START -2584 -872 6604 -2029 20558 6164 END
START -3584 -912 7904 -3635 22078 5809 END
START -4612 -1092 8964 -4605 22634 5690 END
START -5652 -792 11808 -5458 26562 5590 END
START -7556 -1260 13472 -7512 24671 4063 END
START -9688 -2652 17176 -7313 22050 2750 END
START -11420 -3232 21708 -4400 18927 3499 END
START -12920 -3152 27632 -6165 17257 1652 END
START -15808 -4440 32767 -4678 12366 402 END
START -17756 -6952 32767 -7041 8577 -4364 END
START -18940 -11224 32767 -10635 4640 -10969 END
START -18620 -13972 32767 -887 -2918 -6940 END
START -15064 -12540 32767 3875 -5394 -4475 END
START -12236 -11432 32084 10647 -7818 210 END
START -10012 -7708 28340 10694 -7686 -93 END
START -8480 -5136 24916 12408 -9347 -340 END
START -6200 -3532 20868 12570 -8809 -997 END
START -5108 -1736 17680 13326 -8560 590 END
START -4612 -228 14912 11939 -7739 39 END
START -1948 68 12528 10875 -7309 -338 END
START -3384 1720 10640 9091 -8352 -2612 END
START -2296 1808 9392 8124 -8104 -3796 END
START -1084 1556 8872 6712 -6422 -4403 END
START -1300 2016 7724 5110 -4592 -5331 END
START -804 2636 6700 3681 -3693 -6876 END
START -156 2344 6284 2836 -2292 -7362 END
START 252 2516 6080 1926 14 -7192 END
START 864 2128 5760 1368 2405 -6684 END
START 788 2072 5456 953 4754 -5608 END
START 568 2256 5432 986 6963 -4299 END
START 188 2656 5908 1026 9386 -3340 END
START -216 3376 6344 1116 12035 -3005 END
START -976 3396 7060 1433 14739 -3444 END
START -1248 3292 8800 1836 16983 -4115 END
START -1812 3396 11288 2632 19262 -4383 END
START -2880 3856 13952 2784 20999 -3906 END
START -5636 3608 15852 2953 21453 -3055 END
START -8720 2444 17888 1860 20970 -2294 END
START -14540 3156 21756 2146 19812 -2879 END
START -17968 788 24964 -3637 17913 -3552 END
START -22304 72 27132 -1391 10368 -2844 END
START -22400 -668 28120 -86 4911 -1045 END
START -21908 -136 29348 2650 -2146 -966 END
START -18576 592 30280 4922 -6791 -2301 END
START -16532 1108 28632 5292 -9959 -4329 END
START -14016 732 25216 5899 -13380 -4659 END
START -12184 1060 22236 6095 -15533 -4940 END
START -9200 476 19388 7849 -16799 -3798 END
START -6956 1508 16852 7891 -16674 -3145 END
START -2120 620 13388 7752 -16109 -1701 END
START -3512 1444 12452 7843 -15450 -1943 END
START -2152 1440 10584 9102 -13952 -1038 END
START -1220 2532 9896 7535 -13483 -2517 END
START -728 2840 9608 5928 -12759 -4002 END
START -40 2660 9256 4417 -11605 -5457 END
START 316 2580 8808 2723 -9844 -7201 END
START 768 2332 8692 2383 -7391 -8950 END
START 1000 2204 8588 1917 -4578 -10258 END
START 1296 1672 8300 2639 -2229 -10289 END
START 1432 1544 8204 3434 712 -10152 END
START 1268 1144 7452 4358 4155 -10105 END
START 1404 1520 7060 5638 8049 -10035 END
START 1004 3048 6580 7451 11466 -8900 END
START 1520 5176 7312 9015 13692 -7757 END
START 588 7344 9280 8600 17842 -7137 END
START -2044 9348 10172 7446 21111 -7713 END
START -5480 10240 11120 6193 20960 -11895 END
START -5884 8900 14460 651 23871 -11693 END
START -12868 8440 15748 -4596 22849 -10830 END
START -15828 6044 20784 -2906 25108 -5223 END
START -22984 6072 20020 -6140 20126 1270 END
START -26824 10028 21128 2376 8495 15629 END