START -792 -4020 5600 -2568 7033 4475 END
START -2732 -2964 5840 -2602 8883 4474 END
START -3268 -2236 5116 -2532 10242 3209 END
START -2860 -1832 5252 -2467 12025 2143 END
START -2856 -1488 5288 -2405 14816 1471 END
START -3392 -1488 5460 -2173 17826 719 END
START -4164 -1884 6340 -2507 19466 1004 END
START -5740 -2132 7688 -3441 20959 2120 END
START -4132 -1312 8840 -3767 21720 3430 END
START -7508 -672 12388 -3380 20050 2800 END
START -7936 120 15924 -3424 18027 1973 END
START -8352 876 21812 -2543 15642 817 END
START -8996 796 26464 -3344 13591 -663 END
START -11812 940 32076 -3488 11899 -2597 END
START -12908 -560 32767 -5295 8384 -5710 END
START -16156 -4728 32767 -5638 6642 -4575 END
START -18708 -3724 32767 -4047 1042 -3975 END
START -17632 -5788 32767 -342 -3519 -2735 END
START -14684 -5136 32767 6037 -8385 -840 END
START -13600 -4208 32767 5517 -10028 -2369 END
START -10740 -3980 29348 7259 -12599 -3162 END
START -9116 -4096 25336 9047 -12607 -2782 END
START -7472 -3072 20672 10658 -11977 -1877 END
START -7000 -2468 17284 11740 -11617 -2709 END
START -6276 -1696 14168 10720 -11450 -4246 END
START -5268 -1532 11088 8650 -11719 -6248 END
START -4996 -1184 8944 6575 -11922 -8352 END
START -2284 -3020 6196 6605 -12689 -7805 END
START -2060 -1324 6864 5715 -10849 -7570 END
START -988 -1436 4616 5631 -7727 -7397 END
START -340 -140 3988 5288 -4823 -7189 END
START -576 1348 2832 5433 -412 -6898 END
START 164 2576 744 5724 3335 -6194 END
START 880 4460 -280 6275 5621 -4812 END
START -216 6692 -516 5661 8627 -3854 END
START -116 8496 -1392 3811 11491 -3541 END
START -296 9860 -1064 1374 12999 -3440 END
START -600 9704 1276 -1367 13333 -4670 END
START -384 8852 5636 -5133 14113 -5700 END
START -2020 8344 10208 -6902 15446 -5384 END
START -4300 7372 15816 -5970 15944 -4875 END
START -6720 6016 23052 -5881 14804 -6521 END
START -10144 4516 28000 -4900 12669 -6250 END
START -15452 2540 32767 -1191 7394 -4070 END
START -16724 1572 32767 -6602 6135 -7697 END
START -18456 -568 32767 -886 301 -3149 END
START -12132 -3592 32767 3937 -3611 -1278 END
START -17408 -1960 32767 4356 -9155 -131 END
START -15252 -1532 32767 7994 -13961 384 END
START -12348 -2532 30140 7946 -15637 -1880 END
START -9204 -3408 23704 9251 -16547 -2001 END
START -8272 -2704 20040 11747 -16585 -798 END
START -5664 -1068 15152 11565 -15287 -1299 END
START -4488 -732 11728 11478 -14091 -456 END
START -2896 168 9684 9619 -13731 -2982 END
START -2016 -412 6924 7555 -13083 -6042 END
START -516 -1252 5492 6064 -12054 -7716 END
START -128 -1548 3596 5589 -10453 -8285 END
START 1436 -1344 1476 5659 -7958 -7189 END
START 1916 128 576 5607 -4919 -5798 END
START 2272 2260 -56 4429 -1559 -5603 END
START 2764 4068 448 1837 3148 -7407 END
START 1976 5036 -192 -580 8552 -9057 END
START 2932 5148 -392 751 9262 -8575 END
START 2700 5608 480 1080 11152 -9021 END
START 2492 6052 2708 902 14757 -10768 END
START 1576 6140 4300 342 18525 -11564 END
START -1060 8108 8636 1913 18818 -11179 END
START -3288 8912 11516 1732 22052 -8890 END
START -7236 9304 14652 -180 21509 -7415 END
START -12412 10820 18852 1053 19051 -2982 END
START -16164 14604 23216 2125 15627 1558 END
START -19228 18492 28016 891 13125 1865 END
START -19644 17532 30604 -1342 8166 259 END
START -23856 15216 25548 -4224 -4601 708 END