START 512 -1656 9176 -757 3780 3375 END
START 396 -1280 9828 -1068 5742 2938 END
START -112 -1008 9768 -1289 7517 2845 END
START -736 -1048 8764 -647 9755 3380 END
START -1456 -572 8716 -392 11631 3772 END
START -2224 -644 8916 -427 12913 4208 END
START -2580 -276 9356 -633 14357 4637 END
START -3000 172 9280 -766 16109 4872 END
START -2220 -276 8460 -706 17415 5184 END
START -3044 192 9276 487 19263 5658 END
START -3916 920 10300 426 20009 5537 END
START -6296 928 12512 -532 21467 4810 END
START -7320 -16 13476 -2729 20672 3423 END
START -8552 -1096 14552 -2761 19739 3137 END
START -9740 -1368 15216 -1064 18830 3236 END
START -10124 -724 17252 -1805 19212 1642 END
START -9872 -360 18028 148 17575 2145 END
START -10248 560 19724 437 17088 2594 END
START -11420 1104 21332 -1677 16298 1010 END
START -11372 -40 22980 -2103 15824 1026 END
START -13300 -48 23708 -2210 14033 1753 END
START -15100 -680 24928 -2228 12073 1859 END
START -14656 -888 25896 -707 10199 2073 END
START -15312 184 26092 719 7809 2449 END
START -15104 640 25868 911 5763 2104 END
START -14816 1100 26052 668 3324 1840 END
START -14336 1016 25860 -159 1026 1527 END
START -14244 564 25796 -1128 -1278 1334 END
START -14204 -244 25240 -2124 -3715 1000 END
START -14020 -1208 24932 -2120 -6346 1040 END
START -13524 -1572 24444 -1760 -8744 865 END
START -13100 -1852 23592 -643 -10928 333 END
START -12304 -2640 23180 430 -13367 -606 END
START -11732 -2936 22992 722 -14868 -2166 END
START -10608 -3220 21144 2190 -16559 -2629 END
START -9600 -3076 19252 3994 -17746 -2304 END
START -8512 -2780 17268 5432 -18462 -1817 END
START -7484 -1988 15564 5801 -19252 -1725 END
START -6904 -1396 14044 5520 -19553 -1841 END
START -5796 -640 13516 4795 -20625 -2207 END
START -4860 -868 11604 3291 -20419 -3687 END
START -3592 -1584 10296 3012 -19887 -5177 END
START -2684 -1608 9112 3988 -19249 -6610 END
START -1944 -672 9300 3909 -17715 -8483 END
START -552 -628 8928 3184 -15709 -10342 END
START -44 -868 8612 4181 -13315 -10847 END
START -28 -1072 8812 5012 -10921 -11120 END
START 272 -1172 7608 5692 -8060 -11859 END
START 924 -1492 6464 6583 -4439 -11839 END
START 1040 -1184 5260 7933 -1438 -10172 END
START 1424 -224 4684 8694 1493 -8668 END
START 1448 784 4384 8537 3948 -7913 END
START 1672 1880 4148 7832 6529 -7400 END
START 1316 3212 3824 6800 8937 -6913 END
START 1192 4228 3856 5460 11375 -6778 END
START 1092 4676 4280 3922 13786 -6887 END
START 580 4660 5188 2083 16246 -7254 END
START -56 4028 5768 1098 19153 -7133 END
START -896 3960 6356 1738 21109 -7069 END
START -920 4076 8220 2879 23020 -6537 END
START -1596 4664 9924 3594 26260 -5679 END
START -3592 5564 11264 3766 29492 -5231 END
START -7288 6492 12392 2725 31719 -4908 END
START -11676 6004 12580 1360 31872 -3413 END
START -15556 7228 12996 1557 29478 -735 END
START -18364 8664 15000 -493 25703 472 END
START -20656 11860 20160 1276 18764 167 END
START -21688 11528 25656 -6214 14039 -5410 END
START -22200 7728 28696 -13250 5607 -12487 END
START -23296 2924 30624 -11537 3206 -9649 END
START -21348 -712 30812 -6794 -413 -4608 END
START -21476 344 31116 -2313 -4152 5 END
START -20492 1412 31916 55 -7435 1607 END
START -18872 1348 30672 349 -10386 986 END
START -16676 612 29172 827 -13064 422 END
START -16220 -64 27476 1084 -15312 -539 END
START -13904 -732 24300 2923 -17895 204 END
START -12796 -1116 22056 3624 -20445 1243 END
START -10780 -1136 18304 3800 -22727 1697 END
START -8168 0 15132 5100 -24989 2055 END
START -6192 140 15256 4795 -23571 4724 END
START -6344 2628 12672 3362 -26013 1982 END
START -2096 1972 11296 2923 -27245 1414 END
START -1452 2680 11640 -991 -25806 -905 END
START -544 2932 8872 -1556 -24739 -3282 END
START 1404 1916 8104 -1772 -22367 -5119 END
START 2792 1336 7748 -1113 -18671 -6511 END
START 4048 512 6404 699 -16351 -6122 END
START 4236 800 7780 2828 -14334 -5940 END
START 4932 776 7760 2848 -10736 -6789 END
START 5076 460 7088 3190 -6026 -7884 END
START 5028 188 6172 4292 -1673 -8763 END
START 4604 348 5284 5465 2094 -9002 END
START 4280 460 4604 6433 5432 -8949 END
START 3616 816 4588 7170 8311 -8810 END
START 3108 1696 4976 7196 10718 -9427 END
START 2596 2660 5956 7040 13378 -10446 END
START 1972 3744 7604 6745 16138 -11705 END
START 824 5252 8684 6718 19324 -13963 END
START 272 5840 9048 7732 23546 -17070 END
START -848 6024 9632 8424 28004 -20107 END
START -3488 6108 9448 7256 28992 -25250 END
START -4792 4060 8240 3941 32767 -25677 END
START -9376 2484 13140 -2887 32767 -26045 END
START -16544 -688 8648 -8379 32767 -19456 END
START -21128 -196 8840 -7687 32767 -4471 END
START -26320 4472 9188 1781 22084 16889 END
START -28284 11072 12820 9265 2033 28551 END
START -27244 16228 18612 9147 -15280 28395 END
START -13940 14808 25928 21741 -2515 10355 END
START -18420 14368 21112 -11110 1729 -4532 END
START -19228 10516 23820 -11071 -4026 -10291 END