START 1792 -2964 9760 -1791 -4516 1145 END
START 2144 -3272 7560 -318 -2429 2482 END
START 1644 -3380 6424 1106 -617 4435 END
START 1528 -2868 7340 3211 6565 7046 END
START -784 -1828 4232 2457 4054 5806 END
START -512 -1280 4280 2221 5330 5330 END
START -1136 -1076 3648 1161 6412 4343 END
START -1476 -1284 3336 -199 7605 3258 END
START -1636 -1716 2472 -298 8962 3569 END
START -1772 -1380 2028 -294 10876 4727 END
START -1724 -1152 2628 -77 15724 7191 END
START -3016 360 2472 -840 14968 8345 END
START -2988 1220 2984 -2118 15821 8787 END
START -3200 1320 4076 -4621 16900 7373 END
START -3076 728 4860 -6142 18155 5670 END
START -3388 -520 5452 -6832 19709 4441 END
START -4640 -1868 7336 -6307 20949 3611 END
START -5532 -2816 10208 -5398 21683 3932 END
START -5072 -2644 12588 -4744 23277 5304 END
START -9128 -2160 16688 -2804 21232 6554 END
START -9240 -1540 21280 -4825 19368 5045 END
START -10628 -2344 26644 -4335 16005 4488 END
START -12364 -1740 32696 -3342 12930 2595 END
START -11904 -4032 32767 -4968 9252 -271 END
START -12248 -3596 32767 -822 7483 -1250 END
START -16104 -3832 32767 -637 5666 -1561 END
START -17344 -4320 32767 1459 2908 -1408 END
START -17340 -5536 32767 2693 -1041 -1251 END
START -16208 -5208 32767 4650 -5704 -169 END
START -14372 -4364 32767 6133 -9283 759 END
START -12316 -3288 32208 6206 -11528 373 END
START -10560 -2756 28312 5922 -13071 -875 END
START -9024 -2308 24836 5419 -13996 -1913 END
START -7072 -2488 20952 5781 -14292 -2121 END
START -5640 -2432 18548 5126 -14767 -2702 END
START -5148 -2720 15680 3346 -14306 -3987 END
START -4092 -2828 12660 4166 -14536 -3999 END
START -2684 -2028 10644 4298 -14560 -4638 END
START -1472 -1812 9072 3362 -13973 -6114 END
START -460 -1632 7564 2794 -12803 -7394 END
START 644 -1340 6664 2832 -11591 -7836 END
START -248 -304 6460 3124 -9951 -7857 END
START 748 -1216 6360 2645 -7752 -8565 END
START 1252 -1076 6168 2569 -5100 -9730 END
START 888 -1316 5232 2991 -2933 -10379 END
START 968 -1420 5116 4277 -1059 -9039 END
START 504 -784 4744 4695 775 -7165 END
START 336 512 4520 4217 2400 -6034 END
START -120 1540 4452 3791 3747 -5115 END
START -524 3024 4540 3449 5229 -4767 END
START -608 3964 4752 3001 7127 -5026 END
START -500 4448 5100 2936 9327 -5239 END
START -352 4384 5552 3134 11661 -4932 END
START -684 5044 5888 2925 13940 -4883 END
START -1048 5172 6280 2071 16186 -5002 END
START -1680 5372 7052 792 17774 -4810 END
START -2484 5364 7908 -260 19063 -4161 END
START -3764 5000 9384 -1150 19382 -3290 END
START -6272 5688 11620 -1955 19930 -2684 END
START -8412 6632 14196 -2502 20530 -2463 END
START -10188 7892 16868 -810 20583 -567 END
START -11292 7860 20940 -1602 18533 -493 END
START -12872 6976 26800 -3016 14387 -2459 END
START -14908 5012 31844 -6000 10492 -4843 END
START -19092 3028 32767 -9417 7616 -6766 END
START -19352 -1324 32767 -5073 3477 -1165 END
START -20612 80 32767 -385 -767 3064 END
START -18828 1736 32767 921 -5014 3805 END
START -16448 2564 32767 1230 -9065 2314 END
START -13880 1060 32767 91 -11734 525 END
START -11500 -540 30840 1266 -13990 749 END
START -9232 -1608 28628 2676 -15333 1122 END
START -5864 -2080 24584 2174 -15427 1048 END
START -6112 -1052 21700 4315 -15516 1655 END
START -5140 -972 19212 4821 -14874 1086 END
START -3568 -372 16052 3827 -14426 -765 END
START -2672 72 14592 3854 -13750 -2161 END
START -2396 32 12788 2439 -13557 -4042 END
START -1732 -516 10356 2472 -13085 -4071 END
START -2196 -700 9676 1177 -13049 -4769 END
START -1540 -1084 8056 2395 -12293 -3841 END
START -1344 -872 7704 2678 -11334 -3384 END
START -864 -548 6632 2440 -10450 -4065 END
START -660 -164 6348 2475 -9529 -4945 END
START 68 -112 5628 2145 -8273 -5985 END
START 564 40 5492 1602 -6885 -7276 END
START 1072 -380 4908 1690 -5298 -8035 END
START 1652 -676 4804 1990 -3064 -8167 END
START 1896 -756 4628 2664 -486 -7952 END
START 2496 -600 4296 3194 2266 -7850 END
START 2664 -708 4048 3837 5261 -7843 END
START 2800 -736 3800 4490 8314 -7769 END
START 2536 -24 3644 5341 11318 -7384 END
START 1740 1804 3440 6297 14387 -6768 END
START 1064 3764 3868 6929 17465 -6431 END
START 560 5636 4908 6844 20464 -6452 END
START -696 7716 6760 7120 23000 -6774 END
START -2228 8728 10160 5846 25393 -8089 END
START -5500 8368 11632 3136 23250 -12991 END
START -6756 6120 14564 108 26333 -10749 END
START -11636 4776 18212 629 25602 -8554 END
START -17000 5588 21072 -866 27458 -5050 END
START -24452 7552 20448 574 20908 3632 END
START -27292 12692 24116 4380 13361 10779 END
START -24648 17592 27984 -5744 6369 4636 END
START -22260 16424 32308 -3296 -245 1241 END