START 1188 -2716 13116 556 -7765 -530 END
START 688 -3380 10980 1061 -7462 749 END
START 1444 -2548 12196 2705 -5879 1607 END
START 1948 -2560 10488 3406 -4011 2925 END
START 1772 -1700 9788 3301 -1837 3298 END
START 1636 -1116 8616 3650 -258 3403 END
START 1628 -156 8448 3322 1728 3272 END
START 824 8 7272 2104 3027 3513 END
START 716 504 7264 748 4127 3296 END
START 416 572 7180 -316 5424 3134 END
START 28 544 7104 -1584 6943 2375 END
START -136 364 7132 -2334 8634 1730 END
START 1080 184 6232 -2756 10894 1940 END
START 92 20 7204 -3408 11705 1423 END
START -692 -316 7116 -3538 13002 434 END
START -256 -544 7712 -3978 14997 -105 END
START -316 -764 7720 -3616 17541 491 END
START -712 -828 7652 -2710 19983 1712 END
START -1552 -268 7276 -2598 22846 3098 END
START -2520 332 7464 -1867 25087 5434 END
START -3732 1320 8132 -780 26326 6966 END
START -5284 1300 9948 -2405 27009 6180 END
START -6280 2060 12244 -4237 26915 4036 END
START -9616 1776 14148 -5639 25267 2717 END
START -11208 816 16568 -6253 22701 1427 END
START -12968 -760 22392 -6088 19176 -404 END
START -13696 -2156 26736 -6977 14715 -1944 END
START -14132 -3540 31096 -6767 11079 -3065 END
START -15024 -5424 32767 -4549 7801 -2168 END
START -14396 -4260 32767 -3970 4741 -1971 END
START -14840 -5992 32767 1492 2674 -137 END
START -13412 -7172 32767 3818 364 -340 END
START -15628 -6252 32767 5550 -2757 -342 END
START -14568 -5332 32767 7749 -5018 50 END
START -13936 -4484 32767 9325 -7517 -91 END
START -13116 -3152 29720 10242 -10133 -414 END
START -12224 -2132 26900 10830 -12612 -225 END
START -11292 -920 23748 10023 -14223 -523 END
START -9996 116 20656 9395 -15859 -1281 END
START -8880 524 18040 8996 -17577 -1780 END
START -7168 1288 15656 7189 -18250 -2787 END
START -5372 1572 13596 6187 -18552 -3630 END
START -3632 1548 11796 4960 -18412 -4512 END
START -2280 1648 10308 4077 -17516 -4967 END
START -1096 1624 8580 3428 -16029 -5440 END
START 92 1684 7548 3376 -13969 -4873 END
START 608 1848 6788 3109 -11618 -4290 END
START 628 2748 5856 2613 -10083 -4298 END
START 1240 2888 4752 2251 -8477 -4559 END
START 1420 3436 4344 1792 -6058 -4535 END
START 1668 3408 3532 1546 -3435 -4577 END
START 3920 3180 2620 1444 -763 -4141 END
START 1380 3888 2684 1052 1427 -4391 END
START 1904 4144 2408 738 3222 -4313 END
START 2220 3584 2456 -119 5270 -3852 END
START 2164 3232 2644 -809 7407 -2394 END
START 1992 3236 2888 -1231 9494 -961 END
START 1544 3380 3116 -1577 11961 -163 END
START 880 3248 3704 -1488 14484 -260 END
START 372 3332 4860 -1199 16128 -1055 END
START -140 2832 6512 -1219 18300 -2186 END
START -1048 2756 7804 -2097 20261 -3529 END
START -2320 2408 8964 -2593 21999 -4211 END
START -3972 776 9552 -3314 23697 -4271 END
START -6584 68 10968 -3008 23827 -2659 END
START -9600 652 14588 -497 22430 910 END
START -11864 2800 18596 672 20361 3108 END
START -11560 5436 22996 -1298 19316 1030 END
START -17372 5052 26248 -3528 16796 -2239 END
START -20008 3224 29048 -4345 11665 -4955 END
START -19336 836 32040 -6370 8845 -7816 END
START -20608 -2092 32000 -1355 4726 -3272 END
START -19344 -1432 32767 861 1535 456 END
START -18844 -44 32767 2474 -1336 1525 END
START -18772 132 32767 3393 -4336 493 END
START -17268 36 32767 4201 -6998 -445 END
START -16036 -572 32464 4863 -9274 -520 END
START -15196 -772 28912 5586 -11580 -30 END
START -13660 -900 26584 6788 -13778 243 END
START -12292 -476 23604 6228 -15457 -887 END
START -10164 -500 20480 6831 -16642 -1010 END
START -8212 132 19212 7348 -17520 -495 END
START -7072 1716 17544 6426 -17272 -1225 END
START -7100 1192 15092 6412 -18365 -1848 END
START -5592 1204 13752 4971 -18649 -3488 END
START -3876 1380 11760 3329 -18431 -5410 END
START -2876 1324 10004 4791 -17984 -4847 END
START -1564 1796 8416 3396 -16825 -6268 END
START 548 1596 6736 2679 -16147 -7567 END
START 1448 1884 6776 2798 -14993 -7766 END
START 2064 1960 5800 2181 -13285 -8004 END
START 2580 1896 5248 2063 -10735 -7612 END
START 2796 2612 4708 1446 -7907 -7727 END
START 2880 2740 4212 1209 -5121 -8010 END
START 3084 2692 3464 1117 -2166 -7461 END
START 2844 2944 3220 1813 575 -5849 END
START 2160 3840 3112 1592 3185 -5261 END
START 1940 4184 2948 1159 5933 -5396 END
START 1696 4104 2740 1011 8430 -4880 END
START 1020 4308 3112 935 11347 -4223 END
START 444 4604 3340 879 14402 -3899 END
START 96 5008 4508 1221 17091 -3864 END
START 240 5680 5616 1688 20131 -3709 END
START -224 6820 8276 2772 23944 -4206 END
START -940 7424 10272 2851 27667 -5485 END
START -3088 7760 10084 2107 27590 -8368 END
START -6308 4488 10800 1844 27892 -10140 END
START -10448 3668 14704 -2452 29213 -9828 END
START -16960 2156 17052 -3793 25830 -5541 END
START -21268 5968 22560 -2629 19595 1759 END
START -24072 9312 24812 -1474 8463 8983 END