START 984 -1984 8736 -1359 1499 6768 END
START -2764 -1976 11104 -335 1247 5966 END
START -2388 -1372 9744 -937 1174 4110 END
START -1764 -1708 9592 -1563 1836 2724 END
START -1180 -1980 9000 -1668 3020 1799 END
START -752 -2392 8256 -1251 4540 1863 END
START -296 -2628 8152 -925 6551 2688 END
START -340 -2328 6452 -243 8860 4411 END
START -512 -1128 6040 609 10752 6211 END
START -880 316 5520 385 12998 6910 END
START -1112 1436 5196 -159 15128 6981 END
START -1832 1968 5436 -1090 17318 6022 END
START -2300 1944 5920 -2312 19159 4637 END
START -1260 1684 6616 -4212 20836 3655 END
START -3336 828 8884 -4661 21252 2459 END
START -5664 -188 9808 -6274 22811 704 END
START -7016 -1116 11412 -5721 23840 716 END
START -8332 -1472 14976 -4717 21862 1469 END
START -9284 -1844 19548 -4099 20107 2160 END
START -11332 -1596 24976 -3300 17404 2037 END
START -12704 -972 29800 -4876 15184 -1384 END
START -16484 -2632 32767 -5432 11189 -3889 END
START -18148 -1964 32767 -4556 4884 -5576 END
START -17872 -4988 32767 -3241 2438 -6355 END
START -18476 -5252 32767 1988 -1795 -2771 END
START -17928 -4592 32767 4336 -4872 -946 END
START -17880 -3320 32767 5325 -8867 -315 END
START -17000 -2704 32767 7307 -12298 -676 END
START -15300 -2580 29904 7726 -14497 -1043 END
START -12428 -3120 25408 9142 -16474 -842 END
START -9956 -2264 22220 9143 -17438 -1244 END
START -8196 -1940 18580 9982 -17717 -1139 END
START -5436 -1740 15900 10088 -17577 -330 END
START -4980 -48 13192 7770 -16704 -2142 END
START -3800 684 10700 7305 -17021 -2886 END
START -3104 768 8856 5645 -16979 -3929 END
START -1696 1148 6836 3366 -17169 -6609 END
START 812 164 5628 2166 -15854 -8591 END
START 1836 -172 4536 1550 -13742 -9588 END
START 2812 -500 3384 1130 -11116 -10327 END
START 3000 -332 2476 1342 -8364 -10343 END
START 3740 -296 2020 1644 -4649 -9373 END
START 3448 8 1380 2494 -742 -7636 END
START 3204 1228 260 2287 3176 -6216 END
START 3024 2308 -332 2139 6848 -5303 END
START 2880 3172 -1540 1869 10034 -4856 END
START 2656 4208 -2004 1670 13499 -4479 END
START 1980 5064 -1656 1213 16710 -4398 END
START 1004 5300 -932 630 19946 -3717 END
START -76 5576 832 -448 21704 -3380 END
START -1424 6164 4864 -1631 23412 -3548 END
START -2944 6824 8972 -2570 24501 -3692 END
START -5052 6880 15592 -2806 22470 -3407 END
START -7628 6256 23884 -7071 20688 -5949 END
START -15852 4768 28176 -9409 18891 -9163 END
START -22340 2256 31764 -7107 14156 -10579 END
START -22968 -48 32767 -5064 7935 -9633 END
START -21484 200 32767 -2415 1784 -6592 END
START -13588 -2560 32767 704 -1188 -6929 END
START -19660 -1472 32767 506 -6929 -3155 END
START -16424 -2068 32767 5701 -9964 -1673 END
START -12832 -1692 32767 8139 -12827 -1685 END
START -10956 -1024 28812 10144 -14073 -237 END
START -8996 1040 23756 13085 -14344 2551 END
START -7272 2636 19196 11415 -14414 2732 END
START -5768 3268 15420 9580 -15347 1388 END
START -4792 3496 12480 7615 -16606 -1136 END
START -2788 2652 10288 5936 -17211 -4092 END
START -512 1872 8772 4836 -17120 -6163 END
START 1264 1304 7516 3558 -16053 -7508 END
START 2808 900 6992 2953 -14041 -8655 END
START 2644 388 5948 2732 -11569 -9332 END
START 3616 -300 4644 2610 -9151 -9342 END
START 3452 -476 4040 2611 -6513 -8854 END
START 3344 -324 3300 3263 -4047 -7435 END
START 3524 332 2960 3213 -1541 -6312 END
START 3132 972 2884 2810 1190 -5663 END
START 2860 1664 2864 2537 3854 -5753 END
START 2364 2468 3040 2794 6762 -6059 END
START 1864 3352 3616 3105 10184 -6507 END
START 1576 3924 4440 4082 13557 -6227 END
START 1248 5084 6048 3723 17801 -6219 END
START 252 6656 8152 4464 20918 -5508 END
START -108 7436 9956 4505 23354 -5229 END
START -1592 7436 11348 4374 25296 -5674 END
START -5368 6112 13348 2885 25589 -6384 END
START -8308 5536 16452 -146 23055 -7173 END
START -15056 7324 17604 79 23093 -1021 END
START -18852 9972 20284 2563 18077 3925 END
START -20896 14492 24940 235 15003 2628 END
START -21804 15240 26260 -380 8504 2374 END
START -18728 16820 28908 -2925 2365 -788 END
START -17804 12624 29928 -5137 1762 -2394 END
START -14728 10312 27632 -4693 -3715 -154 END
START -14712 8756 27672 -4549 -103 3761 END
START -12496 8280 25660 -3002 -2961 6545 END
START -9836 7220 23796 -2812 -3226 10303 END