START -1000 248 5880 1284 12896 1778 END
START -1348 564 5580 719 15730 2312 END
START -1636 872 5512 -333 17644 2727 END
START -1324 1136 6156 -2347 20192 2666 END
START -1060 -80 5908 -4062 22405 3011 END
START -1084 -404 5412 -5466 25862 4102 END
START -984 -1064 4984 -4779 28840 6304 END
START -1832 -748 6524 -3884 31432 8321 END
START -4076 408 8320 -3176 32767 8798 END
START -4272 -580 10932 -7073 32767 6813 END
START -7624 -480 12740 -4476 32767 7114 END
START -10420 -752 17328 -8225 32767 5544 END
START -11044 -3504 20772 -8670 32767 2452 END
START -20972 -3972 26060 -7725 26840 1090 END
START -22840 -6912 30000 -6714 15401 684 END
START -24796 -7484 32767 -3392 6730 1348 END
START -29624 -7548 32767 -2760 -396 1505 END
START -23384 -7240 32767 1951 -5830 -1026 END
START -20992 -8704 32767 7025 -13706 -3395 END
START -16172 -8256 29500 8186 -20140 -5816 END
START -11812 -7720 25216 9974 -23291 -6555 END
START -7888 -6800 20732 11894 -24464 -5928 END
START -8188 -4528 17200 14180 -23944 -4715 END
START -5196 -2828 13016 12362 -22271 -4900 END
START -3204 -972 10416 10891 -22487 -6505 END
START -1360 364 9008 7797 -20987 -8526 END
START 416 808 6960 5093 -20096 -10984 END
START 2592 228 7028 2724 -16810 -12739 END
START 3012 572 5812 2183 -11327 -11786 END
START 2740 1704 4412 3283 -4126 -9357 END
START 3800 3476 2816 4842 3121 -6214 END
START 3604 5572 1756 6048 9750 -2510 END
START 3604 7500 1904 5895 16202 -233 END
START 3164 8524 2800 3156 21598 811 END
START 2256 8268 4656 -1140 25558 731 END
START 1520 7044 6988 -7987 28538 138 END
START -2420 3860 7616 -10940 28191 1869 END
START -7916 812 15676 -8801 24994 3930 END
START -11004 732 28012 -12859 29787 -2147 END
START -14820 -9912 24452 -9837 28785 -4712 END
START -24992 -8280 27752 -720 21379 -5102 END
START -29364 -7300 24352 4605 4227 -4726 END
START -27176 -5440 24968 5770 -12413 -6088 END
START -20436 -4236 23316 5032 -24407 -9527 END
START -13036 -5288 22392 5520 -27605 -14863 END
START -7920 -7264 18532 8584 -29941 -18042 END
START -2092 -5844 16192 10705 -29567 -18168 END
START -644 -3540 11096 14707 -26566 -14924 END
START 2968 -708 9240 15080 -21141 -13980 END
START 3060 1256 7456 12112 -13852 -14338 END
START 3420 4324 5732 10807 -7568 -10528 END
START 4768 6640 4052 11694 -557 -6537 END
START 3480 10632 3160 11301 5421 -6185 END
START 4628 12940 2800 12442 10233 -7450 END
START 5156 13700 6024 12162 18167 -8475 END
START 3676 14112 8348 5531 23467 -10383 END
START 2780 12652 9056 -1481 29027 -10023 END
START -3500 9200 8136 -9340 31285 -6524 END
START -6600 7604 16084 -6779 32767 -6697 END
START -15044 6500 16972 -10657 32767 -11973 END
START -20064 1736 15040 -6095 32767 -6352 END
START -28528 5296 18020 2786 26502 1322 END
START -30304 8816 19464 5359 9056 9073 END
START -29940 10008 21760 1486 -15726 9129 END
START -21300 10256 22516 -4695 -29719 8932 END
START -9260 11008 32767 1028 -16751 1051 END
START -4872 3528 20176 1145 -7916 -1149 END
START -10276 3116 21212 -2456 -10174 2213 END