START -2292 -120 16284 -4473 -11941 4631 END
START -1572 -1196 15400 -3739 -11647 1892 END
START -860 -2468 13812 -2497 -11205 1650 END
START -228 -3076 13168 -2189 -9955 1257 END
START 528 -3640 10760 -1020 -8641 2595 END
START 1360 -2984 10396 749 -7210 4132 END
START 636 -2076 9076 2221 -5368 5244 END
START 1180 -1100 8916 1416 -3432 4754 END
START 564 -352 7596 920 -889 4306 END
START 940 -192 6616 928 370 4187 END
START 1116 304 6544 -2 2306 3304 END
START 928 104 5964 -586 4363 2551 END
START 844 -92 5684 -1295 6672 2053 END
START 728 -388 5412 -1841 8884 1654 END
START 908 -1092 4944 -1759 11578 1561 END
START 644 -1496 4560 -943 14480 1757 END
START 684 -1564 4880 98 17000 2227 END
START 464 -1372 5544 -58 20074 2346 END
START -296 -1260 5488 202 23139 3218 END
START -1548 -500 5284 275 24978 3847 END
START -2104 44 5524 130 26944 4362 END
START -2964 216 6584 950 27871 5192 END
START -5224 928 8668 -504 29112 4656 END
START -7532 1172 10664 -2070 29013 3073 END
START -8620 -428 11192 -3333 27202 1959 END
START -10804 -440 15208 -2551 26089 1864 END
START -13168 -204 19436 -2703 23397 1545 END
START -14856 188 24060 -2986 20140 1014 END
START -15484 208 28588 -4266 16433 -467 END
START -17520 -1056 32344 -5081 13475 -1534 END
START -21564 -1976 32767 -6008 9419 -3203 END
START -19596 -4604 32767 -4336 4470 -3535 END
START -22124 -5336 32767 -623 662 -2186 END
START -21600 -5848 32767 1643 -3835 -904 END
START -20460 -4736 32596 3849 -8561 -22 END
START -18304 -4064 29648 4427 -11864 -359 END
START -16304 -2964 26272 5491 -14985 -542 END
START -13732 -2088 23724 5623 -16924 -1423 END
START -12296 -1420 21240 4823 -18382 -2671 END
START -9468 -1168 18448 5793 -19162 -2752 END
START -8532 -1016 16452 5208 -19008 -3171 END
START -7512 -1152 13340 5640 -18807 -3013 END
START -5220 -364 12156 4766 -17906 -3709 END
START -4352 -388 10940 5370 -17541 -2385 END
START -3856 620 10940 4546 -16434 -1920 END
START -3112 1104 9376 3730 -14997 -2277 END
START -2092 1268 7984 3634 -13783 -3250 END
START -880 1324 6796 3836 -12572 -4140 END
START 152 1536 6336 3604 -11116 -4729 END
START 1004 2104 5376 3785 -8196 -3763 END
START 1444 1984 5552 2836 -6722 -5783 END
START 2284 2340 5220 2491 -4517 -6471 END
START 3304 2268 4584 1695 -1286 -7488 END
START 2460 2072 4556 3086 2412 -6688 END
START 4112 1600 4528 3172 6150 -6477 END
START 4024 1616 4500 4355 9901 -4888 END
START 3868 2036 4256 4973 13720 -3377 END
START 3488 2832 4316 5559 16842 -1669 END
START 2756 4036 5168 5445 19714 -531 END
START 1280 4948 6592 4670 22089 108 END
START -744 5940 8004 3950 23916 185 END
START -3124 6164 10212 3435 25542 -206 END
START -6848 7500 11800 2264 25163 -1573 END
START -9340 6996 13496 2700 23936 -1794 END
START -13928 6628 17292 -1262 24310 -2237 END
START -16228 6604 21228 -832 19530 -629 END
START -19712 6872 25508 -2968 14982 21 END
START -21860 7212 27684 -5964 8470 -1585 END
START -21528 3568 32324 -6959 4512 -3380 END
START -22712 2252 32064 -7515 -986 -4159 END
START -21856 -524 32564 -6466 -5496 -4888 END
START -18584 -2988 32028 -3486 -9131 -5022 END
START -16092 -4344 30128 -164 -11376 -3242 END
START -13428 -4676 27652 3315 -13037 -1461 END
START -11240 -4004 24504 5723 -14125 31 END
START -9944 -3008 22272 7082 -15064 85 END
START -9024 -2016 19896 7468 -15625 -157 END
START -8032 -596 17588 8102 -17127 -608 END
START -6988 224 15252 6406 -17277 -2429 END
START -6236 632 12672 6619 -18601 -3401 END
START -4924 476 13124 6003 -17854 -3462 END
START -3608 72 11476 6104 -18751 -4862 END
START -3076 128 15508 5432 -19395 -5242 END
START -3760 444 11080 -765 -17398 -12695 END
START -1960 -1420 7164 3338 -17460 -12789 END
START -352 -1276 6620 6658 -14652 -10540 END
START 4776 -1088 3708 7748 -12513 -8290 END
START 804 2224 4308 8961 -10799 -7179 END
START 1564 4096 3152 7849 -8742 -5904 END
START 588 6240 4412 6133 -6907 -5742 END
START 1676 6072 4700 2717 -5215 -7595 END
START 2232 5416 5120 -10 -2398 -10070 END
START 2604 3456 4392 237 710 -10494 END
START 3252 2832 4520 1008 4555 -10328 END
START 3384 2316 4468 2487 8447 -9165 END
START 3272 3472 5108 4060 12065 -7521 END
START 3048 4804 6744 5551 16516 -6989 END
START 2620 6132 7548 6312 20944 -7000 END
START 1500 7284 8920 6652 25853 -8344 END
START 356 7852 8292 6813 26452 -11088 END
START -884 7336 10292 8506 31118 -12088 END
START -5252 8264 8980 5073 32767 -14341 END
START -6944 7968 13508 4616 32767 -15710 END
START -13588 8156 16352 -2978 32767 -16150 END
START -20020 4960 13780 -3247 32767 -6814 END