START -128 -3372 8796 -2136 -2598 5493 END
START 168 -2660 7496 580 -1429 6836 END
START 84 -1872 8164 -337 50 7139 END
START -208 -1088 7724 -728 1859 6951 END
START -320 -1056 6780 -625 5142 6617 END
START -388 -492 5960 -1234 7466 4764 END
START -108 -932 5516 -658 10317 3293 END
START -460 -796 4804 490 12860 2798 END
START -468 -940 5456 1755 15179 2928 END
START -812 -804 5560 2244 17030 3684 END
START -1368 -164 6920 866 19243 3799 END
START -2188 -404 7584 641 20992 4362 END
START -3392 176 8712 431 21884 4361 END
START -4252 -288 9872 -1476 23950 3082 END
START -5984 -20 10248 -1461 24239 872 END
START -6736 -676 11284 -881 24736 171 END
START -8080 -524 13036 919 24042 673 END
START -9788 328 15380 1419 23475 1236 END
START -11072 1412 18024 952 22352 1744 END
START -12988 2268 20980 60 21258 2082 END
START -15600 3044 24280 -1702 19316 1286 END
START -17428 2728 25976 -3051 17259 203 END
START -18872 2396 26852 -2976 14518 -668 END
START -21748 1104 29364 -2408 9724 -1201 END
START -21132 300 32767 -3344 6575 -3102 END
START -23352 -1524 30556 -2540 2047 -1949 END
START -23048 -1832 32576 -170 -3830 -114 END
START -22196 -2164 31648 -90 -8129 -417 END
START -20828 -2184 28716 1792 -12158 -235 END
START -18236 -1996 25604 2887 -15630 -1060 END
START -15796 -2108 22416 3570 -18425 -1566 END
START -12496 -1544 20228 2538 -20109 -3088 END
START -11044 -1752 16816 2794 -22004 -2679 END
START -9196 -1640 14780 2617 -22702 -2075 END
START -7800 -1012 11812 2338 -22815 -2361 END
START -5880 -12 9808 2320 -23349 -2382 END
START -4568 856 8600 2411 -22604 -2995 END
START -2968 1204 8760 2602 -22129 -3485 END
START -1812 1536 8712 1613 -20993 -4585 END
START -704 1436 8592 136 -18846 -6317 END
START 368 672 7548 -296 -15990 -8348 END
START 1564 228 6320 636 -13094 -9218 END
START 3124 -164 5696 2636 -9675 -8778 END
START 3896 72 5964 4331 -5396 -8329 END
START 4340 12 5096 5664 -944 -7727 END
START 4220 588 4836 6742 3172 -7119 END
START 4024 1176 4200 7737 6784 -6263 END
START 3704 1920 3864 8681 10480 -5111 END
START 3432 3060 3724 9349 14184 -3592 END
START 2884 4448 4456 9502 17709 -2240 END
START 2048 5960 5980 9384 20795 -1216 END
START 932 7772 8472 8592 23462 -763 END
START -676 9092 10528 6603 26515 -1552 END
START -4276 8908 12260 2390 30286 -4400 END
START -6272 6808 11860 1791 31296 -7096 END
START -11424 5608 12844 859 31747 -7873 END
START -12532 4912 17552 1751 29341 -5292 END
START -17392 5216 21640 -1260 25368 -5993 END
START -21328 2116 21156 -8701 27737 -5669 END
START -26788 2832 24512 -4630 18851 -1765 END
START -26940 2452 23120 -1742 9352 896 END
START -28284 3100 23652 1610 2043 2735 END
START -26152 2848 23864 3035 -8184 2584 END
START -23416 3324 26184 1179 -14778 -579 END
START -19844 2720 25192 -474 -18429 -3784 END
START -16472 932 23700 186 -20979 -4604 END
START -13828 -396 21464 330 -22283 -4841 END
START -9872 -1496 17732 2018 -24543 -3164 END
START -8824 -632 16700 3618 -22862 -999 END
START -7460 -112 14920 5027 -22889 1082 END
START -6160 1708 14684 5523 -22054 2192 END
START -5564 3692 14584 4015 -21888 413 END
START -4580 3588 13664 2356 -20713 -2231 END
START -3276 2768 12268 1184 -19677 -4250 END
START -2284 1428 10248 395 -18634 -5344 END
START -988 692 9476 749 -15551 -4327 END
START -76 740 8744 2494 -15103 -1996 END
START -752 1932 9316 2462 -16948 -2567 END
START 980 2284 9104 2016 -15660 -1781 END
START 1308 2948 9580 532 -13499 -2933 END
START 2116 3312 8884 204 -11270 -4831 END
START 2732 3240 7940 1077 -8692 -6440 END
START 3408 2532 7836 1929 -5656 -8543 END
START 4080 2000 7564 2601 -2282 -10052 END
START 4376 1604 7556 3791 1453 -10977 END
START 3464 2360 8032 4848 5610 -11585 END
START 2868 2892 8140 5911 9941 -12188 END
START 2092 3416 8364 7515 13776 -12451 END
START 1788 4812 8968 9797 17869 -12391 END
START 1252 6008 10192 11049 22718 -12841 END
START 568 6772 11332 13152 26944 -13697 END
START 632 6924 10176 10545 27532 -15906 END
START -5164 4900 8916 2628 32767 -19347 END
START -8404 4732 14820 -1508 32767 -19614 END
START -12688 1624 11796 -9148 32767 -21375 END
START -22560 -2128 3748 -6282 32767 -5924 END
START -28152 4352 8972 5486 29037 15428 END
START -29516 9216 11592 10094 7087 22714 END
START -28920 11312 14368 12019 -13886 21962 END
START -24704 10724 14700 3296 -19635 12750 END
START -19572 10128 29788 -13403 -4368 -5747 END
START -17264 6336 19984 -3547 -5460 -8660 END
START -11220 3004 18036 -3210 -8801 -6448 END