START 3636 -3520 3096 -2844 7210 -256 END
START 2916 -3648 2956 -1778 10418 478 END
START 1920 -2976 2696 -1360 13625 907 END
START 1220 -1616 1992 -1427 16430 1662 END
START -220 8 1652 -2780 18192 1981 END
START -1256 336 1456 -4599 19120 942 END
START 300 -400 1284 -6993 20545 -451 END
START -3204 -1608 2828 -8828 20457 -2935 END
START -3484 -2808 3824 -8723 20567 -2703 END
START -4920 -3412 5844 -8430 22250 -2189 END
START -5120 -2516 6984 -6487 23024 -2433 END
START -4184 -5156 8964 -5354 24703 -1416 END
START -5332 -4356 15432 190 26937 3043 END
START -7732 -2528 16816 3121 27440 4543 END
START -8628 -392 20500 1932 24253 1704 END
START -10052 948 25300 3274 21607 1373 END
START -8940 1880 30136 2824 17878 2110 END
START -11368 7288 32767 1890 16425 17 END
START -12184 7348 32767 6577 14647 2987 END
START -15748 9392 32767 4326 10904 2391 END
START -17472 8952 32767 1330 7726 -204 END
START -20916 6432 32767 31 2857 -1742 END
START -18524 3424 32767 606 -2898 -946 END
START -16996 1724 32767 710 -7711 -73 END
START -14560 1072 32767 1753 -11743 772 END
START -12888 840 32767 1717 -13903 86 END
START -11600 -24 31456 2007 -15545 -786 END
START -10400 -908 27532 3124 -16833 -871 END
START -9492 -1736 24340 3293 -17612 -1253 END
START -8136 -2712 20368 4191 -17990 -2091 END
START -7464 -2868 16972 4844 -17765 -3757 END
START -6428 -3308 12804 4360 -17583 -6395 END
START -3700 -4652 9288 5665 -17400 -7321 END
START -3640 -3764 8204 5277 -16357 -8969 END
START -2100 -4332 5120 5687 -15002 -9478 END
START -1532 -3640 4056 5645 -13309 -9870 END
START -172 -3932 2124 4782 -10738 -10901 END
START 140 -3700 1320 5312 -8284 -10529 END
START 0 -1648 448 5157 -4767 -9507 END
START 736 -1176 -60 5056 -2071 -9024 END
START 852 0 -1216 4200 1035 -8558 END
START 1244 1832 -2224 4789 3155 -6708 END
START 1724 4484 -2708 4494 6791 -5367 END
START 432 7324 -3072 4674 10443 -3996 END
START 2656 10236 -3420 4574 15021 -2616 END
START 2444 13916 -1340 4121 18893 -1139 END
START 2964 15304 1896 1769 20721 -62 END
START -540 15592 6664 -4061 21625 -2169 END
START -112 13008 10212 -7535 21771 -2414 END
START -6160 13360 16448 -7638 20709 -297 END
START -10564 13256 27524 -5547 15610 521 END
START -14712 9260 32767 -10571 8979 -1443 END
START -18448 5992 32767 -12880 8814 -9468 END
START -20428 -4376 32767 -16359 -552 -11836 END
START -27608 -9280 32767 -10982 -12654 -7213 END
START -14716 -13420 32767 -3472 -9838 -6744 END
START -11304 -11608 32767 7235 -13838 -2078 END
START -8140 -11320 29612 9018 -13329 -4091 END
START -6016 -8932 23528 11798 -12746 -4546 END
START -5388 -7176 19016 13956 -10742 -4124 END
START -5516 -5280 13336 14361 -9655 -5410 END
START -4460 -4644 9128 14197 -8859 -7910 END
START -2884 -4160 4612 14304 -7763 -9045 END
START -1368 -2412 620 14410 -6269 -9189 END
START -1236 1292 -2328 12602 -2131 -8328 END
START 1816 2968 -4764 9986 -292 -9460 END
START 1992 6148 -6592 7870 2483 -9025 END
START 4940 8196 -6416 6307 6843 -9961 END
START 4944 10120 -5868 4332 10763 -11337 END
START 4928 11260 -3184 4363 13996 -12058 END
START 3900 12876 1440 3864 17672 -11467 END
START 680 11940 6264 -287 21064 -14066 END
START -3204 8464 9304 -5000 21917 -15576 END
START -8516 6928 13180 -3005 21614 -11881 END
START -15592 9400 18956 -102 18604 -5408 END
START -19288 13896 25560 4030 14378 -1240 END
START -21320 16220 29680 -160 12816 -2431 END
START -19372 15160 29648 -1167 7524 -2016 END