START 96 208 9380 777 25196 -4188 END
START -2884 -476 8616 1882 28596 -1818 END
START -7360 2664 7912 392 30583 -1163 END
START -9188 3456 8160 -444 28000 479 END
START -10404 4016 10232 -2570 23219 1158 END
START -11792 3784 12932 -9177 17995 -2801 END
START -10240 1988 16336 -11086 19464 -6234 END
START -8060 -336 17412 -12457 24713 -9206 END
START -8352 -2556 16768 -10214 28574 -9774 END
START -9976 -3012 15008 -4621 29960 -3581 END
START -11772 -2432 16496 -1729 28954 3005 END
START -12720 -784 18428 -489 25888 8584 END
START -14600 688 20144 70 21392 11093 END
START -16256 520 20732 -1174 17445 9155 END
START -17056 1312 23128 -353 15234 5035 END
START -19068 1740 22604 -1571 12654 777 END
START -19288 408 24736 -2400 7723 -2357 END
START -19696 488 24252 -3026 4160 -2530 END
START -19792 -1688 24288 -2913 1080 -2051 END
START -19448 -2624 24296 631 -3195 2318 END
START -19752 -3024 24156 2284 -6446 4102 END
START -19760 -2808 22768 4221 -10307 4244 END
START -20004 -2280 21488 5635 -16017 3831 END
START -19252 -2240 20292 6461 -21537 2436 END
START -17232 -2328 18152 8098 -26523 1046 END
START -14776 -2116 15940 8803 -31081 -72 END
START -12504 -1500 13332 8519 -32768 -794 END
START -10172 -564 10320 8720 -32673 3029 END
START -6636 652 9452 7638 -32768 -1165 END
START -4436 1660 9708 3266 -32768 -3721 END
START -2084 932 8312 -287 -29740 -5505 END
START -704 784 7976 -165 -29054 -7563 END
START 508 1292 8000 67 -25954 -6822 END
START 1272 1048 7660 -815 -22985 -6418 END
START 2512 1348 8256 13 -20708 -6282 END
START 3412 1100 8480 -329 -17463 -6830 END
START 3864 1072 8700 -569 -13033 -7881 END
START 4072 1804 8820 -30 -7471 -8826 END
START 4248 2052 8432 1011 -1394 -9942 END
START 4528 2060 8292 2304 5067 -10573 END
START 4012 2136 7908 3881 10976 -10041 END
START 4672 2684 7644 5720 16571 -8505 END
START 3964 3380 7876 5305 21325 -7127 END
START 1836 4180 7644 6623 25784 -5840 END
START 3064 3784 7120 1395 27122 -6603 END
START 180 4596 9972 -2302 32767 -4130 END
START -4068 4068 10492 -6291 32767 -2966 END
START -9568 2568 10488 -7996 32767 -221 END
START -12720 1768 12800 -7324 32767 1883 END
START -14868 2040 15876 -6236 32767 3579 END
START -20004 3024 21108 -4600 28040 2925 END
START -22084 -980 23364 -7879 20831 -4587 END
START -21412 -4520 25688 -9404 20711 -10387 END
START -24632 -6268 23072 -6113 17832 -11405 END
START -27352 -7396 19972 3229 5322 -4277 END
START -26152 -5444 19704 8786 -11411 1687 END
START -21592 -3032 18712 10943 -26619 3236 END
START -16440 -1412 17940 12245 -32768 1781 END
START -9684 204 17980 12810 -32768 -4000 END
START -9864 952 18512 8158 -31858 -11056 END
START -6916 -680 14492 6849 -31975 -14562 END
START -4016 -1200 13032 7379 -31934 -14352 END
START -3004 -2468 11264 9233 -28063 -10699 END
START -2752 -1424 8208 11136 -29476 -7994 END
START -1240 -56 8004 10636 -29338 -4524 END
START -320 4072 8044 10224 -26790 -2427 END
START 1588 6552 8304 8203 -20561 -2041 END
START 2544 8088 10428 5155 -13930 -2821 END
START 3252 9140 9384 564 -9523 -6852 END
START 4384 7992 9232 -1481 -6519 -10669 END
START 5704 6736 8916 -2003 -775 -12835 END
START 5852 5432 9132 -1121 6392 -12640 END
START 3776 5656 10012 1492 13278 -11727 END
START 3848 4720 8612 1300 19889 -9713 END
START 980 6256 9776 801 24789 -8521 END
START 956 7196 11800 -1458 31530 -8408 END
START -128 8600 13712 -6483 32767 -11599 END
START -2332 7564 13096 -15486 32767 -15188 END
START -6800 2984 12136 -20859 32767 -17839 END
START -7960 -3212 11820 -18773 32767 -15150 END
START -12108 -4076 10536 -13344 32767 -8661 END
START -23864 -2104 10028 3551 32767 7915 END
START -24804 2008 13268 4571 23040 12909 END
START -27064 4364 14864 4095 2909 8117 END
START -25292 5016 18016 815 -5054 4139 END
START -20536 3628 18792 -2143 -8604 -214 END
START -19112 2256 19360 -1633 -8173 -1626 END
START -16540 2364 18844 -1588 -9145 -1091 END
START -17604 3544 19996 -2385 -14904 861 END