START 2664 672 14740 -4289 -15964 749 END
START 3508 -236 19256 -6883 -12216 -3473 END
START 5332 -3244 15312 -5288 -7785 -3900 END
START 4748 -4832 13252 -2040 -2807 -2002 END
START 3696 -5960 11916 1307 826 1668 END
START 2288 -5944 10308 3348 3406 4569 END
START 516 -4784 8832 5483 4006 8850 END
START -1468 -2868 8364 5521 4554 11397 END
START -2672 128 8316 2823 4090 9622 END
START -2492 660 7944 382 2566 6813 END
START -1588 384 8468 -2275 1578 3070 END
START -20 -1168 8700 -4182 2366 495 END
START 920 -2748 8856 -4414 4612 -80 END
START 1220 -3508 8048 -3737 7515 50 END
START 508 -4176 7512 -2707 10489 986 END
START -476 -3552 6620 -722 12058 2375 END
START -1056 -2372 6480 819 13796 4275 END
START -1608 -1252 6960 1012 16455 5034 END
START -1308 -1392 6332 918 18410 5504 END
START -2464 -320 7964 52 19653 5299 END
START -3544 124 7396 -329 20737 4857 END
START -3992 -600 8156 -591 21180 4350 END
START -5480 -1044 9064 -566 22358 2273 END
START -4928 -2512 9768 -1704 24881 1722 END
START -5612 -2584 10780 204 22291 2652 END
START -6536 -1356 13364 1012 20590 4481 END
START -6360 -480 15600 1744 19150 5950 END
START -7016 924 19788 -1811 21396 2969 END
START -7600 144 19056 -984 20785 2113 END
START -9640 -368 22584 780 19839 842 END
START -10512 -1576 24700 143 17509 -777 END
START -11196 -2136 27084 291 14353 -583 END
START -10780 -1792 29352 1314 11965 1023 END
START -10492 -160 31580 2103 9227 2076 END
START -12364 212 32660 -753 9055 159 END
START -14732 504 32767 1515 2848 -1690 END
START -14836 -1096 32767 -202 2369 -2045 END
START -15784 -1668 32767 -629 -349 -2758 END
START -16620 -1868 32767 829 -3181 -2516 END
START -15656 -2444 31320 2187 -6462 -1831 END
START -14072 -2368 29640 2524 -9487 -2187 END
START -11984 -2484 27636 3208 -12000 -2702 END
START -10384 -2936 25408 3639 -13558 -3352 END
START -9012 -4016 24084 3916 -15056 -4085 END
START -8180 -4388 21676 3358 -15195 -5112 END
START -7500 -4536 18288 4714 -14944 -5529 END
START -6132 -4104 15500 5642 -14707 -6329 END
START -5032 -3924 13376 6349 -14417 -6152 END
START -4468 -3088 11944 6154 -14266 -5541 END
START -2304 -2556 10104 5736 -12845 -4234 END
START -4428 -668 8624 4628 -13139 -5101 END
START -3296 -72 7808 4191 -12333 -6050 END
START -2612 44 6776 2510 -10496 -7514 END
START -2420 60 5748 2845 -8775 -7914 END
START -1708 560 4996 3905 -7734 -7328 END
START -1048 1396 4700 3228 -6740 -7748 END
START -76 1892 4288 1765 -5041 -8679 END
START 392 1880 3680 699 -3237 -9081 END
START 988 1628 3440 465 -999 -8674 END
START 1232 1620 3172 269 1562 -7692 END
START 1132 1900 3008 294 4492 -5860 END
START 460 2464 2760 667 7822 -3495 END
START -32 2924 2436 667 10897 -1647 END
START -980 3476 1796 629 13734 -367 END
START -2432 3980 1896 870 15420 0 END
START -2484 4180 3004 781 16046 -574 END
START -2572 4356 4720 -568 17009 -1484 END
START -3164 4180 6648 -2015 18257 -2011 END
START -4200 2788 7884 -3759 18490 -2104 END
START -6084 2448 10148 -5054 19092 -1343 END
START -7780 2264 13680 -4260 18353 1419 END
START -9488 3068 17260 -4571 17536 2135 END
START -10532 3032 21772 -3867 15599 1246 END
START -11624 3416 27416 -2136 12161 -348 END
START -13764 3392 32767 -651 9821 -2195 END
START -17364 1560 32767 -2497 7218 -3871 END
START -16140 -908 32767 -2500 6006 -2903 END
START -18356 -3284 32767 -2459 4031 -550 END
START -18356 -2044 32767 2008 -896 4347 END
START -18068 -680 32767 1979 -4574 4063 END
START -17148 -968 32767 2683 -9231 2970 END
START -15208 -1464 32767 2561 -11873 1525 END
START -12548 -2496 31104 2645 -14497 321 END
START -10384 -3052 28684 2562 -15640 -707 END
START -9524 -2640 24236 4291 -16537 -189 END
START -7988 -2060 21292 5103 -16382 -326 END
START -7320 -1556 18488 6029 -16756 -548 END
START -5572 -1120 15152 4501 -16338 -2463 END
START -4312 -936 13428 3549 -17011 -4449 END
START -2848 -1532 11784 3208 -16778 -5697 END
START -1868 -2188 10056 3700 -15251 -5816 END
START -1204 -2392 8712 3163 -13915 -6546 END
START -400 -2160 7376 3723 -12260 -5373 END
START -1424 -996 6372 3253 -11438 -5351 END
START -1104 -896 5340 3772 -11147 -4793 END
START -912 -1036 5748 3930 -9509 -5316 END
START -1348 -380 5892 3036 -8446 -7834 END
START -460 -696 4812 3134 -7677 -9247 END
START 88 -980 4952 3678 -6313 -9221 END
START 616 -816 5056 3619 -4485 -9287 END
START 1088 -648 4884 3333 -2217 -9418 END
START 920 -268 4464 3568 341 -8886 END
START 540 132 4040 4129 2798 -7800 END
START 296 708 3544 4184 5318 -6818 END
START 96 1200 3128 4149 7615 -6122 END
START -176 1492 2584 4069 9724 -5515 END
START -344 1848 2664 4211 12027 -4929 END
START -548 2520 2476 4147 14420 -4441 END
START -984 3420 2424 3885 16802 -4210 END
START -1508 4596 3132 3612 18995 -4331 END
START -2068 5640 4992 2969 20579 -4423 END
START -3484 6096 7524 1296 22258 -4389 END
START -5460 5808 9628 -560 23734 -4010 END
START -7456 6312 12260 -616 23492 -3017 END
START -9512 6544 16812 690 19703 -2243 END
START -12972 8300 23168 2012 19026 -1979 END
START -16924 7788 28076 685 16328 -4249 END
START -18940 9532 32767 -693 14102 -6081 END
START -20348 9472 32767 -1698 8574 -3814 END
START -17236 9724 32767 -404 6810 -1837 END
START -14984 8788 32767 2078 6324 -1041 END
START -16008 7188 32767 2337 3621 64 END
START -15244 6968 32767 2479 1661 1139 END