START -1896 -1756 15088 -2479 -7692 6051 END
START -3068 -956 13480 -518 -8501 6316 END
START -2596 -48 12960 689 -7908 7204 END
START -2756 844 12248 447 -6507 6110 END
START -2284 748 10212 66 -4800 4439 END
START -1936 444 9176 359 -3571 3460 END
START -1532 136 8080 647 -2063 3248 END
START -1080 92 7456 584 -376 3610 END
START -836 -24 6936 4 1357 4215 END
START -680 -124 6076 -492 2932 5224 END
START -764 96 5740 -724 4730 6536 END
START -804 628 5628 -1034 6743 6967 END
START -676 992 5376 -1657 8833 6632 END
START -368 1444 5452 -2224 10806 5724 END
START -168 1676 5632 -2658 12536 4419 END
START 220 1424 6932 -3542 14569 2980 END
START 112 1120 7068 -4308 17537 2024 END
START -324 496 8080 -4521 19768 1397 END
START -1372 -464 9484 -5171 21839 879 END
START -3136 -2032 10020 -5559 23717 1532 END
START -5288 -2628 11068 -4336 24032 3522 END
START -7240 -1592 13588 -2755 22674 5704 END
START -9604 -472 17168 -1986 21266 6456 END
START -11236 1448 22416 -3859 19995 4067 END
START -13808 1720 25672 -2166 16926 2408 END
START -16760 672 30688 -5087 14974 -1901 END
START -18612 -2716 32767 -9349 11776 -6167 END
START -16972 -6040 31364 -4368 6009 -3436 END
START -19000 -5728 32767 220 2141 870 END
START -18652 -3856 32328 3798 -1945 3948 END
START -17800 -1760 32016 3900 -6284 3231 END
START -16292 -764 30452 3206 -10049 1133 END
START -14384 -768 28204 3028 -12860 -301 END
START -12440 -1320 26032 2761 -14936 -1296 END
START -10448 -1676 23124 2521 -16564 -1853 END
START -8368 -2180 19760 2914 -17835 -1987 END
START -6832 -1812 17996 3341 -18523 -1468 END
START -5384 -1040 16156 3929 -18524 -1088 END
START -4532 -76 15300 3008 -18651 -1637 END
START -4000 296 13272 1489 -18551 -3248 END
START -3228 568 10912 715 -17984 -4825 END
START -2064 752 9528 458 -17422 -5814 END
START -1232 1064 9408 897 -15836 -6259 END
START 604 912 8148 225 -14229 -6024 END
START 1336 1536 7976 1496 -12650 -5679 END
START 2056 1816 8088 1918 -10126 -6295 END
START 2912 1432 8048 1399 -6782 -7799 END
START 3180 1064 7528 1633 -3672 -8714 END
START 3380 312 6940 1663 -396 -9528 END
START 3696 -816 6124 2285 2317 -9726 END
START 3708 -1628 5236 2989 4925 -8988 END
START 3208 -2080 4764 4260 7115 -6894 END
START 2440 -1084 4968 5654 9394 -4253 END
START 1212 560 5296 6221 11922 -3091 END
START 536 2008 5496 6077 14593 -2889 END
START -420 3892 5624 5803 16851 -2803 END
START -1352 4928 6484 5000 18754 -3592 END
START -2584 5240 7748 3851 20312 -5512 END
START -3040 5316 9096 3701 21332 -7147 END
START -3864 4372 10884 2924 22670 -8965 END
START -5832 2832 12024 1687 23539 -9419 END
START -8412 2644 13728 2593 22584 -5597 END
START -11988 5012 17700 5080 20918 561 END
START -14540 7584 21300 3720 20453 3686 END
START -18952 10272 23928 3492 17493 4842 END
START -23064 11320 26176 -846 13244 782 END
START -21940 7684 29576 -3837 9573 -3745 END
START -21788 3256 29640 -4985 4090 -5391 END
START -21160 1260 32600 -3391 -1205 -3874 END
START -19312 -600 32336 -2720 -5484 -1855 END
START -18432 -880 31560 -493 -9282 -249 END
START -16016 -688 29932 419 -12437 -513 END
START -14132 -676 28120 1096 -15029 -1676 END
START -11752 -588 25244 1319 -16355 -3225 END
START -9216 -360 22412 3665 -17389 -3119 END
START -7396 -332 19412 3466 -17418 -2999 END
START -5984 -896 18816 4708 -18676 -2287 END
START -4832 -248 16340 3457 -17182 -3697 END
START -3852 -420 14308 4185 -16585 -4306 END
START -2156 212 11696 5167 -15963 -4140 END
START -2224 776 10380 4308 -14646 -5584 END
START -884 1148 7608 4150 -14326 -6987 END
START 132 696 6500 4199 -13456 -7322 END
START 628 736 6220 3483 -13120 -7762 END
START 716 872 6528 1028 -11519 -8906 END
START 1676 656 5488 1422 -10821 -8356 END
START 1452 1052 5528 1427 -8938 -8069 END
START 1672 1400 5012 1077 -6678 -8548 END
START 1540 1900 4812 1485 -4172 -9454 END
START 2188 2196 4468 2120 -1387 -10081 END
START 2320 2620 4564 2879 1703 -10564 END
START 2768 2516 4388 3756 5013 -10948 END
START 2632 3204 4532 4327 8924 -11314 END
START 2360 4308 5316 5012 13140 -11246 END
START 1876 5436 6228 5773 17129 -10772 END
START 1172 6960 8112 6686 21374 -10786 END
START -108 8240 10128 7705 25467 -11208 END
START -740 9984 10120 7935 24803 -13213 END
START -4832 9356 13064 5814 28989 -14369 END
START -10508 9540 13428 -1244 32767 -16707 END
START -16224 4528 14568 -5820 32767 -14033 END
START -21032 3600 16156 -3633 32767 -5499 END
START -27772 5812 14220 -1991 27808 8150 END