START 48 620 11828 -398 -1780 6314 END
START 100 660 10648 -618 -464 4918 END
START 312 892 11460 48 447 3655 END
START 1096 312 12444 -756 1517 2424 END
START 1160 -528 13380 -2146 2879 986 END
START 1172 -1324 14060 -1385 3543 1633 END
START 776 -1216 15096 -761 4508 2639 END
START 236 -1024 15468 -540 5456 3098 END
START -780 -860 15168 67 6216 3578 END
START -2368 -24 15116 585 6346 3489 END
START -3348 -640 15072 600 5776 2986 END
START -3380 -284 16172 -695 4497 1415 END
START -3116 -1080 16352 -1185 3299 733 END
START -2372 -1380 16912 -1392 2576 174 END
START -1608 -1760 17024 -900 2567 103 END
START -952 -1500 16956 363 3225 502 END
START -412 -1160 16340 1390 4503 508 END
START -772 -524 15468 2276 6088 583 END
START -1168 524 13388 2997 7661 820 END
START -1428 1964 11528 3518 9180 1649 END
START -1704 3744 8996 3191 10903 2732 END
START -1736 5224 7656 2111 12414 3951 END
START -1848 6092 7364 -157 13635 4377 END
START -2128 5788 7136 -3390 14909 3665 END
START -2256 4476 7752 -6002 16059 1763 END
START -2364 3096 9200 -7409 17135 430 END
START -2012 1776 9876 -7558 18154 116 END
START -2936 644 11840 -7914 20015 -194 END
START -4248 -112 13396 -7559 20513 -238 END
START -6752 -56 14972 -7481 20014 -1073 END
START -8316 -968 18000 -7075 20325 -503 END
START -10088 -1284 20032 -7207 17746 -22 END
START -11000 -744 24420 -5138 14670 1469 END
START -13960 296 28348 -5068 10848 850 END
START -11012 -476 31236 -6158 10756 -606 END
START -14684 -1388 31472 -2261 7085 -838 END
START -15252 -1240 32767 -1926 4281 -2837 END
START -14868 -2184 32767 -285 2173 -249 END
START -14232 -2412 32767 2403 -1216 2264 END
START -14584 -1216 32124 2895 -5044 2320 END
START -13900 -676 30756 3221 -9322 1757 END
START -12968 -608 29456 2069 -11897 0 END
START -11800 -1492 26616 2023 -14321 -977 END
START -10100 -2416 24188 3114 -16516 -759 END
START -9052 -2836 22512 3528 -17558 -1190 END
START -7352 -2532 20296 4040 -18740 -1857 END
START -6272 -2384 18180 4627 -19258 -2559 END
START -5164 -1992 15932 4847 -19532 -3614 END
START -3828 -1760 14848 4701 -19140 -5252 END
START -2800 -2024 12620 4389 -17913 -6144 END
START -1896 -2284 11368 4762 -16328 -6279 END
START -1120 -1900 9572 5585 -14594 -5593 END
START -1072 -1224 9240 6137 -13369 -5152 END
START -1368 -1016 9220 5008 -12650 -6166 END
START -964 -1616 9396 3169 -12785 -8402 END
START -584 -2180 9516 2603 -11584 -9961 END
START -44 -2808 8316 3335 -9909 -10385 END
START 92 -2580 7764 4442 -8285 -10610 END
START 436 -1496 7328 4862 -6721 -10935 END
START 664 -240 7192 4790 -5354 -11428 END
START 1336 424 6996 4505 -3676 -12411 END
START 2132 588 7116 3962 -1214 -13322 END
START 2500 424 7092 4014 1447 -13564 END
START 1980 172 6708 4185 4383 -12878 END
START 1692 380 6300 4550 6823 -11587 END
START 1200 852 6176 4841 9003 -9966 END
START 680 1952 6536 4689 10614 -8607 END
START 168 3532 6576 3827 12347 -7954 END
START -468 5244 7012 2875 13869 -7674 END
START -1300 6448 8092 1530 15413 -8155 END
START -2816 7588 8016 -204 17564 -8966 END
START -4084 8476 8384 -1245 19900 -8871 END
START -5612 8776 8904 -2351 22412 -7733 END
START -6776 8356 10648 -3851 23772 -6472 END
START -8052 7600 12204 -5050 23294 -5170 END
START -9144 7300 15392 -5823 17442 -6654 END
START -10908 7896 18948 -5252 19126 -3332 END
START -12244 7436 22676 -3878 18280 -2356 END
START -14912 7404 26796 -6675 19362 -3484 END
START -15572 5644 26664 -7986 14837 -2532 END
START -17412 4172 28200 -7412 11708 -813 END
START -16748 3192 27828 -4800 7219 2115 END
START -14892 3940 29172 -2541 3535 3396 END
START -14224 3968 27668 -2107 1649 3029 END
START -12040 4496 27996 -639 -802 3350 END
START -10860 4136 28800 -901 -2895 3187 END
START -10320 3260 27004 -1259 -4855 2771 END
START -10200 3288 24544 -546 -6785 3080 END