START -1720 200 15820 162 -5603 7130 END
START -376 -164 14740 2362 -5770 8783 END
START -1824 1120 16952 -1540 -3463 4791 END
START -2052 164 14096 -87 -5352 5478 END
START -1512 120 14736 -697 -5019 4253 END
START -708 -708 14048 -1553 -3983 2526 END
START -72 -1300 13060 -1072 -2689 2081 END
START 300 -1596 12616 -78 -1181 2639 END
START 208 -1828 11908 238 185 3166 END
START -208 -1612 11116 31 1327 3431 END
START -440 -1408 10220 -46 2145 3934 END
START -844 -1068 10016 -421 3032 4008 END
START -992 -856 9436 -1059 3983 3603 END
START -904 -708 9092 -1582 4886 3062 END
START -756 -496 9004 -2216 6134 2404 END
START -612 -216 8948 -2647 7794 1702 END
START -512 -48 8548 -2811 9746 1592 END
START -872 -168 8228 -2818 11786 1995 END
START -1472 -84 8300 -2378 13825 3093 END
START -2092 528 8504 -2390 16154 4157 END
START -2920 1216 8816 -2588 17711 4832 END
START -3632 1456 10296 -2921 18608 4765 END
START -4684 1500 12144 -4130 19097 3601 END
START -6444 1536 14372 -5012 21007 2500 END
START -6580 696 15420 -5524 18735 1212 END
START -7856 -604 17616 -6143 17294 1130 END
START -8764 -1260 20004 -5264 15235 1675 END
START -9172 -1600 22696 -5707 13544 1314 END
START -9496 -1732 25176 -5917 10722 367 END
START -10432 -2848 27796 -3983 9227 283 END
START -10624 -2808 30208 -1711 6134 515 END
START -11036 -2824 32200 -1197 5149 -625 END
START -10908 -3944 31840 -225 3448 -823 END
START -11736 -3708 32468 1999 704 -59 END
START -12172 -3704 31848 2546 -1597 -262 END
START -12604 -3436 30156 3208 -4350 -730 END
START -12516 -3284 28260 4270 -7636 -1029 END
START -11904 -3576 27924 4377 -10922 -2044 END
START -11168 -3888 26092 4413 -13223 -3025 END
START -9844 -4208 23892 5926 -15374 -2840 END
START -8792 -4036 22128 7184 -16530 -2708 END
START -7760 -3192 19400 7721 -17080 -3065 END
START -7336 -2164 17284 7750 -18172 -3456 END
START -6128 -2036 15260 7507 -19836 -4223 END
START -5212 -1708 13876 6173 -20810 -6221 END
START -3720 -1848 12192 5628 -20585 -8099 END
START -1928 -1768 10900 6312 -19301 -8581 END
START -584 -1180 9528 7163 -17127 -8449 END
START -188 36 8348 7558 -14506 -7882 END
START 304 1736 7528 7623 -12604 -7589 END
START 640 2692 7224 6010 -10284 -8253 END
START 1188 3196 6596 4194 -8179 -9566 END
START 1724 2608 5640 2773 -6353 -10322 END
START 1804 2012 5412 2043 -4463 -10154 END
START 1784 1972 4924 1748 -2303 -9225 END
START 1624 2296 5044 1332 -70 -8322 END
START 1408 2832 5340 312 1979 -7982 END
START 848 3080 5400 -726 3998 -8359 END
START 280 3200 6012 -1217 5660 -9356 END
START 84 2908 6824 -1686 7392 -10844 END
START 144 2820 7320 -1792 9435 -11967 END
START 420 3004 8096 -1370 11768 -12197 END
START 716 3196 8728 -949 14534 -12078 END
START 616 3464 9148 114 17065 -11453 END
START 424 3440 10304 176 19683 -10431 END
START -456 3380 11516 451 21884 -8996 END
START -4412 3696 13468 597 19311 -7936 END
START -3964 5524 16768 555 22241 -2244 END
START -7084 7296 19008 981 21589 -1488 END
START -9540 6928 20552 476 16544 -4016 END
START -9244 5692 23832 117 15146 -3622 END
START -11636 6272 26000 1187 11369 -5474 END
START -12784 6228 28640 -2982 12442 -6909 END
START -12640 6608 28528 1015 5195 -2465 END
START -12388 7340 29132 606 2922 -268 END
START -11744 7760 28468 -627 892 523 END
START -10652 7656 27152 -906 -268 1786 END
START -9532 7160 26600 -266 -1512 2732 END
START -8908 6648 26392 941 -1662 4245 END
START -9824 6888 24728 1773 -2713 4467 END