START 592 -980 14720 2210 -14366 6582 END
START 1184 -364 14140 1160 -11752 5117 END
START 2424 836 15412 3152 -8486 4638 END
START 1564 1980 14828 1830 -4264 3892 END
START 1072 2544 13812 1925 -445 2776 END
START 932 1832 14088 3905 8518 3511 END
START 968 3204 12460 1242 6191 -257 END
START -540 2256 10644 1270 7812 -549 END
START -1032 1656 9836 862 9695 684 END
START -1316 1880 10172 -38 11872 2238 END
START -1964 2044 10052 -1282 14241 4115 END
START 476 3796 11492 -3111 18590 6353 END
START -2420 5056 11116 -5305 17894 6130 END
START -272 6012 13872 -7551 20767 6700 END
START -408 7288 13604 -8484 24969 6674 END
START -1836 4720 8152 -15268 32767 1844 END
START -2496 2964 15040 -24052 31836 -2335 END
START -3384 -1164 14876 -32768 32767 -8165 END
START -16012 -10024 9880 -32768 32767 -11776 END
START -19016 -14196 8144 -23399 32767 -1898 END
START -22384 -14160 12500 -10255 26928 6751 END
START -28568 -11352 16484 -28 3543 10219 END
START -28144 -12324 24416 -2468 -14580 3669 END
START -20672 -11920 22808 -2504 -20118 -5222 END
START -17068 -13368 28136 -788 -9749 -11913 END
START -19132 -13864 20476 8100 -13589 -10418 END
START -17564 -12460 17960 15827 -21529 -7572 END
START -13312 -10244 15980 19287 -26575 -9485 END
START -10680 -8332 13460 23795 -29698 -8302 END
START -9040 -5172 13076 22971 -32768 -9900 END
START -5532 -4340 12804 24404 -32768 -7939 END
START -3104 -3404 12100 22163 -32768 -10920 END
START -1472 -2608 10720 20659 -30349 -11328 END
START 128 408 11480 17251 -25240 -11196 END
START 228 1252 10164 11890 -20097 -11906 END
START 1236 1836 10180 9543 -16256 -11154 END
START 2524 1996 10564 4867 -14121 -13296 END
START 2360 2212 10152 3067 -8561 -16139 END
START 3160 1508 9560 3701 -4694 -15490 END
START 2580 2456 11108 4460 -377 -14571 END
START 2620 2260 9404 3350 4580 -13931 END
START 1900 1844 9052 2460 9768 -13773 END
START 1188 1676 7724 3823 12617 -12837 END
START 812 3132 9320 5204 16083 -13433 END
START 336 4076 9404 5247 20596 -14915 END
START -1020 5508 8952 5741 25716 -16572 END
START -4960 9032 8012 144 25212 -18760 END
START 2236 9904 15004 -4539 32767 -22899 END
START -44 7988 8788 -23037 32767 -29018 END
START -580 692 15120 -28042 32767 -31834 END
START -8492 -5648 10848 -29275 32767 -24819 END
START -12652 -8452 9436 -20970 32767 -4152 END
START -26152 -3984 10420 -7208 32767 16251 END
START -29424 2904 13204 525 25424 22955 END
START -29952 5328 16108 2071 16023 17182 END
START -30620 6616 15340 1412 1936 9465 END
START -27040 5856 15376 -3973 -8206 1931 END
START -23052 4800 17248 -3295 -14503 -1946 END
START -16900 2852 19396 -4398 -15753 -4577 END
START -14004 -924 19404 -1928 -18678 -2100 END