START 2824 -2052 12624 -4038 -7161 6242 END
START 656 -776 14480 242 -6463 8362 END
START 996 -192 13604 -739 -2403 7014 END
START 280 -228 12736 -2 1590 5091 END
START -104 -104 12220 -673 4599 3952 END
START -788 -320 10200 -272 7198 2919 END
START -1616 -1020 9224 -87 9967 2570 END
START -1880 -1288 8024 543 11435 2606 END
START -2040 -1760 7256 1270 11741 3489 END
START -2284 -1504 7856 741 11985 4333 END
START -2640 -632 8948 134 12303 5003 END
START -3312 -8 9892 -999 13334 5066 END
START -820 -460 10372 -2057 17534 6643 END
START -3152 140 12172 -3821 15960 2496 END
START -2216 -504 12404 -3729 18142 683 END
START -1112 -940 12940 -4613 21659 -742 END
START -1376 -2016 12348 -2471 23691 -1458 END
START -2880 -2580 12660 1205 25359 828 END
START -5176 -2524 14248 1455 25013 2302 END
START -7604 -2000 18288 -2798 28702 1755 END
START -11240 -3964 15548 -3934 26835 3704 END
START -13228 -1532 17416 -4713 24367 4918 END
START -13560 -2812 19092 -582 18524 7566 END
START -14304 -372 22412 1937 11908 8045 END
START -15648 188 25116 2769 4132 3158 END
START -12404 508 26760 -1297 5120 -1012 END
START -13328 -1292 26832 -4314 3337 -5875 END
START -13576 -3868 25728 -3774 602 -6307 END
START -13384 -5412 25272 -1967 -2437 -3951 END
START -13836 -6420 24288 2042 -6032 697 END
START -14000 -4952 23796 5299 -9630 4084 END
START -13600 -3160 22500 7447 -13463 5399 END
START -12464 -792 22512 8119 -16782 4019 END
START -12496 392 21132 6250 -17562 2433 END
START -11684 584 19960 2223 -17399 -846 END
START -10816 -100 18180 -822 -20007 -4426 END
START -9428 -1540 15980 -486 -21376 -6208 END
START -7056 -2428 15100 1425 -24015 -7331 END
START -4444 -2432 15188 3921 -24640 -6343 END
START -2936 -2224 15936 3160 -23293 -5893 END
START -1972 -2088 14920 3049 -21283 -6225 END
START -1336 -1868 13380 2933 -19498 -6201 END
START -716 -1784 11924 4357 -17499 -5526 END
START -484 -924 11224 5557 -15466 -4466 END
START 64 620 10916 6222 -13096 -4351 END
START 296 1764 11148 6009 -11252 -4826 END
START 916 2120 10484 4204 -8954 -6246 END
START 1068 2748 10384 2725 -7068 -8371 END
START 2148 2732 10000 2194 -4988 -10970 END
START 2956 2520 9552 2675 -1424 -12409 END
START 3492 2252 9320 2838 2593 -12865 END
START 3592 1964 8612 2717 6404 -12686 END
START 3200 2100 8348 2769 9327 -11583 END
START 4132 2500 7936 2916 11552 -10449 END
START 3088 3596 8520 3326 14312 -9409 END
START 1620 4732 9676 3445 17941 -10394 END
START 1492 4724 10264 2187 20936 -12110 END
START -1064 4296 10760 3484 19440 -13905 END
START 3680 3752 11796 3356 22941 -12646 END
START -4044 4056 13072 -4236 28854 -16812 END
START -5612 2608 11444 -4470 22619 -15434 END
START -4364 -76 15372 -7740 30575 -10795 END
START -9320 408 15792 -10806 32767 -8600 END
START -10568 -240 14144 -1534 32767 973 END
START -14064 3392 15024 -465 29433 3830 END
START -16848 5584 17836 1724 20764 4688 END
START -20276 6192 20880 2365 12378 1802 END
START -15912 6496 22900 -2326 9323 -5287 END
START -15848 4984 22960 -4548 7515 -9722 END
START -15788 3284 22508 -4239 5017 -9117 END
START -16296 2328 21296 -3766 3092 -5822 END
START -15500 1908 21180 1752 -131 1 END
START -14228 1656 19968 3181 -3128 5921 END
START -13908 3556 20376 2124 -5420 7718 END