START -436 -332 16820 66 -3309 1203 END
START -1684 -1528 16052 -1753 -822 405 END
START -4152 -1632 15040 -1924 2380 1479 END
START -4716 -1648 12768 -794 1897 3322 END
START -4556 -208 13008 604 3001 5056 END
START -5072 948 12916 759 3552 4627 END
START -4928 1276 13460 -847 3242 1905 END
START -4032 384 13172 -2692 3354 -1145 END
START -3268 -1104 12824 -3750 4089 -2719 END
START -3140 -2540 12112 -2948 5623 -1477 END
START -2936 -2788 11660 -1163 7940 1357 END
START -3420 -2060 10672 832 10069 4568 END
START -5168 496 9988 1961 11493 6574 END
START -6112 2868 9384 2328 11573 6777 END
START -5992 4460 9336 338 12759 4593 END
START -5256 4540 8780 -2314 13876 1859 END
START -4328 3960 8732 -3879 15714 -27 END
START -3544 2504 9008 -5479 17661 -565 END
START -3120 824 9076 -6196 19943 1349 END
START -4048 584 11688 -6565 23895 3137 END
START -5308 -1064 10036 -8023 26288 5956 END
START -9580 -120 11408 -8327 26444 7962 END
START -10708 -572 12520 -8159 22013 7102 END
START -13920 -716 16052 -8116 17612 3897 END
START -14588 -1964 20644 -9570 11406 -2219 END
START -16604 -3544 23548 -12323 2771 -8882 END
START -14572 -7472 29432 -9532 2015 -7975 END
START -16780 -9384 31648 -9417 16 -7000 END
START -13152 -11220 32767 -4640 -2110 -4933 END
START -14664 -10984 32767 2681 -3185 925 END
START -15488 -9588 32767 4924 -5080 881 END
START -16268 -8620 31504 6457 -8621 -386 END
START -16096 -7244 28628 6961 -12990 -1431 END
START -15104 -6052 25240 8012 -17817 -1759 END
START -12544 -4136 22748 8835 -21856 -3151 END
START -9408 -3812 20848 8064 -23319 -5294 END
START -6872 -4852 18388 7011 -23122 -7357 END
START -6544 -4868 16468 7981 -21069 -6081 END
START -5536 -4744 15676 5963 -20660 -8450 END
START -4652 -4868 12892 7260 -18464 -5879 END
START -3360 -4272 11104 8976 -18928 -4865 END
START -2876 -3092 10000 9793 -16862 -3758 END
START -2260 -972 7900 9845 -16683 -4463 END
START -2160 68 6548 9269 -14751 -5289 END
START -2748 1900 6108 8225 -13481 -6826 END
START -1976 2160 5524 6847 -13886 -9211 END
START -1052 2112 6920 3625 -13471 -14130 END
START 168 964 7192 2350 -11881 -17899 END
START 1672 -444 7132 1754 -9113 -18065 END
START 2580 -1716 7160 2852 -4821 -16802 END
START 2712 -2184 6600 5421 345 -15057 END
START 2764 -1764 5900 7656 4816 -12519 END
START 2348 -312 5364 9283 8523 -9436 END
START 704 1544 4436 8909 11830 -7158 END
START -1136 2868 2972 8175 14497 -5883 END
START -2232 4404 2312 8160 15659 -6288 END
START -2804 5160 2224 7055 16085 -8173 END
START -2720 5144 2796 5216 16417 -9976 END
START -3076 4960 3956 3381 16005 -10904 END
START -3136 5940 6036 2548 16100 -8393 END
START -3488 7444 9384 1428 17196 -4943 END
START -4092 7460 12748 -2621 19547 -4347 END
START -5176 6700 15084 -5229 21675 -3261 END
START -6496 6488 18608 -4804 21511 -677 END
START -8416 6572 23304 -6425 21871 386 END
START -13448 4928 25036 -10950 19046 -1922 END
START -17060 4940 31048 -5217 18233 2916 END
START -19880 5952 32767 -5440 13645 -506 END
START -19948 3316 32767 -4740 10180 -859 END
START -19572 484 32767 -2742 5702 -2813 END
START -19116 -464 32767 -412 1097 -951 END
START -16368 -272 32767 1930 -2486 3209 END
START -15532 1724 29072 3084 -3241 5968 END
START -14912 2940 26200 4980 -7917 7772 END
START -10308 3140 22336 4782 -8255 9434 END
START -8160 4356 19600 2739 -7861 8857 END