START -528 608 12104 -2220 -4554 2053 END
START 1228 -72 12948 -2162 -1992 16 END
START 1756 -1428 12556 -2800 1361 -1684 END
START 1516 -2368 11272 -2821 4321 -2152 END
START 852 -3708 9416 -2047 6774 -540 END
START -20 -3924 8624 -962 8926 1586 END
START -912 -2960 8200 531 10235 3792 END
START -1552 -1472 8080 1341 11442 5077 END
START -2172 340 8124 723 13304 5051 END
START -1532 680 7128 -399 15345 4441 END
START -1660 2144 7168 -181 16115 3313 END
START -1816 2452 7188 -1234 18459 2120 END
START -1928 2020 8420 -2058 20386 1343 END
START -3264 1160 9348 -2797 22722 1251 END
START -3868 476 10056 -3994 24176 1579 END
START -5256 340 10692 -3651 25827 3212 END
START -6120 24 11484 -1189 24817 5782 END
START -8360 1028 15196 -199 24289 5473 END
START -10164 1132 17896 -2965 24060 2050 END
START -12816 676 20020 -3811 18645 -1126 END
START -13776 -312 27228 -4900 18542 -1036 END
START -17652 -1372 30304 -5755 14910 -2194 END
START -16628 -2908 31184 -5169 10678 -1303 END
START -18588 -3288 32636 -2027 6769 2296 END
START -19736 -2180 32612 1150 2462 3098 END
START -20092 -2288 31948 3546 -2706 1959 END
START -19348 -2860 30672 3703 -7690 344 END
START -17936 -3576 28368 2779 -11534 -955 END
START -15988 -4172 25388 3908 -15881 -389 END
START -14176 -3936 22436 4312 -19465 -158 END
START -12516 -2964 19968 4131 -22572 -808 END
START -11156 -2796 18160 4140 -25602 -2333 END
START -9356 -3132 17900 3369 -28145 -5358 END
START -7628 -3580 15980 2280 -29256 -9501 END
START -5404 -4024 13732 1225 -28960 -12083 END
START -3668 -3996 11200 3079 -28668 -12530 END
START -1684 -2980 9852 4628 -26445 -12669 END
START 68 -1700 9032 4159 -21863 -12923 END
START 1808 -1472 6176 7261 -19231 -9910 END
START 2232 844 7288 9236 -15852 -8377 END
START 2224 2296 6488 8330 -11916 -9373 END
START 3676 2804 6348 6367 -7928 -11509 END
START 2384 3332 6132 6012 -3679 -13679 END
START 3684 2512 5600 5604 -1053 -15924 END
START 3720 1884 4816 4852 3196 -17866 END
START 3860 1916 4104 4806 6328 -18051 END
START 3664 1996 4320 5609 9228 -17501 END
START 3452 2288 4488 6133 12458 -16877 END
START 3356 3380 5048 6923 16284 -15691 END
START -40 4900 5512 8231 16828 -16453 END
START 1852 5928 7624 9285 23938 -14549 END
START 156 7308 6340 6765 26561 -16763 END
START -1700 7364 7164 7047 28825 -19252 END
START -2744 7588 9860 1179 32767 -22954 END
START -5692 7488 12216 -304 32767 -25945 END
START -8472 6096 15028 -5063 32767 -28052 END
START -14828 2540 12036 -11314 32767 -26079 END
START -22268 4428 16220 -6757 32767 -14036 END
START -26336 4916 16488 -3959 25592 -3397 END
START -27352 8260 18464 -2676 12222 5638 END
START -26272 9672 21716 -5235 3801 6591 END
START -23460 6984 24960 -7279 1943 5088 END