START 928 -188 11940 -905 -2864 3793 END
START 100 -832 12340 -2031 991 3261 END
START 32 -152 10884 441 1504 5084 END
START -148 -220 11156 46 2683 4730 END
START -544 -316 10764 -1398 4421 3486 END
START -804 -1184 9020 -1944 4889 3263 END
START -832 -1376 9272 -2231 5456 3801 END
START -716 -1120 8948 -2967 6384 3894 END
START -816 -996 8768 -3742 7105 3340 END
START -336 -1072 8760 -4612 8468 2554 END
START -316 -884 8520 -5006 10346 2295 END
START -456 -880 7956 -5258 13014 2267 END
START -944 -652 7320 -5068 15844 2221 END
START -1236 -384 7900 -4812 17935 2675 END
START -1844 -92 8608 -5110 19639 3349 END
START -2640 -356 10236 -6407 20833 3764 END
START -1852 -832 11672 -8028 21021 3899 END
START -5476 -236 13924 -9345 21709 2489 END
START -7472 -1316 13700 -8121 20948 2120 END
START -7992 -412 18404 -7312 20325 -464 END
START -9552 -1520 20324 -8168 19514 -996 END
START -10328 -1436 24740 -7218 15385 164 END
START -10620 -2124 29380 -9421 14773 909 END
START -12348 -3800 30156 -9398 12049 1701 END
START -14164 -4032 32767 -9663 8497 1567 END
START -14324 -6660 32767 -9328 4425 1400 END
START -13216 -6236 32767 -5380 328 1853 END
START -13900 -6016 32767 -2236 -3691 784 END
START -13040 -6208 32767 1180 -7734 -54 END
START -13436 -4316 32767 -358 -11064 -3128 END
START -12744 -5500 31640 -748 -14607 -5122 END
START -11204 -6592 27320 205 -17142 -5089 END
START -9660 -7636 23996 2230 -19312 -4629 END
START -7156 -7388 22624 4366 -21199 -3894 END
START -5056 -7384 21052 5537 -22337 -3746 END
START -3672 -7380 20036 5615 -22983 -4961 END
START -3420 -7048 17336 6026 -21597 -6493 END
START 984 -6628 14508 8103 -18193 -5241 END
START -5380 -2752 13632 9278 -18284 -6563 END
START -2500 -2664 12100 8783 -17859 -8072 END
START -2276 -2904 13884 6199 -17290 -9567 END
START -2116 -3540 12580 3075 -16517 -11286 END
START -1076 -4780 10196 3979 -15162 -11081 END
START -600 -4012 8608 6148 -13172 -9566 END
START 744 -2728 6828 6994 -11757 -9555 END
START -220 -644 7056 6140 -10243 -11269 END
START 844 -672 7228 4790 -9376 -12938 END
START 1344 -1064 7528 2853 -7916 -14315 END
START 1100 -2744 6816 1809 -5930 -14699 END
START 1088 -3384 5756 2132 -3803 -12967 END
START 404 -2536 5284 4503 -2228 -9574 END
START -32 -980 4772 5778 103 -7288 END
START -852 1072 4408 6295 1555 -6637 END
START -728 2016 5168 5540 2025 -7605 END
START 16 1704 5980 4334 3184 -7905 END
START 888 -244 6324 4525 6018 -6721 END
START -156 408 6832 5238 6693 -6343 END
START 1236 540 6444 3780 8588 -7217 END
START 1172 660 6444 5253 10004 -6814 END
START 844 1840 6688 6003 11235 -6391 END
START 1528 2864 7124 5455 12204 -6635 END
START 784 3756 7656 2687 12833 -8734 END
START 220 3460 8036 937 13934 -8906 END
START -1024 3300 8388 505 15350 -7658 END
START -1780 3860 9084 305 16593 -6362 END
START -2248 4348 9340 1388 17029 -5274 END
START -2400 6260 10164 668 18105 -3935 END
START -2096 7524 11288 1455 19815 -2757 END
START -2840 9268 11052 3023 16777 -1017 END
START -1452 8628 14856 737 22661 104 END
START -4376 8144 15064 -1406 24330 -413 END
START -5532 7408 16572 -1957 22652 -1046 END
START -6368 7464 19056 -3338 22762 -1757 END
START -8324 6460 23496 -2361 19688 -2918 END
START -9660 5864 28084 -1140 19180 -2186 END
START -11040 6460 31048 -1447 18946 -480 END
START -13820 6312 32767 -1649 16360 93 END
START -17284 6784 32624 -767 12707 2642 END
START -17336 7072 30212 362 7747 5650 END
START -17452 7916 30200 -1613 4291 5799 END
START -15880 6904 30388 -2039 419 5076 END
START -13404 5616 30784 -2804 -2885 3855 END