START -1072 -2752 11588 -2258 -1053 2401 END
START -608 -2260 12420 -2684 659 3584 END
START -1548 -1852 11828 -2232 2651 3046 END
START -988 -1956 12048 -1866 3461 2081 END
START -1744 -2280 11732 -2430 4151 441 END
START -1688 -2184 12156 -1754 4771 -240 END
START -1452 -2152 13088 -1958 6799 -769 END
START -1612 -2468 12324 -2875 8994 -782 END
START -1968 -2812 10820 -1826 10628 1499 END
START -3504 -1212 10588 863 12092 5333 END
START -3232 780 10252 1028 11848 6493 END
START -6700 3008 10524 1610 11851 7624 END
START -4824 3276 10672 -3766 13358 3896 END
START -6768 3484 11020 -5218 11855 1228 END
START -5620 1672 11384 -8495 11492 -1969 END
START -4684 -192 11648 -8139 12212 -1453 END
START -4676 -1860 12392 -7103 14936 126 END
START -4372 -2856 12944 -4737 16045 3522 END
START -4648 -2244 15532 -2515 16870 6761 END
START -5464 -632 17300 -1134 15787 8525 END
START -7832 1328 21776 -5592 16831 3759 END
START -10424 -124 22508 -6171 12327 1223 END
START -11232 -1616 25176 -8508 9120 -2725 END
START -11348 -4088 28916 -7501 4978 -4457 END
START -11012 -5168 32144 -6512 1439 -4954 END
START -9668 -6768 32767 -3005 585 -2720 END
START -10748 -6516 32767 -178 -1191 -848 END
START -12548 -6304 32767 2296 -3059 -789 END
START -14124 -4948 32767 4017 -6517 -1353 END
START -14032 -4080 30576 4035 -9412 -3402 END
START -12368 -4156 26500 4800 -12763 -3677 END
START -11256 -4316 23112 5098 -15489 -4139 END
START -9052 -4052 21048 6081 -18165 -4487 END
START -7164 -4084 19084 5039 -19461 -5410 END
START -5400 -4320 17432 5985 -20167 -5630 END
START -4160 -4048 15720 6696 -19231 -6362 END
START -3592 -3312 13452 7795 -17053 -6585 END
START -3124 -1528 11448 9747 -15541 -5816 END
START -2664 -16 9224 9812 -14093 -5374 END
START -1932 912 7572 7933 -12769 -5900 END
START -1784 1184 6560 6510 -12186 -6852 END
START -1172 1560 5996 4978 -11577 -8093 END
START -472 1832 5712 3051 -10870 -9491 END
START 756 1864 5992 1996 -9555 -10074 END
START 1564 1552 6296 544 -7090 -10734 END
START 2024 1076 6324 -578 -3970 -11534 END
START 1920 152 5452 -665 -307 -11336 END
START 1176 -552 4780 -142 2936 -9930 END
START 528 -736 4460 1095 5536 -7919 END
START -180 -516 4744 2081 7930 -6051 END
START -1016 660 5128 2123 10155 -4536 END
START -1828 1508 5244 1581 11389 -3808 END
START -2656 2316 5704 674 12647 -4451 END
START -3052 2956 5700 -146 13871 -4840 END
START -3656 3904 6056 -1026 14938 -5153 END
START -3864 4584 7028 -1191 16026 -5104 END
START -4704 5368 8524 -1082 17703 -4742 END
START -5216 5864 10620 -553 19298 -3520 END
START -5372 6732 13376 -330 20995 -1818 END
START -5892 7528 16312 -48 22002 -177 END
START -7400 7648 19748 -522 22354 139 END
START -9024 6696 22088 -2166 21852 1044 END
START -11228 5668 26500 -2913 17441 -1700 END
START -14916 1896 30648 -6789 17220 -1312 END
START -15104 724 32216 -4938 9407 421 END
START -14820 -140 32767 -2726 5760 2711 END
START -15784 2344 32767 -165 2819 5577 END
START -14800 3112 32767 -497 -170 5180 END
START -15372 2592 32767 -1913 -2105 2061 END
START -7852 1100 28156 -1256 -7160 1562 END
START -9020 448 27640 -56 -7764 3053 END
START -7816 484 24604 -332 -7301 2904 END