START 144 724 14808 123 -9898 4604 END
START -628 324 16668 -2279 -6664 3761 END
START -736 -728 13912 -1401 -6352 4331 END
START -1032 -460 14404 -1122 -5488 4863 END
START -884 -576 13900 -1829 -4075 4710 END
START -1048 -644 13328 -1712 -3892 4208 END
START -1016 -1112 13632 -1681 -3169 2880 END
START -704 -1352 13784 -1370 -2397 2113 END
START -700 -1576 13360 -1428 -1331 1631 END
START -836 -1944 12660 -1322 -395 1579 END
START -688 -2100 12332 -976 570 1661 END
START -452 -1952 11924 -586 1749 2264 END
START -528 -1368 11596 -728 2929 2206 END
START -472 -1224 11196 -1317 3976 1755 END
START -440 -1208 10848 -1724 4841 1263 END
START -272 -772 10884 -1990 6045 966 END
START -420 -368 10648 -2303 7507 715 END
START -628 -192 10324 -2554 9135 295 END
START -676 352 10260 -2253 10774 209 END
START -872 724 10084 -2158 12574 286 END
START -1292 700 10260 -2178 14517 473 END
START -1944 616 10612 -2726 16125 1186 END
START -2444 628 10532 -2870 17776 2619 END
START -2272 688 10844 -2994 19859 4988 END
START -3744 2064 12152 -2487 19692 4806 END
START -4204 2452 13140 -4079 20720 4077 END
START -6748 2108 15000 -4848 21864 2707 END
START -7412 1124 15492 -7274 19081 583 END
START -8304 -252 18308 -7994 17301 -417 END
START -8828 -1236 19948 -7160 14670 -230 END
START -8980 -1928 22420 -6869 13267 -268 END
START -9292 -2440 24888 -5764 12123 -505 END
START -9944 -3520 26092 -4453 10767 -575 END
START -10856 -4380 27832 -2689 8487 -350 END
START -11336 -4572 29524 -2083 7040 -694 END
START -12376 -5284 29416 -1520 4897 -330 END
START -13040 -4524 30284 1228 1754 819 END
START -13408 -4152 30568 1572 -1446 307 END
START -13580 -3940 29828 2149 -4882 -348 END
START -13744 -4200 28580 3166 -8281 -839 END
START -13460 -4508 27032 4395 -11370 -1517 END
START -12300 -4596 25592 5533 -14124 -2374 END
START -11480 -4640 23236 6275 -15834 -3001 END
START -9944 -4572 20248 7783 -17533 -2949 END
START -7964 -3652 18520 8563 -18655 -3070 END
START -6696 -2964 16592 8644 -19091 -3371 END
START -5520 -2440 15688 8418 -19636 -3779 END
START -4612 -1876 15028 7239 -19484 -4937 END
START -3800 -1516 13212 6748 -18776 -6239 END
START -2580 -1648 11104 7215 -17808 -7291 END
START -1500 -1316 9844 7561 -15724 -8012 END
START -732 -680 9100 8999 -14118 -7321 END
START -252 572 9232 8729 -12901 -7896 END
START 596 932 8672 7171 -10841 -9064 END
START 748 1152 7916 5757 -8720 -10016 END
START 1360 988 6712 4913 -6977 -10475 END
START 2000 752 6124 4021 -5174 -11022 END
START 2168 664 6032 3349 -3401 -11314 END
START 1976 660 6112 2550 -1404 -11019 END
START 1688 664 6360 1971 979 -11041 END
START 1052 968 6884 1569 3126 -11321 END
START 524 1020 7412 455 5736 -11675 END
START 324 1332 7256 680 8308 -11896 END
START 256 1568 7904 1996 10745 -12033 END
START 844 2464 8416 2792 13219 -12763 END
START 2644 2972 8656 2397 14294 -14855 END
START 916 2888 9636 2756 16985 -15465 END
START -244 2856 10216 2982 21907 -13596 END
START -2808 4900 9812 3724 27787 -10503 END
START -5296 6688 10764 4741 27666 -6127 END
START -7384 9396 12708 7513 24680 -1509 END
START -11372 14044 19888 4089 29370 -3919 END
START -14916 11876 16916 -4160 21283 -7416 END
START -14408 10332 24620 -5094 19991 -9675 END
START -17280 7620 24936 -10074 16441 -13666 END
START -18128 4968 26608 -9884 9616 -11952 END
START -15952 3192 26092 -6524 6546 -5010 END
START -13416 2800 26500 -3234 3926 198 END
START -13352 2928 26548 -2879 2280 3556 END
START -12128 2884 26800 -1691 -982 6702 END
START -11988 2304 24972 -1741 -3309 7145 END
START -11424 2008 22956 -2096 -4244 7443 END