START -1988 -2404 15988 2850 -9186 1155 END
START -1920 -2348 15464 2632 -7449 3421 END
START -3956 -748 14628 3760 -7627 5193 END
START -4012 344 14364 3045 -7400 5469 END
START -3940 1300 13564 1986 -7189 4781 END
START -3484 1548 12436 999 -6407 3133 END
START -3020 1472 11456 526 -5638 1087 END
START -1688 520 10184 501 -4545 156 END
START -728 -32 9320 952 -2661 628 END
START -308 -128 8484 1193 -594 1592 END
START -400 8 7348 1154 1182 2881 END
START -312 404 6892 651 2295 3847 END
START -756 776 6768 -672 3194 3998 END
START -716 832 6488 -2404 4357 3514 END
START -624 424 6556 -3794 5573 2695 END
START -292 -356 6656 -4450 7016 2097 END
START -164 -360 6684 -4915 8760 1334 END
START -464 -804 6932 -5452 11528 640 END
START -624 -820 6872 -4583 14040 1238 END
START -496 -324 7048 -4136 16149 2504 END
START -1556 552 7488 -4392 17610 3408 END
START -2380 664 8324 -5349 18847 3625 END
START -4052 896 9496 -6664 19917 3160 END
START -5636 512 10272 -7483 20621 2593 END
START -6632 60 11712 -7185 20593 2732 END
START -7436 160 14644 -6821 19868 2811 END
START -9244 -1172 17428 -6891 18266 2615 END
START -7816 -284 21472 -7246 16670 1781 END
START -9472 -448 26124 -9037 16588 -765 END
START -10184 -2412 27200 -9326 14368 -1024 END
START -11028 -4384 30372 -8370 12055 -535 END
START -15220 -5400 32112 -9113 8895 -1328 END
START -11468 -8088 32767 -4190 5664 1550 END
START -13636 -6264 32767 -2302 3549 1402 END
START -13708 -6656 32767 364 -780 1922 END
START -15032 -6120 32767 -307 -4480 -483 END
START -14332 -5612 31816 -521 -7818 -3981 END
START -12852 -6260 29892 1482 -11234 -4572 END
START -11296 -6616 27620 2296 -13166 -4987 END
START -10216 -6972 24904 3561 -15360 -5242 END
START -8480 -6528 22708 6006 -16151 -4238 END
START -7452 -5680 20784 8100 -16609 -3846 END
START -7304 -4596 18392 8419 -16736 -4482 END
START -6668 -3644 16472 9293 -16917 -3940 END
START -6516 -2556 15144 8914 -17308 -4177 END
START -5868 -2136 12528 7219 -17256 -6250 END
START -1488 -2912 10036 7877 -17649 -6035 END
START -3496 -1064 9844 8627 -16705 -6206 END
START -2880 124 9292 8978 -14748 -6406 END
START -2320 828 8064 8427 -13489 -6942 END
START -1984 964 7104 7061 -12472 -8032 END
START -1352 696 6728 6421 -11210 -8935 END
START -612 508 5812 6298 -9754 -9146 END
START 136 660 5408 6288 -7828 -9329 END
START 624 680 5256 5748 -6016 -9451 END
START 1212 716 4736 5565 -4183 -8947 END
START 1700 1248 4828 5607 -2109 -8381 END
START 2100 1880 4540 5257 439 -8382 END
START 1704 2132 4512 5122 2642 -8473 END
START 2204 2784 4392 4467 5531 -9441 END
START 2108 2760 4988 3796 8884 -10060 END
START 1824 2032 4324 3262 11780 -9705 END
START 1616 1248 3868 2818 14542 -8806 END
START 1120 924 3540 2593 17056 -7399 END
START 352 1200 3464 2756 19087 -5681 END
START -668 2624 4124 3200 20074 -4114 END
START -2100 4744 5708 2625 21144 -3720 END
START -3552 5948 6864 1627 22692 -4239 END
START -4392 7228 8480 1047 24363 -5186 END
START -6712 7912 10320 -203 24722 -7905 END
START -6588 6420 14168 -1518 25544 -9038 END
START -9796 6752 16276 -1785 25162 -7102 END
START -12192 5904 20520 -2805 20648 -6898 END
START -15296 5576 25740 -3828 19899 -3309 END
START -18148 6612 29612 -2901 17582 -156 END
START -31096 8584 30740 -6653 8159 2658 END
START -22256 8340 32767 -2287 7492 2907 END
START -21384 8228 32767 185 5761 814 END
START -20856 6968 32767 -2184 5086 -737 END
START -19460 5652 32767 -294 1599 2841 END
START -16468 3092 27632 266 -3486 5338 END