START -1172 -604 15000 -1919 -1953 1557 END
START -1100 -812 15244 -2788 -2296 144 END
START -756 -1592 14712 -3276 -2533 182 END
START -940 -1872 14148 -2924 -1853 1091 END
START -1300 -2260 13300 -2148 -502 1695 END
START -2084 -2688 12112 -502 567 1974 END
START -1596 -2044 11960 909 716 1957 END
START -1516 -1240 12440 1884 782 1876 END
START -1188 -416 12728 1442 1929 1743 END
START -1416 -504 12520 1227 3487 1673 END
START -1552 136 12400 864 5571 1445 END
START -1980 884 10804 382 7126 1412 END
START -2588 1200 10188 260 8954 1592 END
START -2348 1548 8312 337 10292 2119 END
START -2408 2408 7888 -98 11182 2403 END
START -2604 3116 7468 -742 12576 2110 END
START -2180 3864 7488 -1453 13915 1902 END
START -2200 3752 7928 -3019 15465 1620 END
START -2944 3332 9024 -4902 16796 1426 END
START -4120 2668 10316 -6725 17947 1239 END
START -5532 1588 11264 -7784 18809 595 END
START -6280 688 12736 -7503 18423 -361 END
START -4772 -288 15064 -7430 18276 -1229 END
START -6168 -1592 18324 -7178 16414 -1595 END
START -7064 -2260 21008 -6803 15040 -916 END
START -8304 -2636 23380 -6251 14042 -224 END
START -9368 -2612 25628 -5753 12314 -342 END
START -9972 -2316 27756 -4024 10528 635 END
START -10356 -1716 30260 -3127 8743 270 END
START -11288 -1820 31432 -3437 6559 -794 END
START -10960 -3256 32448 -1360 4525 -281 END
START -12240 -3876 31892 -283 2498 -121 END
START -13152 -4020 31424 1302 -312 515 END
START -13896 -3312 30636 2369 -3452 257 END
START -13992 -2496 29608 2980 -7011 -559 END
START -12588 -2492 28196 3553 -9644 -1126 END
START -11408 -2484 27196 3957 -12097 -1708 END
START -10308 -2812 25548 4329 -13947 -2218 END
START -9500 -3404 23296 5095 -15102 -2011 END
START -8296 -3352 21392 6682 -15998 -1131 END
START -7300 -3192 19284 7749 -16518 -539 END
START -6480 -2124 17264 8051 -17130 -1250 END
START -5708 -1196 15380 7306 -17926 -2438 END
START -4544 -900 13492 6495 -18682 -2841 END
START -3572 -672 13024 5244 -19074 -3648 END
START -2564 -1116 12364 3664 -18909 -5252 END
START -1496 -1752 11216 2759 -17762 -6217 END
START -224 -2404 9796 3163 -16015 -6030 END
START 432 -1884 8280 3886 -14332 -5772 END
START 1168 -844 7392 4363 -13253 -6083 END
START 1588 -36 6844 4827 -11823 -6638 END
START 2336 1008 7144 4524 -9966 -7563 END
START 3412 1468 7124 3849 -7058 -8907 END
START 4120 1312 7136 2733 -3703 -9947 END
START 4236 1356 6408 2078 -64 -11210 END
START 4044 584 5620 1463 3643 -11810 END
START 3492 -116 4744 990 7149 -11482 END
START 2512 -388 3460 1645 9830 -9878 END
START 1500 300 3612 2138 11906 -7756 END
START 256 1276 4192 1124 14265 -6904 END
START -880 2160 5060 288 16155 -5688 END
START -2276 3076 6128 -138 17991 -5376 END
START -3400 3668 7140 -1007 20062 -6036 END
START -4192 4048 8240 -1295 21489 -6777 END
START -4736 4316 9684 -147 21942 -6946 END
START -5160 4276 12028 -399 22328 -7508 END
START -6596 4108 14444 -1632 21896 -6396 END
START -7760 4576 17132 -1014 19970 -3036 END
START -10652 7056 20480 -2728 16377 -3467 END
START -12252 7276 23192 -3154 17465 -2555 END
START -11560 7428 25300 -2355 12162 -3369 END
START -13364 6784 29640 -2516 8657 -3440 END
START -10848 5212 30364 -3105 5991 -4706 END
START -11948 3068 30780 -626 6626 -1951 END
START -13324 3276 29828 776 4935 583 END
START -13324 3696 27620 1594 4331 3313 END
START -13152 5440 26904 3489 1910 5233 END
START -12608 5032 25852 2854 -3016 5159 END
START -10404 4576 24240 -742 -4125 3418 END