START -2720 -1068 13052 2843 -9684 -344 END
START -2844 -2380 12544 -1552 -6324 -481 END
START -3652 -1184 11344 3243 -6364 3547 END
START -3920 -308 10140 2167 -4595 4449 END
START -4192 280 9920 732 -3764 3705 END
START -3864 32 8536 52 -3218 2488 END
START -3132 424 8508 144 -2354 1405 END
START -2016 628 8088 87 -904 313 END
START -668 544 8264 -172 1091 -45 END
START 60 336 8208 -704 3572 -335 END
START 44 -112 7500 -1522 6126 -123 END
START -548 -340 6692 -2409 8173 411 END
START -1488 -172 6632 -2817 9483 1315 END
START -3184 164 7084 -3404 12190 2070 END
START -4260 608 6624 -4162 12927 1230 END
START -2760 1048 7220 -4832 14405 617 END
START -3252 700 7556 -5035 15755 194 END
START -3236 932 9032 -4534 16739 394 END
START -3828 888 10380 -4194 17257 1538 END
START -7108 1188 13296 -6016 19575 1577 END
START -7712 376 13228 -7441 18728 2621 END
START -9132 220 14924 -8213 18187 3925 END
START -11400 396 16740 -7085 15867 4362 END
START -11964 900 20480 -8604 15615 1179 END
START -11364 596 22680 -6786 10414 464 END
START -9980 -680 27596 -8300 8632 -1919 END
START -10612 -3920 30624 -7606 6987 -3793 END
START -11436 -6980 32436 -4862 5716 -1696 END
START -13548 -5684 32767 -4986 4979 1212 END
START -13652 -6476 32767 -266 2161 3780 END
START -15116 -4520 32767 1461 -2245 2060 END
START -14808 -4432 32616 1250 -7548 -694 END
START -13220 -4704 32144 1205 -11586 -2753 END
START -11272 -6800 30004 1496 -14535 -4669 END
START -10440 -7044 27160 3599 -16335 -4878 END
START -9168 -7336 24396 6243 -17204 -4408 END
START -9000 -6600 21492 8651 -17277 -3964 END
START -7792 -6156 18320 9931 -17307 -3653 END
START -6492 -5144 16648 10503 -18185 -4057 END
START -5920 -5212 13320 9817 -18137 -5271 END
START -5072 -4200 11480 10680 -18279 -6068 END
START -3752 -3212 10200 9154 -17971 -7819 END
START -2836 -2512 8432 6635 -16780 -9725 END
START -1848 -1976 7144 7364 -15364 -9286 END
START -1428 -1136 7176 7634 -13622 -9214 END
START -1224 -364 6240 6761 -11352 -10527 END
START -704 -160 5744 6760 -8701 -10949 END
START -420 280 5532 6435 -5580 -10582 END
START 244 172 4552 5990 -2750 -9995 END
START 372 348 4012 5502 -289 -9446 END
START 688 736 3384 4874 2007 -8956 END
START 392 1576 2992 3826 3880 -8533 END
START 264 2616 2888 2652 5959 -8334 END
START 348 3388 3152 1626 7927 -8507 END
START 260 3640 3764 568 10452 -9193 END
START 248 3748 3784 -13 13429 -9151 END
START 264 4008 4204 156 16557 -8148 END
START 120 4588 5104 490 19809 -6895 END
START -316 5456 6648 518 23381 -5891 END
START -1328 6132 7492 62 26383 -4850 END
START -3000 5912 9480 512 28404 -3596 END
START -6072 6744 13584 -779 27606 -4396 END
START -9216 5260 14400 -3467 32767 -795 END
START -13908 5224 17244 -3381 30780 2601 END
START -18872 7364 21024 -1143 23483 7160 END
START -21972 7880 25220 -2203 14765 8983 END
START -21304 7928 28292 -4347 7789 6017 END
START -18960 5120 31424 -2962 2901 553 END
START -19580 2748 32136 -7330 213 -3882 END