START -1096 260 9052 6 9010 914 END
START -1404 204 12052 -2004 11833 -1799 END
START -1848 -896 9940 -98 12953 -968 END
START -1380 -920 10380 -838 16173 -430 END
START -3076 -1272 10056 -1990 19677 37 END
START -3344 -1484 8700 -6218 20364 -557 END
START -3672 -1140 9364 -4241 25313 3885 END
START -5820 -580 8944 -5990 27163 3103 END
START -6772 -1068 9044 -5116 28688 4876 END
START -7444 -364 11664 -4371 28337 4267 END
START -8560 476 11792 -4718 25073 2992 END
START -10608 -196 14712 -6817 23390 -630 END
START -11184 -1040 17496 -8052 26098 -1131 END
START -12428 -1544 18556 -8344 24995 -999 END
START -16568 -1832 19872 -7976 23660 -138 END
START -16284 -3228 19376 -5007 20487 4135 END
START -18640 -2348 21688 -2389 15617 6243 END
START -19500 -2300 23668 -1295 11154 5760 END
START -21612 -2736 25192 -1274 6948 3936 END
START -18732 -3620 26048 -407 3798 2553 END
START -22952 -3232 25296 392 795 1149 END
START -18524 -4904 23552 1814 -2733 2996 END
START -18880 -5004 23108 2674 -6124 3204 END
START -18564 -4596 21552 3555 -10214 1985 END
START -17756 -3780 19728 4496 -14608 750 END
START -15496 -3724 18136 5708 -19174 -791 END
START -13692 -3676 17352 6932 -23034 -2138 END
START -11592 -4040 16324 6929 -26381 -3951 END
START -9244 -4076 14600 7343 -28686 -5369 END
START -9700 -4376 12832 8854 -28773 -3543 END
START -6104 -3876 10872 8160 -30506 -3881 END
START -5384 -2428 9480 8913 -30141 -2402 END
START -5116 -1480 10928 9679 -31534 -2698 END
START -2136 -784 11372 5077 -27380 -5507 END
START -2592 -808 11008 2519 -22143 -7310 END
START -2044 -1244 10360 2709 -21760 -10365 END
START -1272 -1440 10288 3034 -18869 -12209 END
START 432 -1548 9548 4567 -16667 -12396 END
START 928 -760 9224 6419 -14048 -11446 END
START 1636 532 9560 7363 -11392 -11063 END
START 2296 1888 9028 6055 -7330 -11893 END
START 2288 3060 8556 6448 -3726 -12839 END
START 2232 4140 8516 7216 -663 -13656 END
START 3052 4692 8696 7984 2681 -15040 END
START 2676 5056 9148 8379 6906 -17219 END
START 2796 5340 9804 9194 10795 -19013 END
START 2060 6440 10744 11705 11656 -21516 END
START 4152 6904 11984 10854 14940 -22087 END
START 2372 8456 10624 7202 20103 -23966 END
START 1440 6812 11888 -702 26584 -27690 END
START 2000 9768 15052 -5117 32767 -32768 END
START -2628 5288 13628 -18434 32767 -32768 END
START -6244 416 12724 -18676 32767 -32768 END
START -11568 -596 11496 -13229 32767 -22371 END
START -17604 1344 11256 -9839 32767 -7864 END
START -19752 3244 13828 -10486 32767 -1596 END
START -21824 3980 14068 -11814 32767 567 END
START -26548 5468 12412 -12053 28058 2382 END
START -26400 3300 12696 -11710 16031 6490 END
START -24372 2224 15640 -6808 8332 8009 END