START 596 -2348 9152 74 -1038 -221 END
START 492 -2708 8328 -351 1581 -12 END
START 572 -2720 7404 596 3317 1404 END
START 68 -1964 7316 837 5268 2720 END
START -500 -1404 7224 514 6926 3127 END
START -568 -972 6748 24 8937 3047 END
START -864 -244 6960 -8 10963 2512 END
START -1424 468 6280 -143 13008 1746 END
START -1284 1072 5784 -194 15448 1056 END
START -1428 1496 5528 -113 17883 557 END
START -1940 2324 5504 -142 20186 498 END
START -2420 2820 5716 -565 21986 859 END
START -3092 2992 6768 -1940 23212 1397 END
START -4460 3156 8340 -3915 23979 1278 END
START -5292 2612 9572 -5487 24359 247 END
START -6168 1800 11252 -5008 24307 -138 END
START -7464 2088 14484 -2876 23842 227 END
START -9524 2776 19068 -1633 23136 -28 END
START -11064 2172 22568 -2731 22441 -783 END
START -13804 2096 26676 -1652 19612 56 END
START -16996 2776 30160 -2601 14987 -654 END
START -17376 2704 32767 -4216 11891 -3134 END
START -20660 -56 32767 -4440 7864 204 END
START -21572 264 32767 -2100 2083 3240 END
START -21320 452 32767 -1218 -2370 2452 END
START -21412 -172 32767 1067 -7761 1264 END
START -19672 -1084 32767 955 -11784 -370 END
START -18172 -1792 30384 1416 -16320 -434 END
START -15908 -2052 27464 1727 -19972 -833 END
START -13524 -2680 23596 2072 -22630 -1215 END
START -11340 -2332 20084 3037 -24420 -908 END
START -9832 -1908 17388 3393 -25865 -1323 END
START -8492 -1800 15444 2156 -27084 -2308 END
START -7080 -2536 12856 231 -28360 -3336 END
START -6248 -3088 12272 -372 -27636 -3199 END
START -5544 -2480 9608 -2272 -27866 -5457 END
START -3732 -3140 9688 -1729 -27516 -7006 END
START -1640 -2428 7356 -883 -24422 -6154 END
START -1000 -944 7656 3651 -24330 -5400 END
START -68 -200 6488 2288 -20325 -7058 END
START 1348 -296 5744 2242 -17067 -8668 END
START 2268 -76 5616 1597 -12288 -10498 END
START 2828 -264 5048 2503 -8519 -10885 END
START 2956 -244 4452 2884 -4222 -12291 END
START 2840 -256 4052 2863 -35 -14412 END
START 3000 -532 3620 3613 3579 -15557 END
START 3180 -716 3132 4178 6926 -15699 END
START 2708 -948 2548 4552 10212 -15099 END
START 2184 -240 2660 5743 12897 -13767 END
START 1804 1312 3444 6768 16272 -12809 END
START 788 3800 4592 6874 19972 -12738 END
START 672 5268 5196 6999 23359 -13503 END
START 664 6492 6908 8714 26805 -14734 END
START 716 7972 6748 9685 26464 -18000 END
START 16 7760 11272 11415 30299 -20196 END
START -716 7448 12644 6853 32767 -19614 END
START -6324 8336 12128 2276 32767 -18878 END
START -10792 7200 16348 -1456 32767 -15876 END
START -15908 7280 17964 5565 32767 -6781 END
START -22944 11104 19640 -5759 32767 -5458 END
START -28320 14416 23140 8605 23325 9827 END
START -22484 15676 21000 8608 17692 8767 END
START -27032 18636 26472 60 8948 4235 END
START -23020 16468 27644 -5587 1608 -950 END
START -18768 12428 28512 -5764 -4607 -2750 END