START -4796 620 9844 -965 6564 582 END
START -6060 1236 9940 -2787 10177 -1591 END
START -6704 1712 9628 -2396 12946 -1558 END
START -6724 832 9068 -3093 16013 -827 END
START -6864 340 9244 -3964 18144 794 END
START -6500 84 11172 -7059 20459 -1231 END
START -9304 -1664 9776 -9494 23782 1709 END
START -11236 -2260 12576 -9043 21958 3213 END
START -13440 -4172 14188 -8306 20006 4611 END
START -13856 -5264 18216 -5529 16241 5665 END
START -18496 -4084 23476 -3607 13020 4590 END
START -17180 -3996 24840 -220 7361 2196 END
START -19416 -4020 27612 -1193 3625 -1068 END
START -15100 -7660 25940 -1595 -1469 -5380 END
START -18132 -8124 27428 480 -7617 -5327 END
START -14760 -10316 26692 2561 -9134 -3361 END
START -14456 -9692 24212 6025 -13347 -944 END
START -12804 -8492 21328 8370 -17047 -1047 END
START -11532 -6648 17960 10005 -21151 -1566 END
START -5244 -6484 15928 13990 -24178 722 END
START -7020 -2652 12700 14740 -26958 -1585 END
START -5736 -948 12228 8725 -27192 -7880 END
START -3944 -536 10164 6315 -25042 -10484 END
START -2620 664 9632 6216 -24687 -13454 END
START -360 1568 10724 5236 -21437 -14410 END
START 1896 1444 11604 2894 -14814 -16274 END
START 2596 -204 8900 4668 -10288 -15917 END
START 3060 -192 8724 7599 -5227 -13901 END
START 3304 804 7956 9502 188 -12136 END
START 2636 2912 8364 10022 5806 -10148 END
START 1924 5576 9176 9490 10695 -7768 END
START 1428 6748 9476 9387 14362 -7564 END
START 1488 7344 10684 7452 16754 -10429 END
START 0 7308 10532 2545 15135 -16850 END
START -576 5624 9864 -5420 19876 -18007 END
START -464 6284 14880 -9034 30848 -17114 END
START -284 2452 13400 -20897 32767 -20620 END
START -5776 -3844 14556 -15620 32767 -20839 END
START -12396 -3228 11404 -9180 32767 -13222 END
START -17532 -732 11716 -736 32767 -341 END
START -19544 204 12776 648 21969 4748 END
START -20368 1716 15724 -1430 7770 5851 END
START -19332 2028 18284 -2171 -1981 5206 END
START -17908 3428 19620 -1675 -5879 2046 END
START -14960 2780 19676 691 -3759 -1034 END
START -14936 1052 17516 -486 -5642 -2370 END
START -13268 1880 15620 -288 -7779 -471 END
START -11064 1640 16596 -1178 -8541 1492 END
START -12080 1872 17732 394 -9437 4481 END