START -2220 -2380 12352 1475 -3487 3626 END
START -1716 -2092 12004 2728 -537 4293 END
START -1352 -1088 10280 1849 -1298 3256 END
START -1000 -1052 9264 1143 -1044 2743 END
START -440 -1068 8292 -44 -57 2590 END
START -180 -1172 7696 -886 1023 2598 END
START -148 -816 7028 -1392 2411 2635 END
START -196 -544 6584 -1895 4280 2432 END
START -672 -100 5948 -2498 6527 2107 END
START -1064 288 5464 -3142 9080 1645 END
START -1584 244 4620 -3657 11690 1643 END
START -2224 544 4120 -3769 14112 2097 END
START 200 580 2640 -4011 15882 2911 END
START -2084 1620 4376 -2927 17721 4364 END
START -3428 2364 5716 -4064 19688 4634 END
START -2792 2408 7476 -5524 21714 5064 END
START -5580 1904 9012 -6995 21258 5538 END
START -6532 1432 11924 -8489 21835 5583 END
START -8336 96 13708 -7337 21137 6168 END
START -10276 356 17868 -6882 21081 4457 END
START -11024 -808 20636 -6100 17940 3228 END
START -11116 -896 25932 -5184 13947 1841 END
START -12312 -1736 29988 -5649 13005 54 END
START -12124 -3624 31616 -5418 9666 656 END
START -13936 -4164 32767 -8336 9082 -1216 END
START -14980 -6640 32767 -3722 4565 172 END
START -15496 -6972 32767 1125 1926 2848 END
START -14208 -4468 32767 1928 -1605 2177 END
START -13452 -3440 32767 2338 -5193 1540 END
START -13328 -4116 32160 -194 -7680 -807 END
START -13200 -5028 29212 637 -10781 -1697 END
START -12052 -5216 26564 1883 -12498 -2328 END
START -10888 -6304 23340 3616 -14313 -2657 END
START -8892 -5648 19828 3896 -15269 -3066 END
START -7380 -4728 18236 5149 -16517 -3272 END
START -6012 -4612 16364 4969 -16431 -3268 END
START -5064 -3936 15460 4823 -16503 -3878 END
START -4328 -4268 13916 4670 -16309 -5507 END
START -3012 -4296 12636 5666 -15631 -6141 END
START -2388 -4092 11084 6283 -13894 -6579 END
START -1524 -3340 9216 6994 -12371 -6765 END
START -1032 -3224 8636 7320 -11389 -7384 END
START -632 -3164 7888 7408 -10316 -8194 END
START -64 -3620 8728 7169 -9586 -9017 END
START -52 -3444 8332 6341 -8470 -10372 END
START 300 -3352 7748 5955 -6899 -11534 END
START 548 -3072 7336 6312 -5206 -12094 END
START 820 -2984 7232 6531 -3356 -12479 END
START 1416 -2584 6772 6792 -1203 -12758 END
START 1580 -2468 6172 6715 1604 -12791 END
START 1516 -2064 5200 7276 4417 -11753 END
START 660 -532 4672 7610 7092 -10093 END
START -208 1504 4296 7290 9413 -8697 END
START -936 2980 4572 5852 11625 -8426 END
START -1644 4456 4512 4222 13486 -8637 END
START -2372 5528 5240 2880 15312 -8786 END
START -2624 6220 6048 1467 17754 -8840 END
START -2808 6640 7616 -325 19736 -7950 END
START -3224 7528 9640 -1450 21617 -5900 END
START -4668 8744 12876 -2808 22761 -4116 END
START -6232 9260 15360 -5162 22944 -2663 END
START -10680 9212 17972 -6147 23131 -2003 END
START -13888 9288 20776 -5072 20927 -1202 END
START -17140 9424 24660 -4723 19261 -2672 END
START -17496 6664 25372 -3441 14806 -4285 END
START -16256 5768 28752 -4636 9935 -4527 END
START -18404 5584 30404 -3794 4892 -3185 END
START -14424 3924 31564 -3485 2673 -1800 END
START -14492 4352 29520 -2088 -92 799 END
START -12692 4440 28748 -359 -1179 2088 END
START -7636 3552 27800 995 -5274 3221 END