START 1112 -1220 6076 -2373 6458 3342 END
START 68 -652 5116 -3611 10025 3799 END
START -920 168 4708 -2913 11500 4389 END
START -2000 660 5068 -3224 13654 3206 END
START -2344 860 4704 -5635 16159 33 END
START -3020 12 3684 -6016 16165 -2008 END
START -2460 -220 3308 -5333 17501 -2207 END
START -2300 -452 3144 -5049 19912 -1181 END
START -2264 -204 3836 -3761 22213 1462 END
START -3400 880 5628 -3159 24148 3893 END
START -4984 1524 7668 -4546 25930 5101 END
START -4996 1380 9528 -6885 27649 4387 END
START -8672 1008 12032 -8123 27650 1712 END
START -9892 -744 13628 -7138 25458 87 END
START -10824 -668 17680 -4908 23662 -1201 END
START -12008 -856 22088 -3416 21816 -2207 END
START -13428 -1148 26628 -2378 18772 -1283 END
START -15864 -712 30832 -1434 15849 1409 END
START -18744 -792 32767 -2152 13704 1793 END
START -21676 236 32767 -1110 9226 4157 END
START -22600 -108 32767 -760 4477 3815 END
START -22692 -252 32767 -1529 1376 897 END
START -22164 -2740 32767 69 -4536 -339 END
START -19980 -4208 32767 954 -8737 -1476 END
START -17932 -6136 32192 904 -11634 -2647 END
START -16208 -6884 28384 2924 -14715 -1691 END
START -14648 -6688 25324 5059 -16682 -1102 END
START -13288 -5548 23816 6508 -18428 -1106 END
START -12444 -4996 21244 6200 -19100 -2299 END
START -11140 -5772 18396 6373 -20433 -3779 END
START -9776 -5376 15624 6465 -21346 -4985 END
START -8208 -4752 12796 7348 -22285 -5789 END
START -6428 -4112 11576 7483 -22649 -7159 END
START -4600 -4020 9792 7486 -21844 -8280 END
START -3580 -3368 8680 7400 -20560 -8707 END
START -2464 -2624 7304 6518 -18925 -9717 END
START -2768 -1460 5344 5958 -16717 -10155 END
START -1588 -12 4828 8410 -16792 -10087 END
START -524 1024 4528 6637 -14764 -12075 END
START 280 1444 3340 4455 -12087 -14584 END
START 1184 1160 2028 3864 -9367 -15043 END
START 1796 1528 1420 3316 -6920 -14751 END
START 2420 868 1212 2424 -4090 -13810 END
START 2312 1108 1192 1372 -1351 -12505 END
START 2124 1472 1576 1102 1243 -10848 END
START 2092 1416 1796 1341 4557 -9094 END
START 2148 1924 1708 2017 8648 -7447 END
START 2296 2480 1716 2813 12777 -6690 END
START 2588 3124 1740 4417 16996 -6550 END
START 2580 3776 2156 6859 21813 -5725 END
START 852 5796 2496 9224 26346 -4325 END
START -536 8132 4368 11004 30368 -3227 END
START -2188 9968 6264 11593 32767 -3030 END
START -4656 11224 9768 12350 32767 -3498 END
START -9120 13580 13684 13850 29978 -6684 END
START -11204 11460 18600 9236 29155 -11536 END
START -17436 10988 20248 6483 26926 -8470 END
START -21792 12992 25248 3795 22346 -5155 END
START -23580 13404 27016 3788 16077 1244 END
START -22568 17536 31132 -2623 7772 3455 END