START -1212 -2184 19984 -4360 -13960 2768 END
START -2628 -2264 19748 -2472 -13079 1724 END
START -1984 -2728 17436 -1782 -12770 1316 END
START -1792 -2348 16620 -962 -12348 1877 END
START -1580 -2036 15696 -524 -11746 2048 END
START -1216 -1448 14344 482 -10739 2339 END
START -592 -684 13472 1004 -9665 2099 END
START -524 -320 12888 1004 -8514 1511 END
START -576 -72 12852 509 -7339 641 END
START -764 -616 11156 -72 -6116 -417 END
START -1116 -1528 10140 -51 -5303 -822 END
START -1196 -2040 8788 624 -4720 -29 END
START -1084 -1712 8636 1396 -4503 1232 END
START -760 -644 8268 1104 -3983 1431 END
START -232 312 8060 172 -2875 793 END
START 112 576 7904 -942 -1409 -269 END
START 480 316 7228 -1880 -56 -1185 END
START 676 -176 6672 -2460 1469 -1765 END
START 776 -1024 6232 -2236 3178 -1594 END
START 552 -1652 6380 -1916 5226 -1034 END
START 76 -2088 6496 -1820 6795 -415 END
START -752 -2384 6352 -1733 8203 498 END
START -1640 -2064 6832 -1473 9393 1211 END
START -2200 -1568 7184 -1261 10937 1243 END
START -2768 -1168 7228 -883 12264 954 END
START -2596 -532 7472 -81 12993 1134 END
START -2844 132 8780 -75 13616 719 END
START -2808 332 9452 -815 14809 570 END
START -3120 356 10104 -1204 15837 873 END
START -3416 288 10908 -1864 16146 938 END
START -3824 28 11380 -2038 17128 1565 END
START -4412 176 12364 -1916 17515 2245 END
START -4896 524 13776 -2356 17431 2100 END
START -5012 1016 15568 -2698 16905 1755 END
START -5380 972 17448 -3526 17044 915 END
START -5820 564 18672 -4133 17051 61 END
START -4136 -252 19788 -4561 15962 -421 END
START -7464 -1124 22044 -4172 15865 -520 END
START -7812 -1580 22776 -3466 15440 -300 END
START -8024 -1396 24700 -1833 13717 1383 END
START -8468 212 26492 -2022 12447 2199 END
START -10388 948 27472 -1103 10955 2816 END
START -12856 936 26896 -2424 8601 1978 END
START -11588 -584 29416 -3543 7414 507 END
START -12912 -1072 30300 -4246 4943 -1450 END
START -10944 -2784 30188 -3337 2467 -684 END
START -11828 -3452 31348 -2699 -8 12 END
START -12328 -3772 30752 -1778 -2168 -506 END
START -12040 -3540 29892 -414 -4544 257 END
START -12592 -3464 27720 379 -6409 -113 END
START -12204 -3144 26384 1136 -9038 -1110 END
START -10852 -2792 24684 1508 -10572 -1629 END
START -9980 -2928 23080 1369 -12779 -2744 END
START -8268 -3112 22456 1889 -13342 -2620 END
START -7272 -3780 21720 2894 -13761 -2468 END
START -7236 -4128 20972 3130 -14234 -2391 END
START -6792 -4520 19868 4072 -14567 -2202 END
START -6876 -3892 17944 4868 -14707 -2568 END
START -6568 -3304 16164 5332 -15271 -3846 END
START -5428 -2760 15044 5848 -15365 -5183 END
START -4276 -2468 14304 5834 -15241 -6013 END
START -3384 -2684 13308 5117 -14869 -6901 END
START -2288 -3296 11852 4958 -13796 -7152 END
START -2088 -3124 10076 5791 -12422 -6749 END
START -2024 -1612 8468 6119 -11176 -7151 END
START -2132 -736 7472 6393 -10032 -7690 END
START -2260 -936 7304 5886 -9171 -8921 END
START -2492 -1380 7088 4926 -8223 -10341 END
START -2252 -1768 5836 4906 -7038 -11365 END
START -1212 -2532 5336 4858 -5794 -11284 END
START -368 -2596 5060 5590 -3697 -9418 END
START 48 -1944 4856 6278 -1365 -7452 END
START 12 -1068 4164 6088 1021 -6830 END
START -148 -272 3448 5792 3265 -6941 END
START -48 296 2580 5550 5163 -6892 END
START 68 440 2320 4967 6924 -6936 END
START 92 932 2060 4051 8656 -7300 END
START 192 1472 1932 2993 10487 -7866 END
START 388 2060 2452 2336 12820 -8001 END
START 636 2472 2908 2613 15522 -7197 END
START 644 3400 3720 3079 18345 -5659 END
START 340 5016 4956 3504 21218 -4090 END
START -804 6252 7036 3653 23683 -2861 END
START -2304 7860 9876 3547 25851 -829 END
START -5608 9204 12300 1797 26990 694 END
START -9880 10852 15828 -354 25228 318 END
START -10472 11456 20972 -3182 24816 -2575 END
START -19252 7460 23584 -5121 19106 -3827 END
START -20768 5476 28948 -2400 13168 -4253 END
START -26016 4312 32767 -3135 9576 -6351 END
START -20792 772 32767 1264 5785 -2801 END
START -18364 -160 32767 7151 3796 301 END
START -14820 980 32767 7405 2803 3280 END
START -15880 2972 32767 11222 3309 6312 END
START -19140 3124 27696 10590 2821 5973 END
START -13036 6136 24676 10911 942 5503 END
START -13956 4328 20188 10445 -1850 6659 END
START -10976 5244 17436 8621 -3727 6507 END