START 1236 -1224 13392 325 -3978 7919 END
START 80 -1204 13216 -1438 -1213 6384 END
START 540 -752 13384 -481 -861 5901 END
START 976 -968 13100 -1414 93 3923 END
START 1216 -2004 12780 -2445 1043 1820 END
START 912 -3012 12948 -2093 1874 965 END
START 432 -3824 13080 -1597 3259 1005 END
START -652 -4864 12928 -673 4400 1912 END
START -1820 -4384 12896 561 4813 3538 END
START -2460 -3088 13564 993 4519 4211 END
START -2652 -1872 14556 16 4559 2869 END
START -2208 -1912 14624 -838 4150 1330 END
START -1408 -2052 14472 -1110 4285 -79 END
START -784 -2196 14112 -548 5020 -465 END
START -576 -2088 13628 430 5962 55 END
START -564 -1096 13160 1175 7060 802 END
START -680 -80 12920 1589 8467 1484 END
START -900 1036 12252 1303 9974 1807 END
START -1672 1656 11340 449 11539 1719 END
START -2016 1848 10400 -191 12974 1386 END
START -2144 1592 10412 -634 14398 1180 END
START -2176 1532 10276 -1319 16154 1168 END
START -2188 1708 10796 -1114 17883 1525 END
START -2472 1956 11564 -1201 19089 2225 END
START -280 1684 11240 -2969 20466 2821 END
START -4220 1476 12572 -2963 20745 2185 END
START -5280 1192 13692 -5171 21052 1252 END
START -7040 1264 15200 -5016 18997 969 END
START -8264 812 17132 -5732 17373 448 END
START -8596 472 19192 -5906 15840 11 END
START -8792 304 22116 -6780 13768 -1290 END
START -10192 -660 25684 -6531 12530 -2330 END
START -10448 -1996 29492 -5154 10652 -1285 END
START -11788 -3356 32152 -4743 9074 -985 END
START -12292 -4428 32767 -3264 6635 -2373 END
START -16588 -4288 32767 -1067 3547 -1383 END
START -15324 -4448 32767 1905 -1054 212 END
START -15284 -3464 32767 2329 -4609 -64 END
START -15152 -3060 31016 3007 -8629 -749 END
START -14584 -1724 29312 2449 -12587 -2115 END
START -12656 -2664 26832 2313 -15338 -3498 END
START -10668 -3688 24348 3952 -17231 -3662 END
START -8632 -4884 22144 5479 -18227 -3543 END
START -7724 -4816 19520 7202 -18002 -2659 END
START -6576 -3688 17624 9246 -18181 -1378 END
START -5564 -1956 15584 9731 -17964 -1368 END
START -4608 -1064 14252 9191 -18025 -2292 END
START -3940 -1900 13768 7677 -17811 -3366 END
START -3212 -1476 11500 5489 -17726 -5754 END
START -2240 -1440 9544 5951 -17086 -6182 END
START -1520 -1224 8024 5946 -16047 -6361 END
START -996 -720 7120 6249 -15033 -6412 END
START 368 -216 7080 5114 -15092 -8225 END
START 1336 -240 7776 4591 -13950 -9043 END
START 1920 -304 7572 3185 -11360 -9553 END
START 2240 -568 6976 3154 -8693 -9453 END
START 2368 -392 6800 3322 -5924 -9565 END
START 2400 -100 6628 3989 -3106 -9439 END
START 2332 352 6196 4621 -168 -9516 END
START 2392 488 5588 4783 2674 -9592 END
START 1900 1032 5120 4487 5533 -9459 END
START 1284 1720 4876 4307 7938 -9067 END
START 676 2164 4880 3639 10197 -8844 END
START -76 3372 5416 2983 12093 -8829 END
START 4 3868 6440 2255 13780 -8978 END
START -56 4040 7316 834 16041 -9955 END
START -276 3872 7936 -349 18144 -11039 END
START -420 3732 8816 -526 20424 -12011 END
START -1148 3808 9312 -503 23516 -12418 END
START -3372 4540 9944 119 23079 -14549 END
START -4772 3736 13076 2978 29091 -12335 END
START -10516 4064 14104 286 28826 -13317 END
START -15500 3916 17128 -61 28327 -10696 END
START -20196 6512 20564 -3385 30552 -7543 END
START -20820 8064 18948 2207 21732 957 END
START -27080 11564 22364 914 13708 3936 END
START -20384 13296 25544 2940 7604 6842 END
START -17052 12440 28044 980 2328 3592 END
START -14504 9380 28064 -1899 -1606 1578 END
START -12816 7720 28916 -2537 -3495 2416 END
START -10424 5920 28800 -2793 -3273 2383 END
START -9268 4736 27112 -1822 -3371 2352 END
START -8452 3676 26220 1625 -7071 3413 END