START -804 -512 13596 -1640 -6917 2014 END
START -1152 -1416 12576 -59 -5421 3253 END
START -220 -1208 11172 339 -4420 4363 END
START -912 -720 12612 415 -2270 3103 END
START 44 -1248 11196 93 -317 1595 END
START -252 -1524 10316 251 650 1413 END
START -312 -1212 10204 929 1587 2274 END
START -672 -728 9692 633 3570 2960 END
START -1816 192 9044 181 5096 3255 END
START -2668 516 9100 -493 5962 2923 END
START -2816 720 8948 -1307 6319 2500 END
START -2768 548 9328 -2983 7118 1498 END
START -2700 -120 9372 -4323 7822 845 END
START -2632 -816 8784 -4967 8837 924 END
START -2520 -884 8408 -4398 9957 1865 END
START -3104 -308 8400 -3858 11638 2789 END
START -3576 692 8720 -3650 13915 3544 END
START -4416 1064 8856 -4217 15715 3509 END
START -5460 1012 9516 -5165 16459 2576 END
START -3612 496 10428 -6492 20608 2373 END
START -5976 -868 10860 -6358 18004 1882 END
START -6604 -1204 11632 -6300 18045 1720 END
START -7164 -1320 12700 -5007 17390 2272 END
START -7188 -784 15000 -4666 17918 2585 END
START -7784 -292 17376 -4148 17685 2943 END
START -8972 -420 19884 -4951 17452 2087 END
START -9924 -1316 22120 -5281 15949 1051 END
START -11128 -2824 25876 -4829 13037 209 END
START -12388 -3752 29684 -4435 9316 -532 END
START -11536 -5044 32752 -1931 5327 -128 END
START -13152 -4248 32767 -3027 4436 -1767 END
START -13356 -5212 32767 1619 -291 -276 END
START -14052 -4876 32767 637 -2031 -2327 END
START -14584 -5424 32767 1902 -4922 -2329 END
START -14628 -5360 32176 3096 -7938 -1809 END
START -13544 -5596 28464 4235 -11260 -1772 END
START -12396 -4812 26816 5307 -14245 -2601 END
START -10200 -5296 23892 5423 -15959 -4090 END
START -8956 -5868 21680 7660 -17232 -3798 END
START -7736 -5112 19416 7999 -17082 -4463 END
START -6604 -4524 16708 9515 -16722 -4477 END
START -5824 -3280 14272 10520 -16440 -4532 END
START -4976 -1860 12344 10195 -16514 -5502 END
START -3912 -1156 9972 8949 -16149 -6337 END
START -2864 -264 7912 7788 -15471 -7019 END
START -1448 264 6548 7076 -14384 -7729 END
START -772 808 6148 6026 -12744 -8525 END
START -140 1312 5084 4965 -10916 -9252 END
START 216 1880 4852 3850 -9253 -10704 END
START 764 1576 4524 3235 -7150 -11362 END
START 1064 1476 4552 2799 -4163 -11435 END
START 1148 1356 4320 2629 -848 -10861 END
START 524 1684 3924 2455 2116 -10195 END
START -48 1716 3432 2349 4925 -9050 END
START -252 2112 3176 2534 7485 -7668 END
START -584 2980 3052 2463 9858 -6418 END
START -896 3948 3104 2038 12222 -5736 END
START -872 4956 3560 1986 14615 -5150 END
START -292 5672 5544 2361 17016 -5060 END
START -208 6264 7712 2536 19736 -5456 END
START -956 7200 9604 2923 22645 -5848 END
START -2300 8048 11664 2092 25371 -6050 END
START -7220 7276 13860 2022 24183 -6811 END
START -9592 5260 17388 1195 25148 -1898 END
START -13972 5332 21444 -991 21556 3088 END
START -17064 7504 25916 -567 16414 7567 END
START -19776 10364 31408 290 11308 7972 END
START -23572 10816 29784 -5034 -2841 5556 END