START -4056 416 21476 -2242 -3717 6588 END
START -3400 -372 22252 -6279 -4187 2295 END
START -3776 -1960 20732 -3307 -6056 2451 END
START -3632 -3260 19728 -3487 -5177 1445 END
START -2852 -4380 18004 -2106 -5309 2477 END
START -3608 -4392 16940 -746 -5674 4021 END
START -3232 -3212 15816 552 -5977 5589 END
START -2712 -2376 14956 1037 -6066 4998 END
START -1768 -2224 13860 68 -5667 2315 END
START -692 -2752 12920 -326 -4825 168 END
START -152 -3236 11748 -241 -2648 -778 END
START -304 -3244 10784 709 252 -695 END
START -760 -3392 9084 2201 3133 7 END
START -1196 -2616 8420 3796 5130 1224 END
START -1944 -1504 7600 3747 7357 1646 END
START -2580 -552 6776 2395 9499 1540 END
START -3136 172 5884 813 10690 1478 END
START -3224 652 5056 -1086 11819 859 END
START -3672 836 4712 -3042 13253 -165 END
START -3620 844 4044 -4236 15096 -302 END
START -3516 924 4796 -4472 16509 714 END
START -3492 1248 6704 -4962 17738 1871 END
START -4396 1348 10016 -6799 19016 2226 END
START -6872 812 13260 -8144 19578 2856 END
START -8844 -40 17264 -6762 17073 4099 END
START -9724 -340 23896 -6410 13906 3009 END
START -11332 -940 31948 -8626 10969 -39 END
START -13704 -2016 32767 -7251 3453 -1551 END
START -12628 -6792 32767 -8978 1871 -3957 END
START -13300 -9760 32767 -2156 -4167 -2047 END
START -14260 -9720 32767 2266 -7907 -2701 END
START -12476 -8956 32767 6425 -11814 -1979 END
START -10032 -8200 28592 8627 -14515 -2479 END
START -7288 -6984 23364 10448 -17124 -2655 END
START -5072 -5952 20444 10787 -18661 -3875 END
START -3148 -6028 17996 10377 -16998 -4189 END
START -3240 -4496 14856 9159 -17625 -8460 END
START -2324 -5236 12100 9468 -15775 -11959 END
START -1656 -4652 9204 9586 -12659 -14995 END
START -1976 -3856 7188 11071 -8448 -16281 END
START -1248 -2348 4776 13319 -6375 -16017 END
START -272 -188 4032 13360 -3790 -15889 END
START 424 628 3536 10923 -1561 -17184 END
START 1640 548 1284 7948 634 -16048 END
START 2416 1536 1316 7695 2542 -11973 END
START 2636 4628 1948 6600 5857 -8252 END
START 2368 7468 2756 5101 10266 -5934 END
START 912 10696 4052 3017 13544 -4664 END
START 116 12344 6000 198 16891 -5343 END
START -8 12580 9224 -1477 19173 -6331 END
START -708 12248 12824 -4276 16754 -10640 END
START 616 9440 17004 -4235 22255 -9930 END
START -3556 5872 15692 -8119 21023 -10978 END
START -3160 3636 25836 -4510 29078 -10188 END
START -13532 -4724 23784 -18329 32767 -14082 END
START -21048 -4900 20292 -2251 32767 -4340 END
START -23264 2864 18176 9749 20045 11003 END
START -22244 6004 17652 13247 -1709 18778 END
START -19328 9932 19020 10668 -16052 16404 END
START -13108 11592 27880 3574 -15983 3079 END
START -9496 8336 21400 -6133 -10507 -9302 END