START -2844 -1256 15192 -1222 -9699 1674 END
START -2036 -2712 13500 -450 -8665 1884 END
START -1648 -2956 13068 -991 -8147 3324 END
START -1384 -2028 12736 -543 -7279 4666 END
START -1076 -1288 12056 -449 -5682 4956 END
START -1500 -1708 11004 -17 -1284 4320 END
START -216 -788 8168 -153 -2263 1148 END
START 588 -1996 7984 1159 -168 344 END
START 292 -1988 7476 327 2058 195 END
START 8 -2136 6884 24 3239 1242 END
START -1020 -1628 6944 -635 4281 2524 END
START -1716 -412 7108 -1313 5671 3671 END
START -2164 736 6892 -2717 7399 3559 END
START -2284 1152 6456 -3718 9290 2905 END
START -3704 1364 6212 -4372 12964 2201 END
START -4720 1088 4872 -4479 13154 1065 END
START -2840 568 5400 -4032 15219 1308 END
START -2736 616 7304 -4385 16633 2197 END
START -4480 1276 10004 -5026 19571 3852 END
START -5052 1500 10624 -6991 18598 4421 END
START -6100 1128 13696 -8652 17918 4427 END
START -8144 520 16796 -9860 18124 3762 END
START -9096 -1132 20240 -9501 14868 1546 END
START -9176 -2620 25648 -7408 10781 -11 END
START -10020 -3696 31904 -6048 7349 -1384 END
START -10360 -5936 32767 -6545 5400 -3705 END
START -11676 -8208 32767 -4206 2367 -2843 END
START -12072 -12400 32767 -746 1457 -592 END
START -14048 -9572 32767 1655 -3159 499 END
START -14264 -7628 32767 6100 -7499 751 END
START -12836 -5968 32767 5466 -11596 -1671 END
START -10704 -6472 30784 5548 -13819 -4548 END
START -9272 -6848 27236 7083 -15235 -5668 END
START -8020 -6548 23728 8489 -15712 -5481 END
START -7300 -5640 20152 10209 -16002 -4458 END
START -6568 -4192 17604 11333 -16483 -3330 END
START -6112 -2192 14428 10473 -16190 -3688 END
START -4816 -860 11656 9945 -15968 -4880 END
START -3688 740 9908 9176 -15566 -6377 END
START -2500 500 8988 8311 -14088 -7220 END
START -1880 348 8100 6558 -12650 -7444 END
START -1644 1160 6480 5217 -11667 -7941 END
START -1400 1396 5236 4682 -10770 -8186 END
START -696 1776 4584 3844 -9566 -7929 END
START -128 1892 4144 3060 -8222 -8114 END
START 1232 2256 4632 2022 -6821 -9007 END
START 2472 2148 4680 113 -4248 -10404 END
START 3112 1488 4312 -692 -1230 -10653 END
START 3308 1004 3776 -241 2331 -9883 END
START 2756 1516 3628 287 6119 -9269 END
START 2560 1616 3176 647 9458 -9016 END
START 2368 1648 2716 830 12516 -8301 END
START 1684 1936 2664 1171 15243 -6953 END
START 904 2680 2376 1110 17871 -5787 END
START 376 3928 2976 1264 20319 -4715 END
START -208 5260 4632 1380 22345 -3323 END
START -1360 7136 6580 1744 24216 -2154 END
START -2816 7956 9124 1965 25805 -1436 END
START -5448 8576 13044 1000 25995 -1768 END
START -5284 8584 16536 -2018 25049 -3806 END
START -13172 5584 22324 -2412 21155 -2655 END
START -16844 3488 27632 -1603 13809 595 END
START -17416 4132 32096 -834 8044 3552 END
START -21464 6776 32767 -2433 4777 2841 END
START -15216 6424 32767 -2318 1748 1453 END
START -14096 6344 32767 -365 -2268 43 END
START -11912 5708 31140 -2521 -2711 -1695 END
START -7576 4796 29760 -2565 -2799 -2085 END
START -8704 1848 27652 155 -2878 1973 END
START -5536 1568 25440 -1562 -1592 3505 END