START -2944 284 10360 130 -4288 9163 END
START -972 -560 10136 -1477 -2950 7114 END
START -524 -1240 9376 -2155 -2667 6230 END
START 60 -1728 9440 -2856 -1508 5387 END
START 272 -2088 8972 -2625 -137 5159 END
START 984 -2220 9168 -2633 1802 4479 END
START 1236 -2344 9008 -2867 3781 3690 END
START 1340 -2492 8688 -2910 6022 3099 END
START 1212 -2632 8132 -3409 8088 2589 END
START 472 -2660 7332 -3507 10048 2817 END
START -76 -2260 7340 -3133 11768 3499 END
START -516 -1168 7932 -3081 13688 4025 END
START -1172 -236 9056 -3696 15733 3705 END
START -2216 128 10444 -5508 17191 2343 END
START -3048 -128 11312 -7141 18385 632 END
START -5176 -2100 11648 -7995 19108 -49 END
START -5048 -1460 13692 -7680 20160 123 END
START -6728 -2236 15340 -5548 19565 1977 END
START -8528 -1596 18700 -4223 18422 3982 END
START -9432 -868 21536 -3722 17677 4706 END
START -14316 1392 25620 -6488 16682 2114 END
START -13392 1268 26088 -4049 14503 1802 END
START -13640 604 27236 -3788 10435 1603 END
START -12432 160 31128 -5358 7176 -176 END
START -12892 -1552 31552 -4976 4444 -434 END
START -12028 -4288 32460 -3158 1912 1080 END
START -12320 -4700 32108 -1188 -755 1682 END
START -11652 -4604 32020 788 -4167 1764 END
START -10528 -4156 30904 1093 -6559 -94 END
START -10744 -4656 29336 2764 -9822 291 END
START -9660 -4500 28020 3091 -12340 -782 END
START -9760 -4968 25464 3339 -14625 -2565 END
START -8312 -5028 22836 4273 -17254 -3292 END
START -6560 -4768 21252 4646 -18561 -4186 END
START -5580 -4824 18856 5416 -19335 -4663 END
START -4196 -4356 17560 5935 -19751 -5408 END
START -3888 -4512 16032 6203 -20409 -6630 END
START -3460 -4232 14856 5507 -19948 -8333 END
START -2860 -4260 12740 5936 -19198 -9496 END
START -1992 -3716 11496 6334 -17787 -10679 END
START -1176 -2876 9608 7665 -15598 -10692 END
START 220 -2628 8248 8800 -12993 -9567 END
START -920 -244 7860 7754 -12521 -10891 END
START -436 352 7744 6064 -9714 -11780 END
START 152 320 6044 5445 -8041 -11407 END
START 308 1036 5372 5058 -6413 -11378 END
START 1068 1096 4904 4512 -4612 -11622 END
START 1588 1040 4472 3279 -2512 -11724 END
START 1984 912 4056 2627 -390 -10695 END
START 2136 1120 3796 2063 2173 -9564 END
START 1720 1788 3340 1384 5079 -9042 END
START 1344 2864 3624 1131 8022 -8985 END
START 824 3916 3780 801 11074 -9205 END
START 676 4144 4088 632 13898 -9082 END
START 784 4344 4288 -282 16777 -8732 END
START 996 4392 4740 -771 19444 -7505 END
START 1228 4364 5768 -1442 21499 -5731 END
START 80 5092 7672 -2217 23705 -3963 END
START -1900 6244 8924 -1786 25531 -2466 END
START -4120 7148 10444 -929 27282 -1431 END
START -7460 8616 12876 -1406 27682 -2458 END
START -9696 9304 15516 -3011 26084 -4397 END
START -10868 8004 20360 -4881 21480 -6746 END
START -13124 7028 23904 -5914 18575 -5884 END
START -13896 5292 27320 -4524 11146 -6167 END
START -12776 804 28752 -9723 12667 -5236 END
START -17828 1800 32767 -2500 9567 -505 END
START -18236 3508 32767 -218 5846 -66 END
START -17532 3196 32767 755 1589 893 END
START -15396 3492 31628 2207 -1901 1853 END
START -13288 4208 30600 2929 -4799 2339 END
START -11040 4936 28180 3746 -5983 3235 END
START -9476 5656 25016 3759 -5462 4078 END
START -8612 6864 22276 3993 -4457 5480 END
START -9728 7084 21216 5181 -4373 6739 END
START -7288 5708 18700 3101 -5793 6623 END
START -6848 5712 18588 701 -6134 5515 END