START -4432 -1984 14320 -3754 -6129 4446 END
START -4048 -112 15480 3820 -8055 6296 END
START -3316 1760 18252 1850 -7166 2289 END
START -2732 1952 18668 -1970 -3943 -3903 END
START -1856 -520 17368 -4470 -1964 -7504 END
START -1716 -3564 16008 -3852 -588 -7431 END
START -1912 -4836 14756 -435 169 -2253 END
START -2180 -2644 15036 4177 681 5279 END
START -3512 352 15440 4354 1277 7346 END
START -5232 2320 16420 2678 3619 5463 END
START -4992 2932 14340 1417 -1215 2026 END
START -2540 2204 15552 -778 -2256 -1447 END
START -1212 772 15800 -1555 -1403 -3134 END
START 44 -596 15844 -1666 508 -3354 END
START 144 -1876 14860 -875 2157 -2036 END
START -576 -2496 13656 -258 3700 481 END
START -1596 -1792 12152 750 4433 3413 END
START -2904 -96 11004 1107 4936 5447 END
START -3748 1532 9696 -391 5854 5492 END
START -3444 2160 8024 -1593 6335 4304 END
START -2612 2660 7280 -2627 6445 2490 END
START -1396 2948 6856 -3992 7575 667 END
START -108 2836 6852 -4533 9785 111 END
START 704 2356 7436 -4679 12691 459 END
START 828 2164 9260 -4712 15608 1249 END
START 216 2044 10112 -4723 18397 2565 END
START -4604 1728 12168 -5345 21737 2982 END
START -5432 -4 12056 -7849 21906 2480 END
START -4480 -1264 14468 -8071 20474 3337 END
START -7676 -1692 17544 -6848 17893 3758 END
START -9496 -1260 21708 -6069 15215 2351 END
START -11068 -912 25828 -5851 12165 532 END
START -13704 -968 30564 -6877 8235 -1838 END
START -12360 -1960 32728 -5540 6390 -2574 END
START -13220 -4848 32767 -4467 5085 -2188 END
START -14316 -6924 32767 35 5110 3050 END
START -17608 -4432 32767 -365 1961 2078 END
START -15888 -4872 31864 3890 -2015 4564 END
START -14344 -2924 30188 3905 -5703 3348 END
START -13992 -1844 28140 1861 -10663 -3 END
START -10948 -3032 27032 316 -12706 -1979 END
START -8556 -4828 25932 -224 -13703 -3151 END
START -8936 -6956 23436 1880 -14844 -3401 END
START -6272 -7916 21724 2869 -15063 -3319 END
START -5420 -7472 19536 5813 -15322 -2398 END
START -5264 -6316 17096 6557 -15200 -2302 END
START -4416 -4496 15160 6900 -14541 -2884 END
START -4036 -3740 12960 6681 -14397 -3952 END
START -3344 -2784 11932 5926 -14319 -5883 END
START -2316 -3452 11356 4993 -13512 -7372 END
START -2184 -3160 10060 4027 -12421 -8890 END
START -1748 -3356 8572 4361 -10481 -9465 END
START -1280 -3664 7520 5090 -8468 -9333 END
START -1244 -3432 7384 5703 -6956 -9231 END
START -932 -3304 7132 5781 -5923 -9207 END
START -848 -3180 6420 5102 -4508 -9529 END
START -856 -3076 5844 4932 -3520 -9675 END
START -704 -2436 6132 5686 -2554 -9407 END
START -368 -1488 6428 5643 -722 -9429 END
START -100 -964 6196 5252 1583 -9493 END
START -720 -356 5732 4922 3913 -9914 END
START -1056 260 4832 4956 5998 -10027 END
START -948 1172 4344 5496 7974 -9349 END
START -816 1820 4448 5237 10051 -8624 END
START -808 2316 4732 4455 12165 -7907 END
START -736 3284 5048 4211 14185 -7084 END
START -576 4452 6220 4394 16009 -6592 END
START -252 6356 8224 3917 17152 -6176 END
START -1020 7520 9980 2456 19164 -6095 END
START -2792 8036 11592 846 20961 -5518 END
START -5688 8376 13584 440 22623 -5473 END
START -8896 7880 16084 52 23519 -6325 END
START -13856 7728 18796 404 20948 -6622 END
START -14248 5852 23696 971 18353 -5059 END
START -16900 6396 25408 904 13568 -1751 END
START -15716 6580 30324 4544 8713 1583 END
START -18548 10004 32767 938 7640 820 END
START -17612 9152 32308 -117 3874 1127 END
START -15264 8452 32767 55 858 800 END
START -14608 7172 31192 -1313 -608 160 END
START -12960 6952 28648 -205 -1743 1947 END
START -11740 6432 28280 352 -3220 4795 END
START -11084 6232 25864 -26 -5625 6975 END