START -240 -408 11960 4417 -6866 4120 END
START -788 -16 12564 3282 -5105 4129 END
START -1008 1012 10884 1945 -5016 2967 END
START -432 860 9376 358 -4697 2118 END
START 108 904 8800 -320 -4018 1692 END
START 116 768 8096 -865 -3363 1200 END
START -88 620 7772 -1665 -2025 -56 END
START -92 172 7416 -2207 -809 -598 END
START -208 -256 7176 -1704 896 -31 END
START -324 -404 7068 -1275 2995 1015 END
START -2472 -576 8336 -708 9278 3021 END
START -1464 396 6716 -2359 7792 2680 END
START -2136 96 6332 -2070 8611 3194 END
START -2220 272 5924 -2058 9581 3547 END
START -1920 732 6732 -2824 11011 3020 END
START -1900 676 6664 -3272 12539 2564 END
START -2224 1084 6228 -3367 14032 1961 END
START -1812 1172 7268 -3586 16049 1802 END
START -1964 928 7624 -3300 17518 3040 END
START -2028 932 9596 -3757 20019 4116 END
START -2964 720 10332 -4083 20001 5076 END
START -3812 564 12328 -5845 20445 5043 END
START -5912 284 13452 -5358 19856 5260 END
START -7380 260 16412 -5554 18654 3843 END
START -8356 100 18968 -5049 17180 2085 END
START -9464 -548 22664 -7565 16388 -707 END
START -9544 -1220 25528 -5807 12823 -1664 END
START -10016 -2200 28140 -6113 11400 -2391 END
START -10464 -2584 30044 -5516 9403 -1597 END
START -13180 -2468 32040 -5001 8846 -45 END
START -11580 -2636 31384 -3107 7204 2756 END
START -12352 -2652 31200 -1293 4584 2874 END
START -13040 -2088 31444 -720 1395 1591 END
START -12768 -2020 31468 -699 -1329 -94 END
START -12292 -2912 30796 -312 -4151 -964 END
START -11856 -3228 28700 231 -6580 -1469 END
START -10996 -3104 27260 1415 -8989 -1511 END
START -10440 -3048 25612 1703 -10673 -2158 END
START -9648 -3000 23612 2475 -12319 -1741 END
START -8804 -2784 21552 3370 -13587 -1429 END
START -8164 -2272 19672 3528 -14681 -1673 END
START -7320 -2068 17128 3387 -15729 -2504 END
START -6136 -1936 15404 3507 -16814 -3302 END
START -4740 -1812 13744 3251 -17476 -4319 END
START -3804 -2256 13636 2783 -17621 -5548 END
START -2484 -2500 12620 2264 -16971 -6293 END
START -1500 -2824 11328 2665 -16058 -6369 END
START -624 -3116 10100 3433 -14228 -6702 END
START -56 -3196 10016 4462 -12609 -7317 END
START 468 -3232 9508 5176 -11391 -8206 END
START 1020 -3168 9532 5209 -10215 -9379 END
START 1332 -3108 8700 4443 -8165 -10785 END
START 1464 -3128 7832 4323 -6292 -11264 END
START 1456 -3208 7440 4383 -4648 -11288 END
START 1528 -2760 6976 4756 -2806 -11049 END
START 1704 -1788 6664 5408 -672 -11008 END
START 1884 -684 6788 5504 1613 -10863 END
START 1812 520 6732 5164 3914 -10922 END
START 1600 1536 7092 4437 6550 -11594 END
START 1020 2512 6968 4078 9678 -12184 END
START 744 3432 6636 3941 13204 -11692 END
START 480 4796 6168 4046 16542 -9786 END
START -108 6612 6924 4505 19365 -7194 END
START -564 8508 8388 3981 21640 -5511 END
START -1832 9152 9728 1117 24214 -6003 END
START -3568 8772 10116 -1797 26012 -7281 END
START -6256 7520 11056 -4532 25347 -9022 END
START -7420 5340 13824 -6732 26859 -6225 END
START -10544 5252 15396 -7655 25983 -2042 END
START -13636 5552 19728 -8583 23685 21 END
START -16532 5844 21652 -4118 18729 3080 END
START -18368 6096 25944 -3685 14858 2760 END
START -15660 4340 29092 -3434 9364 -1303 END
START -18560 2712 29072 -7080 5379 -3701 END
START -15532 1308 28880 -5628 3784 -2772 END
START -11368 -328 28840 -2808 1588 -1568 END
START -8460 -480 26424 2147 -1324 2375 END