START 1372 -924 9816 -6783 12540 1618 END
START 160 788 12576 -1294 16122 674 END
START 132 816 13036 -5560 19256 -874 END
START 644 392 12972 -4032 23558 -403 END
START -2360 -944 11684 -7424 27942 -989 END
START -3476 -1900 10200 -6797 29959 -59 END
START -5704 400 13832 -7000 32767 -1114 END
START -5660 -1540 10412 -10469 32767 -740 END
START -7340 -932 13224 -5205 32767 3976 END
START -10392 404 15136 -8464 31889 1470 END
START -8144 -2328 15640 -10964 31652 150 END
START -11648 -1796 16372 -10194 29449 -816 END
START -14444 -3560 15644 -10300 26920 -485 END
START -15684 -3572 18052 -5845 21960 1900 END
START -16960 -3516 18300 -4014 16574 2059 END
START -15596 -4612 19340 -1682 11269 1906 END
START -19192 -3744 21388 21 5916 1007 END
START -18036 -3240 21744 -306 3217 -443 END
START -18712 -3796 21480 -2459 1284 -2310 END
START -18072 -5260 21308 -1779 -2056 -2162 END
START -18168 -6728 19596 832 -6561 -598 END
START -17512 -5776 19532 4381 -11077 1693 END
START -16572 -4976 18388 6399 -15261 1681 END
START -14848 -4416 16660 8309 -19810 1430 END
START -12436 -4004 15340 10343 -24033 1044 END
START -11132 -3184 15268 10449 -27470 195 END
START -10312 -2020 15320 11166 -29785 249 END
START -7928 -3004 14868 8533 -31506 -945 END
START -7428 -3276 13912 8721 -31573 -1159 END
START -6080 -3152 12948 10420 -32055 -171 END
START -4540 -1048 12452 13596 -31391 1247 END
START -3828 1800 15232 11621 -27594 -1140 END
START -1792 1672 14176 6252 -23090 -5203 END
START 52 1020 13860 4101 -21194 -9069 END
START 988 404 13872 394 -19063 -12093 END
START 2132 -972 11676 1056 -16336 -12927 END
START 2780 -772 11084 3466 -12805 -11925 END
START 3460 -1020 10000 4447 -8187 -9768 END
START 2672 -480 9972 4251 -5692 -10756 END
START 1536 236 9320 4789 -3192 -11609 END
START 436 -68 9280 5217 -2170 -12708 END
START 180 468 10912 5950 -1419 -14339 END
START 36 1020 11584 6671 193 -15697 END
START 800 1824 12076 7699 1983 -16522 END
START 2144 2632 12932 7502 4560 -17360 END
START 2816 3004 12672 6318 8372 -17453 END
START 2800 3880 11472 7971 12085 -16502 END
START 1624 5312 10944 6468 14790 -16491 END
START 868 6620 10908 7605 21811 -17113 END
START -1976 7168 11192 3562 26996 -19669 END
START -3204 7592 10804 -1264 30800 -23901 END
START -3544 5056 10424 -8890 32767 -28126 END
START -4208 4736 12908 -16151 32767 -31210 END
START -5220 2172 13132 -16464 32767 -31183 END
START -7208 -968 11700 -17239 32767 -28720 END
START -10228 -3576 10640 -15450 32767 -21038 END
START -16788 -1916 11288 -11938 32767 -9594 END
START -21732 -516 12636 -6779 29599 162 END
START -22828 -124 13224 -5133 20916 4978 END
START -27144 984 14384 -6375 13697 7995 END
START -27476 4488 15200 -956 3930 10375 END
START -26796 2928 16520 -2743 -3022 9046 END
START -23788 3744 18840 -5657 -8380 6308 END