START 3544 -56 9632 -2038 12378 1373 END
START 92 800 11672 -1580 15259 491 END
START 1660 28 10860 -3547 17557 651 END
START 676 776 10876 -3117 19630 1 END
START 188 160 10648 -3910 20850 433 END
START -1712 -212 9056 -2067 22352 2071 END
START -1932 900 11252 -3901 27579 592 END
START -2128 -336 9472 -4983 29646 1244 END
START -5504 952 13024 -5661 31093 -2597 END
START -4616 -112 12048 -7617 32767 -1321 END
START -7572 1084 12708 -8629 32767 485 END
START -9508 592 13708 -12382 32767 1044 END
START -9792 1468 14820 -14088 32767 1082 END
START -10608 228 14400 -15735 32767 2112 END
START -12632 -672 15652 -14233 32767 1965 END
START -15440 -2384 16484 -13894 32767 -1204 END
START -18692 -4716 17256 -12937 32274 -4185 END
START -22320 -6972 17688 -12540 23426 -5649 END
START -23484 -10712 17092 -9449 12020 -5144 END
START -24256 -8648 19072 -7969 2267 -4175 END
START -22960 -11556 20188 -4665 -3186 -3121 END
START -22088 -11900 20088 657 -8193 -2300 END
START -22060 -11440 19076 4887 -12315 -1779 END
START -20156 -10376 17608 8833 -18253 -533 END
START -17972 -8560 15800 11507 -23866 204 END
START -15456 -6856 14360 14019 -28330 241 END
START -16396 -6332 14084 16538 -32758 -48 END
START -10612 -6420 11632 16182 -32768 -771 END
START -7680 -5616 11988 17150 -32768 -660 END
START -6288 -4180 11652 18623 -32768 195 END
START -4256 -3780 12072 17754 -30715 1534 END
START -6348 -620 11104 16213 -28888 460 END
START -6428 -64 10132 14268 -28801 -696 END
START -4688 -96 9448 11621 -28173 -4303 END
START -2552 248 10672 7458 -24738 -9026 END
START -1272 1164 10112 7257 -21648 -10978 END
START -36 1380 11484 7351 -19471 -11721 END
START 576 1328 12284 4761 -16838 -11669 END
START 3404 -144 11408 4553 -14538 -11685 END
START 3292 -832 11400 2959 -9599 -13746 END
START 3560 -916 10728 4856 -5079 -14176 END
START 3320 -284 10636 7169 -933 -13683 END
START 3364 792 11052 8622 3415 -12600 END
START 3060 2096 10832 9199 7700 -12492 END
START 2148 3064 10752 9389 10872 -12626 END
START 1680 4080 10368 9916 13593 -12145 END
START 336 5400 11160 10341 16152 -12889 END
START -200 6556 11552 10579 19103 -14175 END
START -1288 7312 10948 8012 19892 -18346 END
START -1396 6848 11728 5522 26273 -19627 END
START -4544 6668 10476 1580 30660 -20181 END
START -2696 9228 15128 2498 32767 -22193 END
START -5424 7088 14576 -13300 32767 -28831 END
START -6828 3572 17304 -16725 32767 -30670 END
START -13144 44 14836 -16843 32767 -23321 END
START -18196 -2272 12184 -15153 32767 -9412 END
START -25296 852 10208 -5129 32767 9630 END
START -27564 5504 12700 -1807 19309 17367 END
START -28340 8208 14664 -515 8423 15478 END
START -27576 8780 16088 -2894 67 10548 END
START -25908 7652 16408 -5910 -4776 5184 END
START -21568 5788 15984 -5560 -9468 2034 END
START -17004 4248 16900 -7581 -12544 304 END
START -16716 1956 18624 -5611 -16435 2941 END