START 100 3908 14400 -376 -3597 370 END
START 260 3888 14132 -1529 -1665 -522 END
START -564 3492 14364 -211 -960 -1135 END
START -1284 3292 15332 -989 918 -2462 END
START -2264 3000 15424 -1097 1812 -2330 END
START -2040 3080 15736 41 1696 -608 END
START -2536 4472 16880 390 1580 676 END
START -3708 5472 17140 809 1200 1581 END
START -4304 6772 17384 975 196 1839 END
START -4216 7484 18632 501 -929 1370 END
START -3176 8000 19880 -291 -1720 154 END
START -1792 7784 21116 -606 -2869 178 END
START -732 8404 22332 -448 -3808 988 END
START -720 9188 22524 238 -4360 2099 END
START -2020 9844 21616 1046 -4361 3516 END
START -3252 10408 19832 2089 -4099 5596 END
START -3812 11384 18384 2164 -3867 7435 END
START -4112 11596 16196 1050 -4144 8313 END
START -3552 10808 15112 -744 -4579 8695 END
START -2888 9356 13884 -3567 -4197 8596 END
START -2328 7728 12780 -5858 -3792 8012 END
START -1544 5256 12060 -7415 -2907 7862 END
START -960 3528 11636 -7498 -1747 8866 END
START -748 2228 11324 -6617 -573 10695 END
START -1120 1496 10760 -5395 1761 12161 END
START -1920 1704 10532 -4390 3955 12617 END
START -3204 1608 10328 -4178 5463 12041 END
START -4544 988 9752 -4828 6361 10898 END
START -5160 316 9284 -5828 6760 9305 END
START -5160 -792 9236 -6471 6990 7851 END
START -4588 -2124 9464 -6454 7535 7170 END
START -4400 -2936 9396 -5972 8411 6657 END
START -3684 -3680 9768 -5395 9625 6327 END
START -3412 -3788 10028 -3910 11026 5997 END
START -3644 -3664 10560 -2431 12429 5295 END
START -4404 -3332 10864 -1302 13520 4298 END
START -5208 -3448 11612 -796 14532 2910 END
START -6168 -3568 11964 -805 15085 1785 END
START -7212 -4132 12156 -851 14802 855 END
START -7308 -4032 12860 -227 13905 441 END
START -7084 -3300 14476 614 12716 -479 END
START -6832 -3032 16056 1183 11789 -2566 END
START -6372 -3420 18020 959 11363 -5169 END
START -6648 -3980 20308 872 11226 -7513 END
START -6836 -4788 21052 1038 10946 -9615 END
START -7944 -5096 21408 1871 10253 -10996 END
START -7112 -4788 22500 4237 8661 -10474 END
START -6672 -3296 24260 5083 6990 -10302 END
START -5496 -2196 26272 6144 5482 -10526 END
START -6408 532 27292 6414 3238 -11630 END
START -7340 1736 27696 5381 2342 -13334 END
START -8588 2860 26816 5138 942 -14046 END
START -9152 3716 25548 5176 -812 -14350 END
START -8312 4472 24528 5813 -3477 -13461 END
START -7328 6332 25076 6565 -6025 -11445 END
START -6516 8480 25560 6473 -7782 -9618 END
START -5920 10068 25428 4895 -9033 -9511 END
START -5808 10884 24064 4986 -10152 -8806 END
START -5188 10800 21984 4340 -10889 -7647 END
START -4012 11092 20624 4304 -11772 -5729 END
START -2508 11564 20472 4039 -12656 -3720 END
START -1472 12436 20816 3076 -13371 -1768 END
START -1192 12784 20260 1939 -13917 -71 END
START -1940 12820 19292 916 -13584 1012 END
START -2336 11924 17268 440 -12715 2040 END
START -2784 11040 15168 -137 -11993 3570 END
START -3168 10760 13408 -300 -11826 5644 END
START -3232 10092 11336 -830 -11584 7157 END
START -2952 9316 9864 -1670 -10600 7825 END
START -2268 8212 8768 -2253 -8901 8420 END
START -1976 7132 7932 -2487 -6639 9284 END
START -2040 6644 7216 -2803 -3990 10659 END
START -2024 5848 5936 -3424 -1338 11506 END
START -1772 4432 5744 -3430 665 12184 END
START -1120 2516 6580 -3665 2934 12082 END
START -1148 952 7892 -3851 5648 11316 END
START -2160 -1624 9324 -4251 7610 9830 END
START -3364 -4064 10932 -4806 8341 7981 END
START -4416 -5668 12480 -2718 7192 6179 END
START -5428 -6768 14492 -472 6439 5318 END
START -6160 -7140 17068 425 5830 4113 END
START -6316 -7720 18224 1851 4897 3611 END
START -6252 -7348 19960 2338 4390 3622 END
START -7008 -6016 20104 2420 4899 3976 END
START -6812 -3220 21084 3659 5043 3390 END
START -8488 -1720 21424 2520 3779 537 END
START -7664 -1132 19816 1655 3901 -2018 END