START 2844 784 14356 1988 1175 -4435 END
START 2608 1564 15464 749 2606 -4613 END
START 1520 1672 15072 911 3682 -4416 END
START 760 2124 16164 1546 5157 -3821 END
START -632 3476 16628 2542 5922 -3662 END
START -1000 4476 16688 3922 6471 -3909 END
START -196 5504 17840 4830 5851 -4086 END
START 1072 5872 18292 3897 5487 -3803 END
START 340 7560 20044 3782 4398 -1390 END
START 232 10148 21344 2746 3212 -663 END
START 408 12280 22928 1773 2076 485 END
START -184 12948 23520 -325 1497 904 END
START -672 12804 23672 -2335 803 557 END
START -2068 11464 22900 -3043 -351 1023 END
START -3100 9772 21480 -3471 -1104 2180 END
START -3700 8480 20456 -2848 -2526 4113 END
START -3828 7892 19564 -2518 -3433 5360 END
START -3608 7544 18896 -2537 -4291 6226 END
START -3520 6936 17508 -3178 -4435 6273 END
START -3316 6040 15996 -3113 -4129 6600 END
START -2892 5032 14968 -2882 -2653 7027 END
START -2676 3956 13032 -2850 -701 8084 END
START -2808 3316 11808 -3277 220 9450 END
START -2728 2520 9996 -3942 741 10565 END
START -2448 1704 8960 -5411 873 11071 END
START -2072 980 8544 -7334 1291 10516 END
START -1368 28 8316 -8895 1890 9774 END
START -1136 -960 8044 -10066 2801 8868 END
START -420 -2576 7968 -10625 4194 8058 END
START -60 -4268 7912 -10373 6037 7387 END
START 32 -5292 8008 -9192 8201 7354 END
START -368 -5972 7796 -7667 11002 7259 END
START -608 -6668 7320 -5374 14058 7621 END
START -1388 -6676 8064 -3838 15888 7825 END
START -2684 -6464 8140 -3559 16944 7225 END
START -3996 -6884 9980 -4363 15977 5750 END
START -4632 -7560 11380 -6055 14956 3248 END
START -5372 -8896 13512 -7990 14088 -881 END
START -4664 -11016 14184 -7624 12283 -3170 END
START -3648 -11668 17388 -5364 11672 -4398 END
START -3736 -12100 20692 -3646 12870 -6293 END
START -4840 -12388 22172 -1670 13790 -7681 END
START -6148 -12368 23576 415 13478 -9555 END
START -2876 -14044 24664 1219 11836 -11018 END
START -7312 -10448 27208 3805 9612 -9909 END
START -8008 -6940 27404 6593 7841 -10428 END
START -8760 -4276 29260 7640 4649 -11275 END
START -8324 -1828 29064 8124 2314 -12942 END
START -9080 244 29400 8593 1183 -13838 END
START -9264 2232 29056 9006 -97 -12802 END
START -8624 5176 28420 10669 -2504 -10253 END
START -7236 8648 29868 10370 -5139 -8838 END
START -6452 11068 30596 9651 -8016 -8013 END
START -6528 12032 31096 7610 -10370 -7772 END
START -7620 12152 29124 5828 -11926 -6669 END
START -7836 11972 25952 6159 -14028 -3760 END
START -7308 11984 23444 5674 -15981 -1462 END
START -4876 12148 20648 5375 -17497 785 END
START -3880 12148 18348 5466 -18070 2492 END
START -2168 12928 17000 5017 -17070 3570 END
START -2328 12460 13748 3810 -14845 4937 END
START -2708 12368 11596 3961 -14034 7616 END
START -2352 11316 9492 2730 -12733 9150 END
START -1748 9300 7320 188 -10852 9315 END
START -2420 6676 5104 -944 -9215 10644 END
START 512 4308 3360 -3355 -7910 10965 END
START 3516 936 2200 -5277 -5900 10992 END
START 2304 -1600 3008 -5744 -3240 9483 END
START 3804 -4728 3240 -5729 1703 7792 END
START 892 -7972 3168 -5226 5292 6529 END
START 1068 -9600 3176 -4238 9309 6409 END
START -1876 -10060 2984 -4000 12034 5658 END
START -2376 -9872 7352 -2869 12424 3111 END
START -4764 -10644 9944 -2197 10137 1112 END