START 1180 7168 20900 -3290 -2521 -5495 END
START 396 6212 21736 -1773 -1721 -4602 END
START -892 6028 22820 -2781 -1892 -5160 END
START 296 6188 22508 700 -1634 -2740 END
START -440 7264 22684 931 -431 -1200 END
START -1544 8524 22428 746 -772 -112 END
START -3004 8996 22156 1094 -863 1165 END
START -2616 9428 21652 -41 -4104 1255 END
START -2592 9512 21760 -1804 -6135 860 END
START -1952 8248 21052 -3372 -7590 -266 END
START -56 6068 20044 -3815 -8853 -929 END
START 676 4796 19000 -2430 -8790 573 END
START 1060 5284 18700 -334 -8083 2895 END
START 2000 6224 17904 780 -6360 4645 END
START 1876 7468 16840 1316 -4240 5524 END
START 140 8976 15276 -173 -3133 5623 END
START -712 8808 13016 -1823 -3588 5427 END
START -1336 7892 11340 -3788 -4492 5219 END
START -1284 6472 10612 -5361 -4447 6201 END
START -1268 5608 9516 -6023 -3426 7176 END
START -632 5664 9300 -6415 -1948 7472 END
START 2012 4044 8816 -7422 -448 7786 END
START 96 4288 9532 -7144 3043 8561 END
START -1684 4340 7588 -5868 2712 9958 END
START -1792 2944 7208 -6465 4447 10489 END
START -2272 2712 7544 -6921 5557 10117 END
START -2552 1464 7804 -8430 6146 9655 END
START -2436 108 7416 -9219 6307 9656 END
START -2200 -1608 7144 -9443 6913 9585 END
START -3092 -1772 6768 -9624 7061 8334 END
START -460 -4608 8924 -9414 8652 7006 END
START -576 -6516 10864 -6961 10612 9341 END
START -1716 -7344 9732 -6375 12954 8410 END
START -2152 -8024 10300 -6226 14320 7216 END
START -3320 -8852 10420 -4892 16051 6620 END
START -4552 -9148 11540 -3723 16061 5217 END
START -5564 -9728 13296 -3377 15965 2306 END
START -6060 -10916 15156 -4197 15663 -1546 END
START -6324 -12572 16068 -4166 15007 -4253 END
START -6004 -14404 17168 -2048 13638 -4335 END
START -4876 -15160 18972 -238 13078 -4018 END
START -5844 -13032 21496 2730 11957 -4610 END
START -6192 -11824 23232 5085 10775 -7030 END
START -5672 -10708 24480 6748 8555 -10016 END
START -5368 -9420 26152 8723 7658 -13226 END
START -4744 -7388 28176 10234 6495 -15507 END
START -3704 -6032 28936 11451 5112 -15795 END
START -3596 -3772 29816 12220 3310 -14112 END
START -4400 108 30572 13897 2941 -11928 END
START -4752 4756 30856 13610 219 -11133 END
START -5388 8228 31556 11868 -3669 -11968 END
START -5224 10344 31928 9397 -7523 -14025 END
START -5912 11300 29956 8029 -9370 -14140 END
START -6484 11520 26580 8474 -10998 -11664 END
START -7596 12156 23236 7606 -13283 -8199 END
START -6992 12160 20916 6060 -13028 -4680 END
START -6760 11684 16840 5356 -14285 -678 END
START -4896 12620 14660 3659 -14170 1431 END
START -3420 12612 13032 2204 -13809 2313 END
START -2108 11572 12104 1641 -12506 2805 END
START -2236 10284 10924 1389 -9625 3445 END
START -1852 8816 8900 1598 -7409 4701 END
START -1552 7720 7448 1190 -5554 6473 END
START -1324 6556 6392 208 -4106 8663 END
START -940 5708 5684 -1365 -3098 9968 END
START -980 4348 6024 -3675 -2209 10007 END
START -348 2404 6256 -6321 -1296 9418 END
START -328 240 7004 -8086 -521 8579 END
START -524 -1404 7880 -8572 221 6770 END
START -68 -4088 9336 -8015 1437 4848 END
START 1064 -6176 11236 -6454 2173 4556 END
START 748 -7852 13904 -4764 3167 4366 END
START 524 -9252 16080 -3498 4345 3180 END
START -764 -10288 17220 -2661 5253 2225 END
START -2724 -10456 17500 -459 5796 2615 END
START -3684 -8884 17804 1821 5075 2983 END
START -2956 -5796 18700 3984 4143 3305 END
START -3092 -2720 20112 4535 3787 2153 END
START -2488 -1100 19772 3859 3953 385 END
START -3456 -1532 20432 3784 4098 348 END
START -3644 520 20492 3150 5075 1182 END
START -4752 804 18672 2025 7633 1505 END
START -3496 1412 18688 -292 8456 2040 END
START -8600 1848 18012 617 5457 -375 END
START -6444 1472 17988 1315 2767 -2374 END