START -680 3596 19376 4781 -1150 -8718 END
START -632 2888 17772 3702 -10 -7211 END
START -1608 2764 17996 3515 488 -5822 END
START -2716 2964 17740 4580 1115 -3847 END
START -4932 3896 17332 5281 1197 -2812 END
START -4108 5248 17576 5116 198 -3698 END
START -4248 6056 18028 4797 -182 -5444 END
START -3236 5016 17536 4305 -924 -6923 END
START -1876 3020 17016 2890 -367 -7640 END
START -1792 1124 15752 1678 772 -5079 END
START -1252 1132 15984 3234 1568 1321 END
START -3420 4688 16020 3857 -83 4133 END
START -3716 6308 16580 2098 -1127 2173 END
START -3684 5724 16580 -393 -2349 -1125 END
START -2616 4156 17116 -1327 -3542 -3086 END
START -1228 2232 16980 -610 -3004 -3302 END
START -580 2120 17964 795 -1975 -1323 END
START -880 3132 17252 2072 -1220 2110 END
START -1048 5420 17804 2558 -1247 4291 END
START -1252 7052 17764 1405 -1318 4866 END
START -2800 7776 16884 -6 -1476 4530 END
START -3368 7552 15796 -436 -1774 4780 END
START -3660 6904 15292 -2013 -1803 5980 END
START -3612 5760 13916 -4315 -2408 9536 END
START -3928 5236 13036 -6649 -3309 14791 END
START -4020 5604 12492 -8355 -4522 20587 END
START -2860 5992 11464 -10842 -6404 23848 END
START -2760 6932 13696 -11489 -4793 22944 END
START -2068 6744 13428 -13256 -2064 19894 END
START -188 3908 12788 -12870 583 17054 END
START 1284 1064 13104 -12397 4042 15071 END
START 1596 -148 12576 -11190 7402 14342 END
START 2156 -1520 13596 -10228 11712 15474 END
START 2704 -3192 14784 -10604 16525 17614 END
START 936 -4408 14640 -12216 25099 22104 END
START 1404 -2344 16176 -14716 27058 20918 END
START -2184 -4132 13748 -17680 30222 20185 END
START -4408 -3728 11860 -18082 32226 17282 END
START -7020 -5916 11480 -15326 32767 12443 END
START -7776 -7448 12808 -13670 32767 4894 END
START -11196 -9620 12520 -9732 32767 -657 END
START -13880 -9744 13012 -5587 27745 -5740 END
START -16268 -9344 14216 -4115 23037 -10895 END
START -16404 -9912 16888 -3055 15116 -16319 END
START -17524 -7596 17140 -2080 5899 -22793 END
START -16116 -6876 16552 3628 -1171 -23728 END
START -13376 -5028 19788 3333 -8456 -30910 END
START -9356 -4756 20692 3575 -9357 -32768 END
START -5024 -5432 22896 3366 -983 -32768 END
START -5720 -7372 20692 3824 3669 -32768 END
START -4924 -9608 21256 10239 9475 -32768 END
START -7456 -10404 19120 14977 8307 -32657 END
START -11104 -9208 15392 19835 -852 -17306 END
START -12528 -7884 13104 24536 -12364 -758 END
START -9728 -5564 11316 32286 -17487 20135 END
START -10924 2616 10464 32767 -31898 28661 END
START -7460 7820 12480 32767 -32768 32767 END
START -5900 9880 9368 24268 -32768 30583 END
START -1384 15452 27464 2937 -20010 7906 END
START -1420 7652 13140 -8158 -13811 39 END
START -1620 5928 13172 -9824 -13596 3325 END
START 152 3784 16192 -7794 -11369 3784 END
START 816 1572 13636 -7674 -7494 7134 END
START 936 792 14684 -6230 -3943 9281 END
START 948 172 13704 -6273 -1727 10298 END
START 448 -192 13984 -5622 -269 10811 END
START 1128 -948 14656 -6974 5726 13329 END
START -3156 -1292 13356 -7428 4604 9675 END
START -3496 -2788 12612 -3879 4515 7302 END
START -3424 -3308 13704 -745 3003 2744 END
START -2308 -4012 15620 731 1980 -1170 END
START -952 -4224 17248 977 2106 -2545 END
START -160 -4548 17984 -70 2348 -2595 END
START -164 -4888 18552 -1182 3047 -2603 END
START -996 -4192 17564 -193 2043 -408 END
START -856 -4876 17748 1453 3581 2501 END
START -2532 -2844 17688 2287 3985 3290 END
START -4396 -772 17300 3159 3337 2068 END
START -4704 84 18068 2794 2022 -168 END
START -4180 356 18588 1403 1692 -1813 END
START -3964 300 18708 252 1514 -2413 END
START -3556 -436 18336 -133 1125 -2047 END
START -3268 -1000 18432 -316 832 -1036 END
START -3300 -980 18280 -282 742 147 END
START -3648 -940 17904 84 542 799 END
START -3584 -1088 17448 581 71 1391 END
START -3932 -160 17232 1131 -614 1844 END
START -3176 -344 18628 1916 305 2728 END
START -3104 356 18028 1499 1330 3059 END
START -4344 -844 17820 1902 3394 4354 END
START -3352 264 17480 1030 2437 1070 END
START -2920 -1220 16660 722 2243 -554 END
START -3052 -2328 15832 836 1842 -518 END