START 2036 5820 16364 140 -1968 -2019 END
START 1656 5404 16172 1520 -3291 925 END
START 1500 6392 15960 936 -3487 2808 END
START 928 7248 16884 -122 -3701 3472 END
START 740 7904 17656 -1772 -3530 3274 END
START 816 7248 17608 -2902 -3627 2309 END
START 1936 5784 17532 -2622 -3419 1657 END
START 2272 4916 17124 -1698 -2471 2785 END
START 2460 4672 16700 -564 -1777 4754 END
START 1948 5304 16632 -217 -1340 6151 END
START 1144 6280 16932 -616 -1833 6861 END
START 232 6172 17360 -1335 -2430 6651 END
START -592 5748 16912 -1925 -2782 5986 END
START -432 4660 16112 -1941 -3074 5748 END
START 308 3356 15044 -1710 -2760 5913 END
START 1088 2280 14248 -1699 -1773 6439 END
START 1336 1440 13264 -1921 -627 7476 END
START 1228 1196 11992 -2032 366 8269 END
START 992 1160 10828 -2070 654 8748 END
START 1200 1044 10632 -2855 1048 8924 END
START 1556 864 9700 -3850 1998 8720 END
START 1792 720 8744 -4761 3899 8227 END
START 1740 136 7244 -5186 6236 8002 END
START 1240 328 6724 -4982 8882 7800 END
START 1088 128 6280 -5092 10865 7874 END
START -512 -60 5824 -5381 12092 8436 END
START -1124 -1652 6748 -6268 12824 8768 END
START -1932 -3336 7184 -7467 14329 8589 END
START -2964 -4372 7524 -8093 15184 8029 END
START -3012 -5244 8696 -8163 15266 6640 END
START -2808 -6732 10388 -8530 15477 4202 END
START -2800 -8580 12316 -8169 16009 2675 END
START -3528 -10132 14388 -7488 17006 1055 END
START -4732 -11912 15580 -6458 17505 -416 END
START -5924 -13036 16720 -4290 17221 -843 END
START -5976 -13440 18204 -1329 15412 -1236 END
START -4860 -12476 21524 455 13994 -3165 END
START -4928 -11500 24224 1222 13788 -5554 END
START -5504 -11260 25292 3173 12490 -7353 END
START -9012 -10884 26572 5019 10997 -9018 END
START -6000 -9204 26748 6470 10029 -10969 END
START -4772 -7560 27984 8552 7266 -10796 END
START -3296 -3696 31124 10912 4172 -10076 END
START -4424 756 32767 10842 1698 -10311 END
START -5588 3212 32767 8327 -1063 -11329 END
START -7968 5308 32767 6708 -3873 -12338 END
START -9228 7152 32524 6465 -7817 -12356 END
START -7540 8716 30628 7046 -11504 -11752 END
START -4072 10832 29116 8863 -13818 -9725 END
START -2512 13064 26824 11960 -14440 -5281 END
START -2860 16676 24324 11905 -12301 -810 END
START -3956 18756 20336 9535 -11195 4135 END
START -3968 19028 16224 5820 -12186 6809 END
START -2928 17692 13768 2198 -13463 6296 END
START -2660 14888 11232 -2150 -12749 4657 END
START -1636 10688 7932 -5080 -11377 4271 END
START -1048 6712 5948 -5652 -10204 4523 END
START 124 3356 4764 -5808 -8372 4793 END
START 1892 1724 4792 -4983 -6099 5756 END
START 1288 -1292 4460 -5196 -3055 6533 END
START 304 -3280 4364 -5020 -170 6887 END
START -256 -4868 4816 -5161 1885 6249 END
START -1608 -6936 5108 -5485 3570 4702 END
START -2284 -9040 5440 -5036 4173 3686 END
START -2176 -10088 7564 -3101 3679 3468 END
START -2872 -9280 9672 -2486 4319 1804 END
START -896 -9072 10772 -577 6132 1195 END
START -1668 -8036 14748 961 8748 -224 END
START -4180 -7424 17464 1525 9034 -1404 END