START 3636 4988 18292 1370 -323 -2938 END
START 7160 5748 17764 1141 2734 -1519 END
START 2064 5904 19584 937 1558 -1410 END
START 712 6260 18280 970 1751 389 END
START -1116 6528 17776 390 -614 973 END
START -1316 6992 17880 -1142 -2160 1048 END
START -668 6948 18464 -1901 -4045 1253 END
START 472 6752 19208 -2588 -4523 891 END
START 1608 6404 19472 -2214 -4115 729 END
START 1644 6476 19776 -992 -2788 909 END
START 1868 6340 19688 -154 -1585 1714 END
START 1076 5996 18636 175 -483 3347 END
START -608 6436 17900 -5 -669 4889 END
START -1440 6756 16828 -450 -1532 5823 END
START -1608 6880 16524 -1399 -2806 6373 END
START -1324 6928 15760 -2379 -3525 6529 END
START -828 6500 15256 -2922 -3619 6669 END
START -636 5920 14708 -2884 -3007 7034 END
START -184 5212 13676 -2648 -1749 7722 END
START -476 4776 12732 -2649 -408 8663 END
START -240 4272 11312 -2792 746 9653 END
START -344 3636 10208 -3355 1695 10314 END
START -476 3192 9168 -4489 2440 10679 END
START -752 2320 8644 -5627 3657 11235 END
START -740 1608 8072 -6813 4241 11099 END
START -836 432 8380 -8178 5099 10319 END
START -688 -988 8380 -9216 6467 9577 END
START -1092 -2584 8540 -9320 7800 9000 END
START -1112 -3932 9176 -8945 8931 8254 END
START -952 -5564 9860 -8009 10382 8174 END
START -1000 -6320 10220 -6797 11656 8159 END
START -1372 -6764 11304 -6262 13350 7324 END
START -2348 -7040 12388 -6179 14784 5923 END
START -2984 -8236 12944 -6077 15624 4073 END
START -3900 -9648 14256 -6408 15809 1446 END
START -4736 -10780 15220 -5108 14816 223 END
START -7960 -10704 18440 -2781 16501 393 END
START -5440 -10940 19236 -1754 13670 -1574 END
START -5504 -10680 20672 -962 13548 -3850 END
START -5480 -11060 21692 831 12332 -5308 END
START -6140 -10876 23512 1611 11329 -7786 END
START -6524 -10860 23956 3201 10376 -10056 END
START -5624 -10072 24832 5294 7915 -10838 END
START -4156 -7972 25920 6680 7009 -10853 END
START -4584 -5208 27040 8542 4991 -10367 END
START -4860 -2572 28112 8984 3420 -11823 END
START -5212 228 29516 8519 659 -12981 END
START -5696 2936 30576 8284 -1969 -13151 END
START -6108 5332 30984 8660 -3772 -12494 END
START -7376 7324 31036 9595 -6190 -11287 END
START -9152 9008 29576 8923 -8593 -10590 END
START -9456 9444 26752 8667 -11374 -9536 END
START -8152 10128 23752 9826 -14651 -7037 END
START -5776 12008 21524 10672 -16759 -3508 END
START -3488 13908 19516 10254 -17281 -817 END
START -3740 14332 17180 9335 -16906 743 END
START -1936 14128 15080 7786 -15194 2147 END
START -2196 13544 12172 7441 -13605 5041 END
START -1504 12700 10368 5809 -11450 7151 END
START -1268 11400 7904 3543 -9823 8944 END
START -608 9704 6584 1462 -9013 10201 END
START 288 7920 5740 -1739 -7943 10379 END
START 720 5800 5288 -4263 -7229 9581 END
START 1172 3328 4828 -6629 -5326 8427 END
START 1976 964 5140 -7619 -3531 8132 END
START 2672 -1200 5484 -7782 -1672 8371 END
START 2024 -2948 6964 -8002 561 7670 END
START 2588 -4912 7756 -7332 3104 7015 END
START 2456 -7252 9004 -5993 4942 5574 END
START 2532 -8392 10732 -4550 6248 3799 END
START 2056 -8872 12804 -3199 7264 2192 END
START 1368 -8928 14912 -1667 8071 719 END
START -136 -8960 16736 -637 8770 -641 END
START -1860 -8124 17752 354 9169 -1702 END
START -3400 -7152 18856 2311 7940 -1368 END
START -4136 -4056 21028 3603 6907 -1553 END
START -4300 -1708 22152 4856 5763 -2538 END
START -3864 1172 22472 5019 3951 -4404 END
START -4740 476 24112 7709 3763 -2556 END
START -4040 1492 22084 7286 4877 -1167 END
START -3940 3556 20460 8716 5532 373 END
START -4020 6696 21200 8221 5720 730 END
START -4216 6996 19924 5051 5364 -849 END
START -4324 6176 18892 873 5844 -3259 END