START 412 7632 15760 -3960 -5145 -7161 END
START -2768 7160 17956 -392 -5292 -3780 END
START -1008 8836 18260 -435 -5114 -3710 END
START -1436 8324 18160 -680 -3424 -4467 END
START -716 7928 18208 -591 -3837 -5244 END
START -1140 6972 18152 -512 -3607 -5123 END
START -2152 6308 18256 -413 -3799 -4735 END
START -500 4352 18280 -159 -1946 -3174 END
START -2304 3820 17204 -902 -557 -850 END
START -2992 4136 15920 1335 -1335 4955 END
START -3284 7376 16796 1346 -2413 8567 END
START -3416 9624 16856 223 -3566 8779 END
START -3744 10760 17184 -1571 -4528 6901 END
START -4460 9792 16796 -3672 -4366 5515 END
START -4896 7712 15436 -4932 -4394 6042 END
START -5536 5752 14140 -5089 -4536 8512 END
START -6100 4780 12772 -5390 -4699 11933 END
START -5800 4040 12060 -6184 -4732 14931 END
START -3820 4084 11532 -7483 -3458 17539 END
START -4168 3680 11664 -9817 -4868 16617 END
START -3652 2536 11012 -10965 -4987 15557 END
START -2468 744 11180 -12123 -4493 13627 END
START -1268 -736 10904 -12170 -2697 12284 END
START -380 -2728 10356 -11039 -302 12477 END
START 188 -4236 9748 -9609 2190 13146 END
START 416 -5364 9104 -7706 4385 13749 END
START 692 -5868 8892 -6014 6724 14017 END
START 96 -5932 8808 -5525 8909 13360 END
START -372 -6784 8264 -5395 10877 12142 END
START -672 -7292 8632 -5542 12623 10788 END
START -976 -8096 9716 -5818 13798 9090 END
START -1356 -9332 10076 -6807 15650 7043 END
START -2284 -10644 10148 -6839 17257 4668 END
START -2416 -12404 9928 -4876 18332 2770 END
START -2352 -13324 11604 -2449 18978 1355 END
START -2912 -13876 12980 89 19229 748 END
START -3424 -13280 14572 1639 19724 311 END
START -2536 -12744 16844 2873 22055 -421 END
START -5372 -10996 19696 4775 19803 -2917 END
START -6340 -11084 20360 5078 18710 -5958 END
START -7084 -9208 22992 6248 15584 -8789 END
START -8036 -7720 25464 7862 13836 -10285 END
START -9156 -6792 27768 6555 9913 -13704 END
START -10788 -5648 28456 4836 7472 -16470 END
START -10288 -5220 28984 4352 598 -20813 END
START -6796 -5116 31100 5834 -1969 -19194 END
START -7628 -240 32767 8136 -3401 -16864 END
START -7704 2064 32767 13063 -3254 -13530 END
START -10800 5344 31888 14447 -1042 -11036 END
START -12796 7276 28000 14417 -3927 -11085 END
START -12656 8136 25452 14150 -9233 -9060 END
START -10756 9568 23304 12144 -14392 -6252 END
START -8380 10984 21648 11348 -18593 -1992 END
START -5960 12156 20056 10633 -19663 616 END
START -5424 13252 17416 9075 -17038 2175 END
START -4348 11908 13400 7162 -17029 1429 END
START -3784 11164 11156 7882 -16515 4024 END
START -1620 10576 10416 5973 -12617 8433 END
START -1604 10104 7736 4000 -11634 10049 END
START -1072 9292 6196 1482 -11330 11358 END
START -256 8376 6096 -1973 -8309 12215 END
START 76 6660 4372 -5546 -7640 11081 END
START 1308 4948 5108 -8890 -6304 9761 END
START 2360 2136 4628 -11131 -4900 9207 END
START 4176 -752 6520 -11154 -1917 10739 END
START 5252 -3000 8092 -11850 753 9786 END
START 6336 -4748 10816 -11213 6554 8596 END
START 6364 -6068 14540 -9474 13230 5175 END
START 4164 -7976 14940 -4663 21470 3244 END
START -2080 -9956 11192 -3547 28926 771 END
START -8076 -13148 10112 225 29111 -1176 END
START -10728 -15780 14956 5264 23471 1757 END