START 4976 -1036 13424 -4684 3108 -5495 END
START 3152 -3024 13064 -1723 3959 -3288 END
START 1076 -2356 13160 -1432 5456 -1274 END
START 252 -936 13456 -337 4009 2188 END
START -1920 1392 14864 -661 3683 2932 END
START -1636 2528 15400 -1401 2310 1162 END
START -1044 2524 16068 -2676 1314 -1196 END
START 332 1336 16768 -2752 1289 -2972 END
START 1148 88 17328 -2100 2693 -3681 END
START 1008 -600 17020 -1706 4703 -3856 END
START 896 -1420 15696 236 5845 -1796 END
START 272 -176 15840 2185 5382 720 END
START -252 1288 16196 2362 4938 1250 END
START -200 2312 16696 1449 4633 90 END
START -200 2484 16356 180 4124 -1204 END
START 436 2084 16904 -689 4131 -3542 END
START 424 1120 17564 -1111 4391 -4616 END
START 1256 456 18192 156 4960 -4086 END
START 1448 384 18320 1549 5851 -3581 END
START 904 552 18432 2634 6577 -2878 END
START 1116 1276 18148 2331 5435 -2577 END
START -928 2868 19396 3148 4553 45 END
START -1968 4796 20288 1859 2899 567 END
START -1712 7028 22704 1333 351 451 END
START -1108 8536 25132 967 -1458 -675 END
START -1268 9272 26500 1374 -2223 -1819 END
START -1356 9808 26092 2606 -1942 -1829 END
START -2452 10080 24784 3787 -1707 -6 END
START -3908 11000 22812 4114 -1999 2424 END
START -4856 11020 20744 3127 -3306 4640 END
START -5132 10600 19628 739 -5256 6760 END
START -4872 10848 18204 -119 -7445 9113 END
START -4496 10524 17472 -1736 -7913 9743 END
START -3776 9648 15712 -1848 -7642 9649 END
START -3148 8172 14108 -1715 -6436 10079 END
START -2432 6936 12140 -1533 -4983 11878 END
START -2312 6340 10496 -2383 -3720 13794 END
START -1604 5172 9076 -4149 -2750 14613 END
START -636 3472 8636 -6379 -2138 14981 END
START -344 2088 7340 -8609 -901 14664 END
START -12 608 7036 -10641 -99 14159 END
START 144 -1208 6664 -12279 1419 13426 END
START -324 -3292 6328 -12226 3065 12269 END
START -400 -5080 6256 -11393 4822 10506 END
START -56 -6816 6628 -10128 6967 9339 END
START -160 -7576 7328 -8857 8854 8776 END
START -272 -8792 7644 -8732 11519 7611 END
START -456 -10288 7872 -8418 13817 6277 END
START -1268 -12040 8244 -7202 15766 5482 END
START -2192 -12912 9048 -6440 16879 4450 END
START -4232 -13568 9612 -5409 17970 3360 END
START -5628 -14124 10116 -4038 17753 1434 END
START -6728 -14672 12896 -2081 16863 -1426 END
START -7372 -15616 16996 -1196 15982 -5192 END
START -7892 -17320 18544 441 15853 -8244 END
START -7604 -18580 19544 4171 15273 -9023 END
START -7516 -16364 21288 8153 13594 -9349 END
START -7680 -12412 23044 11052 12581 -9980 END
START -6628 -7404 25532 12078 10665 -10996 END
START -5472 -3212 27964 11110 8954 -12783 END
START -5356 -596 31304 9561 6818 -14953 END
START -5648 700 32724 9359 4135 -16177 END
START -8364 3688 32767 10423 2206 -15034 END
START -10868 6760 32280 11387 230 -14176 END
START -11876 10644 31340 11004 -3511 -13362 END
START -11220 13316 30188 8997 -8178 -11898 END
START -9272 14624 29172 7250 -12146 -9362 END
START -7204 14960 28172 5400 -14747 -7880 END
START -5440 13920 25912 3537 -15989 -7343 END
START -3952 12684 23040 2792 -16331 -6739 END
START -2124 11520 20156 3777 -16582 -4489 END
START 472 12204 19048 4146 -16213 -1959 END
START 492 11504 17224 3321 -15544 560 END
START 548 11272 16812 2241 -15352 3006 END
START -1780 11948 15928 137 -14995 5028 END
START -3492 11300 14016 -2263 -15107 5302 END
START -3624 9096 12292 -3920 -15409 3637 END
START -2652 6604 10500 -4130 -15129 3339 END
START -748 4268 9100 -3309 -12953 4197 END
START 644 3016 7544 -2749 -9961 6059 END
START 1108 2776 5540 -2224 -7786 8664 END
START 1276 2876 4224 -2703 -5502 9669 END
START 2448 2388 4360 -3776 -3225 9011 END
START 5376 96 4408 -4323 -501 8257 END
START 4576 -768 7156 -4007 3337 7616 END
START 1972 -3520 9628 -3409 6906 6940 END
START -864 -5500 8712 -3161 9695 6306 END
START -3860 -7444 8872 -1232 10810 5623 END
START -4960 -8728 11100 3113 6853 6520 END
START -3616 -8624 16948 4371 3983 8943 END
START -3196 -5716 18636 2658 1092 8012 END
START -912 -3268 21320 1660 6641 2074 END
START -1812 -5604 20996 -1501 10049 -2862 END