START 3076 6460 19248 -339 -4896 961 END
START 2700 6916 20164 1547 -5253 2904 END
START 3676 7856 19000 782 -4291 2688 END
START 3504 7704 17856 524 -4302 2750 END
START 3736 7164 16804 166 -3745 3623 END
START 2720 7264 15792 -735 -3480 4799 END
START 2484 6880 14752 -869 -2880 5946 END
START 2260 6420 13568 -1939 -2327 6591 END
START 2596 5644 12632 -2898 -1705 6844 END
START 2828 4904 11892 -3548 -602 7112 END
START 2352 4304 10824 -4196 1046 7303 END
START 1932 3572 10100 -4355 2549 7544 END
START 1700 2704 9488 -4437 3772 7946 END
START 1532 1884 9236 -4534 4990 8189 END
START 1352 796 9360 -4796 6118 8895 END
START 804 -48 9536 -4957 7272 9602 END
START 376 -216 9604 -5036 8021 9859 END
START 216 -400 9584 -5480 9105 9360 END
START 204 -780 9636 -5417 10404 9148 END
START -176 -976 10256 -5682 11616 8718 END
START -548 -1416 10236 -6415 12958 8296 END
START -880 -2132 10636 -6854 13843 7928 END
START -1416 -3492 11172 -7209 14980 7102 END
START -2136 -4736 11908 -6583 16119 5899 END
START -3068 -6240 12180 -5255 17139 4682 END
START -3688 -7520 13424 -4041 17230 3879 END
START -4844 -8180 15212 -3575 17062 3459 END
START -6332 -8892 16832 -3768 15830 1670 END
START -5808 -9556 18492 -4583 16050 -1527 END
START -7944 -12548 20200 -4809 12304 -6437 END
START -7116 -14808 20608 -2025 10067 -9734 END
START -5364 -15864 21968 1712 8222 -11510 END
START -4044 -14512 24024 6067 6674 -11989 END
START -3168 -12168 26384 8740 5782 -12511 END
START -2944 -9868 27504 10038 5328 -13934 END
START -2284 -7608 27744 10265 5096 -16245 END
START -4792 -4268 28596 11016 4194 -17980 END
START -4456 -1516 28612 13796 1582 -16755 END
START -3808 2360 29756 14659 -2321 -15622 END
START -5288 7340 31732 14550 -5209 -14123 END
START -7732 12364 31788 12819 -6498 -12819 END
START -8172 15200 28764 10107 -8478 -11540 END
START -6972 17664 27628 8092 -12178 -9623 END
START -4820 18436 26140 5884 -14990 -8975 END
START -3008 18444 24264 4469 -16304 -7489 END
START -1728 18088 22096 3860 -15818 -4725 END
START -1396 17292 19312 3298 -14162 -1542 END
START -1224 16112 16220 3027 -11926 2061 END
START 3784 14208 12532 2262 -10298 4841 END
START 2196 13320 11504 3158 -5681 6530 END
START 2564 12168 7816 1188 2045 7373 END
START 1016 10280 5384 -1046 6462 8139 END
START -1656 5860 2724 -5794 10346 6967 END