START 3992 928 15592 110 -1192 -1093 END
START 3952 532 15896 758 393 -348 END
START 3588 252 15364 418 1483 -238 END
START 3252 324 14936 802 1710 505 END
START 2552 540 14884 1164 1458 1175 END
START 2132 1280 15456 1494 1086 1456 END
START 1164 1308 15060 1583 796 1585 END
START 2184 2164 15704 241 752 368 END
START 2728 2316 16516 -370 533 -242 END
START 3452 1872 16696 -538 767 -334 END
START 4092 1520 17328 -567 1363 -332 END
START 4208 1528 17248 -469 1815 -116 END
START 4268 1256 17216 -62 1657 260 END
START 3892 1088 17280 10 1535 391 END
START 3644 1080 17160 495 1327 805 END
START 3404 1676 17460 926 826 1295 END
START 3252 2460 17628 811 217 1467 END
START 3572 3320 18292 827 -428 1127 END
START 4012 3808 18700 533 -500 345 END
START 4344 3688 18980 363 -375 70 END
START 4432 3616 18740 696 -65 387 END
START 4128 3632 18388 1053 398 737 END
START 3892 3928 17808 1195 640 1082 END
START 4180 4292 17608 1284 314 1533 END
START 4400 5036 17496 1264 -180 1979 END
START 5032 5548 17392 1302 -471 2293 END
START 4964 5992 17036 1213 -521 2618 END
START 4624 6036 16368 1402 -444 3383 END
START 4236 6328 15628 1510 -68 4454 END
START 3852 6820 14908 954 399 5203 END
START 3348 7008 13828 308 815 5809 END
START 3112 7044 12968 -533 1547 6313 END
START 2876 6920 11868 -1411 2816 6960 END
START 2604 6640 10748 -2175 4147 7813 END
START 2272 5896 10620 -2902 5334 8938 END
START 1904 4876 10280 -4405 6923 9676 END
START 1300 3556 9908 -5410 7890 9845 END
START 1384 1712 9852 -5852 8795 10205 END
START 696 780 10152 -6342 9762 10184 END
START 196 -236 10140 -6865 10788 9920 END
START -240 -1452 10588 -7639 12073 9324 END
START -1056 -2744 10976 -8565 12976 8363 END
START -1792 -4792 11100 -9277 13653 7399 END
START -2556 -6720 11556 -9505 13900 6164 END
START -3112 -8448 12064 -9059 13843 4720 END
START -3516 -9716 12480 -7812 14311 3280 END
START -3868 -10772 13204 -5846 14936 1823 END
START -4260 -11196 14724 -3635 15613 777 END
START -4824 -11416 16596 -2796 16002 -752 END
START -6148 -11952 18324 -1571 16113 -2162 END
START -5668 -12012 20388 -622 15036 -4584 END
START -5320 -13116 20768 561 12603 -6033 END
START -5140 -12552 22332 2793 11150 -7436 END
START -4720 -11316 24132 4985 9319 -8984 END
START -4224 -9688 26748 6511 6949 -10729 END
START -3988 -7572 29972 8005 4210 -12624 END
START -1936 -5552 32156 9181 365 -14687 END
START -3020 -3720 32767 9554 -1023 -16685 END
START -4476 -728 32767 10998 -1777 -16537 END
START -5696 4040 32767 13333 -2766 -15501 END
START -5776 7960 32252 15143 -5335 -12003 END
START -5800 13200 30324 15757 -8773 -8754 END
START -4220 17252 27960 13628 -10699 -6864 END
START -3612 19492 24012 10112 -10615 -5254 END
START -2760 20672 20356 7046 -12300 -2404 END
START -1220 19808 17328 3180 -12688 -365 END
START 128 18004 14592 122 -12038 808 END
START 344 16296 12328 -2226 -9820 2201 END
START 76 13720 10312 -3539 -8243 4309 END
START 580 11256 8952 -4742 -5769 5861 END
START 744 8680 7892 -7087 -3159 6817 END
START 932 5652 6408 -10091 -54 6908 END
START -212 2028 6132 -10628 1686 6874 END
START -1816 -980 6804 -11825 1559 4885 END
START -3048 -5056 5216 -9997 405 4798 END