START -3184 2112 20284 1416 -3716 -5578 END
START -2952 2220 19720 1831 -3340 -6289 END
START -2852 2308 19480 2923 -3611 -6591 END
START -2476 2540 19472 4325 -3097 -5923 END
START -2880 4272 19196 6113 -2822 -4177 END
START -3628 6708 18856 7071 -3045 -2853 END
START -3292 8336 18844 6314 -3433 -2572 END
START -2608 9352 18860 4475 -3669 -2747 END
START -1948 10048 19092 2987 -4087 -2895 END
START -1304 10724 19160 950 -4031 -3376 END
START -1216 10516 18604 24 -4307 -2961 END
START -3256 11192 18576 -12 -3868 -1336 END
START -3092 11780 18132 -192 -4910 143 END
START -2884 11628 17024 -197 -5920 1344 END
START -3416 11996 17136 -1652 -5818 1787 END
START -3252 11484 16780 -2823 -6761 2819 END
START -2488 10932 16660 -3217 -8124 4569 END
START -1628 11036 16740 -3100 -8297 6433 END
START -1872 11280 16768 -3205 -7577 7676 END
START -2376 10704 15684 -3260 -6353 8580 END
START -2624 9672 14192 -2743 -5976 10202 END
START -3428 9212 13648 -3243 -5586 11873 END
START -3312 7976 12072 -4395 -5730 13089 END
START -2972 7360 11684 -5705 -5399 13789 END
START -2308 6392 11220 -7079 -4408 13966 END
START -1616 4884 10508 -7973 -2867 13934 END
START -1288 3436 9632 -8397 -787 13835 END
START -1604 2228 8720 -8075 2015 13585 END
START -1552 620 7644 -6948 4743 13513 END
START -2040 -404 7348 -6012 7189 14263 END
START -3016 -896 7484 -6101 9433 14599 END
START -3804 -1580 8520 -7537 11539 13716 END
START -4380 -2588 8264 -9237 13847 12198 END
START -5144 -3608 9400 -11936 16049 10048 END
START -5812 -4884 9292 -13634 17804 6980 END
START -6816 -7244 9184 -12096 19390 3636 END
START -7068 -9280 10156 -8601 19673 -541 END
START -6328 -11760 11984 -5717 20285 -3003 END
START -6100 -13180 14500 -2811 19798 -2723 END
START -8988 -12756 17164 -1593 19438 -2507 END
START -7048 -10928 20336 -2243 16959 -4500 END
START -5804 -10324 24620 -2268 13913 -7386 END
START -8420 -8696 28200 -4984 12347 -13354 END
START -5136 -8192 29260 4305 5859 -14429 END
START -5084 -6896 30740 6410 3058 -17601 END
START -5880 -3736 31088 9904 208 -16356 END
START -7868 2384 30576 12907 -1624 -12561 END
START -10152 7796 28724 15072 -5235 -8771 END
START -10252 11572 25592 12890 -7260 -7791 END
START -9292 13392 21252 10988 -10599 -6302 END
START -7628 14832 19920 9393 -12772 -5109 END
START -5480 14016 18092 6455 -12682 -4566 END
START -3880 12584 16292 4196 -11256 -2976 END
START -3680 11472 14528 3480 -10444 -888 END
START -1108 9836 12656 3967 -8766 1798 END
START 116 8612 12156 3346 -5923 3169 END
START 524 7412 11416 2352 -1911 3959 END
START 164 6076 10372 805 1521 4910 END
START -980 4828 9228 -607 3753 5775 END
START -2100 3268 7752 -1017 4155 6278 END
START -3236 1072 8528 -328 3915 6514 END
START -3776 808 9588 -863 3029 4806 END
START -3596 -500 10516 -1488 4079 2496 END
START -3260 -1576 12100 254 4136 1584 END
START -3000 -2100 14084 1482 4328 1134 END
START -3484 -2652 15612 1493 5498 -83 END