START -5028 1812 15604 -83 3586 -3498 END
START -6448 1444 14856 -1220 1473 -3216 END
START -6152 -688 14908 -1902 124 -1875 END
START -4888 864 16520 -538 -1774 -970 END
START -3516 1528 18040 1088 -985 -802 END
START -2708 1684 19156 1963 977 -1110 END
START -3188 1596 18452 1867 3149 -1300 END
START -3384 1988 18588 3426 3911 -802 END
START -3656 1448 18032 2811 4474 -1127 END
START -4972 964 16624 2115 3409 -647 END
START -4920 1004 16568 2149 2300 522 END
START -5524 1196 16548 2027 1701 1696 END
START -5908 1172 15824 2851 708 1986 END
START -5804 1476 17168 5518 -1244 1951 END
START -4916 2788 18568 5287 -1306 783 END
START -2836 3804 19444 4160 1853 501 END
START -3884 3140 18940 2176 31 -2170 END
START -3844 2760 18596 629 91 -3454 END
START -4388 1592 17648 493 -762 -2453 END
START -4840 2040 17808 375 -1715 -596 END
START -4992 2316 18948 -305 -2413 269 END
START -5212 1948 19348 -612 -3141 -287 END
START -5732 2448 21388 350 -5049 -1262 END
START -5380 2780 22716 207 -5528 -2024 END
START -5384 2540 22948 -449 -6850 -2847 END
START -4404 2304 22672 -374 -8095 -3693 END
START -3552 2028 22784 464 -8056 -4101 END
START -3368 2816 20988 2746 -8113 -3225 END
START -3752 3244 20372 3227 -7911 -2535 END
START -4108 3560 19180 3001 -8802 -770 END
START -4056 5356 18588 3476 -10378 1568 END
START -3632 7804 19124 3440 -11206 2606 END
START -2720 9240 18700 1827 -11010 1681 END
START -2056 9456 17388 124 -10780 352 END
START -1352 9156 16532 -762 -10105 199 END
START -1176 9276 15356 -1878 -8761 1764 END
START -1396 9188 14116 -3264 -8156 3154 END
START -880 8876 13480 -4305 -8201 4251 END
START -1300 9076 13340 -4918 -8094 5635 END
START -1360 8944 13172 -5750 -7612 6638 END
START -1276 8428 12484 -6803 -6373 7416 END
START -1388 7464 11564 -6995 -5303 8773 END
START -1232 6620 11260 -6715 -4283 10438 END
START -1104 5420 10840 -6748 -2870 12377 END
START -1072 4536 10528 -6411 -1339 13990 END
START -1096 3796 10456 -6752 695 15349 END
START -1400 3164 9944 -8534 2938 15820 END
START -1916 2340 9712 -10470 4253 15309 END
START -1716 520 9740 -12376 5796 14573 END
START -1340 -1396 10344 -14915 8023 13456 END
START -1376 -3088 10564 -17474 10648 12288 END
START -2272 -5640 10144 -19811 13385 11278 END
START -1688 -8892 10236 -20659 15718 10610 END
START -5364 -10820 9052 -20857 22144 9976 END
START -6612 -13148 7324 -15297 24115 8082 END
START -7284 -15756 7908 -9585 25732 4004 END
START -8952 -15580 8732 -5433 25614 -1096 END
START -10320 -17036 8456 -1027 21498 -3670 END
START -11672 -15768 13264 656 16746 -6710 END
START -12356 -16912 14896 1002 13182 -10185 END
START -11052 -16596 18500 4210 7803 -13124 END
START -6368 -16384 20532 8663 8001 -12519 END
START -8840 -12812 23292 13476 4000 -14523 END
START -7900 -9172 24840 15940 -1240 -18084 END
START -5204 -6416 26904 14228 -3297 -22061 END
START -2344 -5280 28868 12703 -1959 -23742 END
START -3380 -2320 28088 15182 -2551 -22751 END
START -3696 -260 25528 18516 -3058 -17052 END
START -4736 4264 24908 22239 -8347 -8937 END
START -4892 8576 25044 23033 -13007 -3506 END
START -4364 10972 25024 20245 -12160 12 END
START -4576 13304 24408 17758 -11121 678 END
START -4240 13752 20504 11278 -11420 -1240 END
START -4992 11992 17512 5836 -10811 -952 END
START -3432 10188 14600 3307 -11091 2318 END
START -2492 9260 13072 418 -10953 4863 END
START -2532 7308 12040 -2955 -8838 6036 END
START -1392 6628 9992 -2970 -7431 8503 END
START -1348 5868 10432 -5237 -5458 8500 END
START -1428 4468 9324 -7041 -3600 8938 END
START -604 3312 9888 -8772 -1665 9483 END
START 720 896 10128 -9548 1560 10330 END
START 1052 -1228 11628 -10556 5409 11346 END
START 112 -4060 11356 -10226 10289 11718 END
START -320 -5112 10248 -7644 15604 10658 END
START -5420 -9076 10500 -3467 18688 9993 END
START -6236 -9676 11664 1242 16198 10432 END
START -9360 -9420 12924 3318 10938 10785 END