START -1380 -1564 17560 -936 -2528 -3269 END
START -1284 -1116 17680 1091 -2533 -1660 END
START 464 -968 19664 2778 -641 749 END
START -516 -612 18736 2697 688 511 END
START -1288 -628 16548 2672 1019 177 END
START -1540 100 17232 2714 217 553 END
START -1396 208 17496 1698 -198 491 END
START -1280 572 18080 844 -837 712 END
START -1688 912 17948 -528 -989 -96 END
START -1060 508 17276 -721 -1272 -868 END
START -844 396 16940 -414 -2065 -1366 END
START 20 -276 17628 -282 -1638 -2626 END
START 688 -1024 17340 289 -819 -3370 END
START 1184 -1232 17520 1586 -278 -3263 END
START 560 -1180 18476 1924 1903 -4395 END
START 1960 -1080 17444 2189 2886 -4588 END
START 1056 -872 17280 2585 3967 -4234 END
START -360 24 16600 2873 4457 -4572 END
START -628 -124 15568 3678 3487 -3877 END
START -1172 424 15964 2632 3539 -4331 END
START -1684 764 16196 2618 2453 -4400 END
START -1744 1528 16892 2806 1003 -4907 END
START -904 1832 17892 2430 823 -6149 END
START 60 2008 19096 2351 841 -6562 END
START 300 2072 19400 2524 1502 -6627 END
START -32 2432 19564 3091 2466 -6259 END
START -704 2480 19504 3793 2690 -5331 END
START -1732 2672 19568 4248 2258 -4358 END
START -2216 3288 20080 4686 611 -2985 END
START -2428 4604 20596 4465 -1406 -2030 END
START -2492 5928 21316 4596 -3505 -1373 END
START -3148 7516 21520 4630 -5377 -989 END
START -3368 8036 21596 3971 -5809 -954 END
START -3720 7140 20416 3510 -5978 143 END
START -4196 5500 19608 3346 -6504 2517 END
START -4432 5616 18292 4605 -7868 6324 END
START -4600 6364 17888 5468 -9144 10356 END
START -4020 8200 17948 5604 -10885 11999 END
START -2932 8708 17192 5011 -11046 11438 END
START -1704 9088 16952 3208 -10856 9958 END
START -932 7316 14640 2416 -9589 9774 END
START 360 6348 13324 1813 -8518 11951 END
START 880 6712 12500 1484 -6700 13953 END
START 1448 6396 11720 1294 -3948 15651 END
START 1688 6036 10956 794 -1279 16804 END
START 1236 5704 10548 -271 766 16383 END
START 1684 4800 10652 -1567 2819 15541 END
START 2256 3880 11004 -4152 5260 14627 END
START 2324 2236 10976 -7255 7069 13971 END
START 2660 1328 10732 -9536 9367 13032 END
START 3144 -344 11884 -11222 12001 12473 END
START 3432 -1248 12968 -13771 15855 11853 END
START 3968 -2436 14144 -16543 19600 11447 END
START 3436 -3440 14692 -18657 25237 10865 END
START 2676 -5468 15252 -24535 27506 7191 END
START -476 -9936 11540 -19426 32310 7711 END
START -5280 -11632 11104 -11961 29188 4059 END
START -7548 -13196 12052 -4379 29031 -5060 END
START -6780 -13556 14216 3417 23554 -12164 END
START -6736 -11380 19304 6279 18091 -15700 END
START -7700 -8520 22788 922 18120 -20218 END
START -7312 -8380 21388 188 17739 -25628 END
START -8996 -8720 20188 -390 12935 -31036 END
START -9088 -11008 20792 2243 11248 -32261 END
START -10124 -7880 19560 10119 -45 -31366 END
START -9252 -5308 19616 15306 -7333 -27096 END
START -10004 -1524 19856 18651 -17678 -20884 END
START -8876 2796 21676 17149 -29973 -15711 END
START -5988 3732 21544 17352 -28348 -8192 END
START -2576 5292 24280 15290 -17623 -6687 END
START -3844 3920 16648 14445 -14768 1711 END
START -5796 7300 15472 12502 -14260 10370 END
START -3112 7176 13052 6691 -10755 15788 END
START -2484 8852 10888 5131 -13785 18028 END
START -420 11148 12620 3539 -13816 18138 END
START -2304 12676 15000 -2226 -14017 9776 END
START 36 10056 13860 -4002 -15198 3421 END
START 820 6764 18160 -9127 -11425 -1857 END
START 1432 2684 14992 -9660 -7437 757 END
START 1744 -1080 14936 -6145 -3753 6597 END
START 396 -1228 14052 -1656 -3094 12269 END
START -80 280 15068 773 -1510 13237 END
START -80 904 15620 1675 -30 11562 END
START 488 1072 16128 929 728 7867 END
START 1088 -824 15428 109 -530 6145 END
START 1988 -2744 16056 -1602 1317 2863 END
START 2264 -3392 16628 -1089 1894 1913 END
START 2680 -4936 16416 416 2691 2814 END
START 2372 -4104 17576 1884 3171 4365 END
START 1728 -2696 18416 1919 4395 4986 END
START 1204 -1704 18764 1459 4622 5847 END
START 1068 164 18936 259 4443 4086 END
START 436 640 21952 1588 6087 1573 END
START 908 -72 22640 1616 8222 105 END
START 1868 504 22152 2551 12075 975 END
START -2704 272 17752 4348 21698 4920 END
START -4656 2472 14664 3507 20418 1282 END
START -5476 2920 16052 3295 19539 -537 END