START -404 2116 18612 8433 -8627 -1653 END
START 1352 3000 18976 7070 -7434 -2057 END
START 2268 3516 19792 4887 -5184 -3618 END
START 2444 2640 18840 3758 -3248 -4206 END
START 1920 1608 17884 3388 -1045 -3997 END
START 1752 964 16156 4383 329 -3170 END
START 1148 1296 15092 5082 517 -1983 END
START 264 1904 14716 4613 324 -1151 END
START -188 2344 15208 3679 -677 -806 END
START -116 2852 15492 2310 -1986 -1176 END
START 420 3048 17316 743 -2988 -2127 END
START 1576 2704 17892 -349 -2609 -3111 END
START 1648 2144 17908 -135 -1522 -3501 END
START 1808 2676 17512 736 -196 -3590 END
START 1952 3300 17344 2201 472 -3396 END
START 2100 3608 18148 2700 604 -3222 END
START 2100 3988 19044 2825 133 -1800 END
START 1160 5636 20476 2229 -585 164 END
START 200 7480 21936 1574 -1654 1235 END
START -1176 9616 22832 159 -3488 1255 END
START -1268 9220 23724 -599 -3891 1640 END
START -1072 9580 22924 -355 -4564 2701 END
START -1140 9616 22388 354 -4874 4208 END
START -1384 10056 21372 844 -4840 6015 END
START -1944 10208 20004 376 -4903 7480 END
START -2232 9692 18256 -988 -5109 8697 END
START -2224 8864 16620 -2211 -5748 10544 END
START -2080 8120 14892 -3879 -5959 12138 END
START -1520 6992 13168 -5786 -5915 13115 END
START -720 5576 11836 -7286 -5502 13657 END
START 236 3572 10568 -8426 -4725 13563 END
START 776 1724 9408 -8849 -3527 13585 END
START 1760 -368 9208 -8772 -1461 13338 END
START 1984 -2052 8584 -8697 413 13035 END
START 1924 -3064 7576 -8096 2813 13481 END
START 2712 -4116 8048 -7365 4305 13880 END
START 2832 -4780 8164 -8460 6747 13452 END
START 2560 -5360 8560 -9741 9221 12543 END
START 2184 -6016 8248 -10328 11505 11218 END
START 2216 -7496 7544 -10534 14611 9889 END
START 1236 -8088 7084 -9949 17077 7197 END
START 268 -8260 7312 -9705 18004 2791 END
START 1228 -11628 8004 -7203 21435 2119 END
START 1732 -14204 9248 -3863 24021 3601 END
START -1212 -13604 11884 -2962 25735 584 END
START -2324 -15020 11692 -1944 28091 -2116 END
START -4500 -14464 13344 3191 29425 -3358 END
START -5924 -15000 15456 6127 28529 -5146 END
START -7892 -14712 18364 8173 26226 -8315 END
START -9256 -13552 20792 9626 23418 -10381 END
START -7616 -11348 24844 10120 22247 -14033 END
START -12224 -8916 27108 12268 17149 -17165 END
START -10516 -7528 27276 15787 12892 -19071 END
START -11432 -3740 28416 17255 8890 -23044 END
START -13888 -1808 26904 16538 7101 -26578 END
START -15424 1888 25556 16163 716 -28153 END
START -15728 6672 26480 16500 -7096 -25073 END
START -14932 8928 25468 15063 -15296 -20954 END
START -12640 9476 23616 11455 -21257 -20109 END
START -10936 7372 18540 9266 -27494 -14494 END
START -7528 5684 15284 11299 -32768 -4077 END
START -5060 6060 12520 12446 -32768 7665 END
START -1072 8892 13060 16753 -32768 17214 END
START -2336 12216 13340 7733 -20660 19798 END
START -2664 12292 12304 110 -18540 15183 END
START -312 12092 13344 -1659 -17552 13260 END
START -108 9484 13788 -8499 -15848 7726 END
START 1328 5424 13752 -7241 -10866 7993 END
START 244 3956 11016 -5421 -8090 9335 END
START 2072 720 11796 -4481 -5454 9733 END
START 2020 -784 10572 -2413 -4281 9568 END
START 2040 -2148 10836 -2028 -3649 9583 END
START 1856 -1756 12132 -1484 -2885 8449 END
START 1840 -2096 13268 -1763 -2105 6727 END
START 2312 -2668 14224 -2650 -873 4102 END
START 3244 -3832 15156 -2511 531 2692 END
START 3896 -4832 16016 -2210 1800 2506 END
START 3804 -5556 16488 -1946 3937 2361 END
START 3144 -6060 16564 -882 5499 2080 END
START 2248 -6284 15916 1514 6232 2204 END
START 1016 -5008 16468 4535 6646 3068 END
START 860 -2856 17436 6131 6810 3113 END
START 628 1020 19248 5376 6838 2955 END
START 180 2744 18660 8198 14002 7740 END
START -1192 4168 21188 2925 9357 2120 END