START 2948 3696 14052 1251 -355 -4020 END
START 2236 3488 15700 1873 344 -4183 END
START 2224 4024 15820 1639 1778 -4990 END
START 1844 3092 15664 1041 3608 -6076 END
START 948 2932 15336 2238 3251 -3877 END
START -24 4344 16540 2339 3221 -2519 END
START -580 5640 18096 1473 3323 -2177 END
START -1252 6024 18292 653 2961 -2142 END
START -1656 6344 18896 531 2187 -2220 END
START -1684 6640 19644 338 1845 -2154 END
START -2600 7664 20664 649 2751 -1198 END
START -1808 7728 22004 1065 856 -47 END
START -2028 8244 22156 547 482 965 END
START -1864 8788 22608 584 -901 2063 END
START -2084 9232 23660 429 -2093 3009 END
START -2536 9588 23396 -53 -3102 3659 END
START -2360 9268 22224 -339 -3931 4358 END
START -1820 9264 21024 -322 -4917 5151 END
START -920 9468 20412 -481 -5521 5563 END
START -40 8976 19836 -1023 -5295 6048 END
START 492 8728 18684 -1107 -5048 6412 END
START 848 7728 16948 -960 -4182 7323 END
START 488 7568 15736 -900 -3457 8649 END
START -332 7164 14132 -1578 -2684 9641 END
START -1036 6900 12496 -2368 -2400 10656 END
START -1432 6568 11232 -3672 -1972 11326 END
START -1588 5416 9772 -5391 -1135 11298 END
START -1472 3884 8656 -6884 -220 11127 END
START -1436 2860 7100 -7619 1319 10886 END
START -1108 1012 6940 -8014 3096 11013 END
START -896 -524 6404 -7932 5261 11512 END
START -1080 -1528 6400 -7261 7111 12150 END
START -1408 -2644 6672 -7348 8995 12372 END
START -1676 -3888 6436 -7943 10708 11924 END
START -2200 -5348 6260 -8227 12285 10803 END
START -2832 -6784 7004 -8320 13385 9329 END
START -3492 -8420 7428 -8227 14096 7523 END
START -3788 -9820 8844 -7985 13833 5601 END
START -3620 -11452 10756 -7501 13824 3740 END
START -3792 -12548 12228 -6692 14430 2283 END
START -4376 -13112 12816 -5249 14943 847 END
START -4664 -14052 15432 -3049 14594 -501 END
START -5848 -14108 17140 -2443 14790 -3331 END
START -6184 -14524 18472 -246 14045 -5605 END
START -6864 -13836 20628 2406 11768 -7105 END
START -6088 -12380 23788 4558 11404 -7997 END
START -5152 -11680 25044 5144 10058 -9189 END
START -6000 -9188 26716 7232 8776 -10649 END
START -6084 -6516 27260 9060 6331 -12876 END
START -4844 -4240 29672 11289 4074 -13961 END
START -5520 -420 30316 10239 1988 -15401 END
START -4604 1968 31244 12062 1021 -13118 END
START -7340 8184 31568 11837 -947 -10852 END
START -9272 12844 31092 11187 -2853 -7934 END
START -9684 15460 30284 9022 -6375 -7536 END
START -8872 16380 29292 5844 -10692 -8509 END
START -7264 15512 27332 3894 -13366 -9044 END
START -5472 14572 25220 4242 -15215 -8056 END
START -4760 13816 23364 5029 -15088 -5721 END
START -3812 12712 19444 5980 -13884 -1822 END
START -3516 11996 15988 5946 -13090 2222 END
START -3348 11384 13032 4031 -12219 5325 END
START -3060 10536 10596 1988 -12189 7232 END
START -2540 9136 8756 -1991 -11979 6993 END
START -2060 6952 6776 -3941 -12509 6809 END
START 2040 4544 6168 -5632 -12057 6510 END
START 636 2924 5364 -7090 -10297 5744 END
START 1116 1696 5288 -5944 -9088 6316 END
START 3060 -460 5900 -6093 -5979 6639 END
START 3312 -2168 6296 -5580 -2574 6911 END
START 3156 -3376 6820 -5142 857 6953 END
START 2596 -4276 7400 -4310 4373 6973 END
START 2016 -5720 8036 -3456 7343 6490 END
START 736 -6648 9256 -2107 9283 5853 END
START -980 -7872 10944 -6 10012 6364 END
START -3292 -8352 13068 1153 9865 6605 END
START -5132 -7708 14732 696 9049 5921 END
START -6884 -6452 16164 1148 7915 5708 END
START -4772 -4160 20560 1870 7426 2508 END
START -5904 -4256 22232 130 6242 -1374 END
START -4240 -4864 22168 266 4464 -2939 END