START 3036 4832 17808 -518 2887 -6156 END
START 2348 3244 18904 57 3442 -7118 END
START 1928 2540 19120 464 4211 -7178 END
START 1768 2152 18352 1444 4972 -5586 END
START -252 2720 18760 2403 3707 -2960 END
START -828 4760 19608 3725 2940 149 END
START -2392 5172 17664 3069 1859 2167 END
START -3168 8252 20656 62 -111 -707 END
START -3080 8112 21516 -1445 -1292 -2616 END
START -1792 7516 21988 -1768 -3178 -2696 END
START -636 7600 22596 -1356 -3314 -2632 END
START 420 7892 22412 39 -3110 -1252 END
START -196 8144 21768 875 -2418 419 END
START -1628 8808 21220 1058 -2174 2351 END
START -3340 9164 20448 650 -3202 4261 END
START -4436 9608 19632 -430 -4576 5708 END
START -4636 9768 18500 -1952 -6280 6302 END
START -3512 8940 17604 -2954 -7663 6350 END
START -1708 8096 16808 -3427 -8504 6289 END
START -100 6792 16164 -2967 -7783 6868 END
START -40 5872 15136 -2122 -6105 7950 END
START 36 5296 13484 -943 -4510 9835 END
START -640 5200 12328 -677 -2986 11545 END
START -856 5396 11392 -1322 -2276 12276 END
START -1208 4984 10420 -2660 -1743 12297 END
START -1152 3712 9232 -4479 -1134 12217 END
START -1096 2516 8364 -5735 -906 12192 END
START -780 1396 7320 -6937 14 11529 END
START -52 412 7088 -7762 1369 11174 END
START 568 -592 6820 -8099 3030 11107 END
START 324 -1740 6836 -8944 5110 10291 END
START 736 -3132 6720 -8523 7239 10584 END
START 40 -4124 6960 -8369 9114 10832 END
START 100 -5672 7088 -8710 11491 10616 END
START -1120 -6356 7128 -8472 13719 10233 END
START -1928 -7000 7620 -8150 15147 9620 END
START -2764 -7444 8320 -8010 16201 8098 END
START -2972 -8504 9048 -7014 17456 6551 END
START -2928 -9044 10720 -6935 18174 4495 END
START -3332 -9780 12668 -7017 19027 2487 END
START -4156 -10680 14476 -7504 19484 86 END
START -5540 -12184 16304 -7594 19226 -2276 END
START -6588 -13844 17464 -6081 18151 -3946 END
START -4812 -14460 19452 -2901 18585 -3589 END
START -7240 -13948 22612 -965 14856 -5037 END
START -8112 -12612 23952 779 14347 -7199 END
START -8200 -11776 26324 2724 11789 -9234 END
START -6856 -10932 28744 3825 9277 -13268 END
START -7908 -11044 30400 6016 6101 -14763 END
START -8172 -9724 30620 9658 3860 -14950 END
START -8592 -7104 29172 12713 2581 -14477 END
START -8496 -2960 28548 15685 1331 -12432 END
START -8320 3332 28860 16935 -1350 -10460 END
START -7628 8428 29196 15442 -4042 -10301 END
START -7628 10900 29012 11861 -7067 -11326 END
START -7972 12060 26916 8696 -9941 -11768 END
START -7212 12076 24332 8231 -12778 -10084 END
START -5604 12896 22700 8215 -14713 -7271 END
START -2736 14324 22440 8290 -15510 -4235 END
START -716 15472 21328 7960 -15400 -1438 END
START 220 16404 20684 6817 -14578 538 END
START -436 16496 18832 5468 -13876 2669 END
START -1076 15596 16924 2952 -13417 3935 END
START -1856 13172 13736 1171 -14111 5045 END
START -1592 11096 12140 -386 -13624 5717 END
START -1532 8732 9988 -794 -13239 7196 END
START -728 7036 8728 -1256 -12271 7864 END
START 320 4700 7408 -1845 -10473 8332 END
START 1036 3144 6448 -1618 -8484 9259 END
START 1316 1724 5616 -1683 -5927 10111 END
START 1452 640 5148 -2086 -3024 10564 END
START 1716 -688 4464 -2337 -377 10655 END
START 1924 -1848 4732 -2781 1849 10457 END
START 1856 -2696 5192 -3194 3803 9871 END
START 1752 -3996 6640 -3885 5979 8011 END
START 1364 -5012 8272 -4441 8140 6063 END
START 492 -6712 9960 -4703 9859 4452 END
START -740 -8000 12128 -3865 10789 3384 END
START -2964 -8500 15376 -2750 11171 2251 END
START -4300 -8520 19076 -440 10020 1221 END
START -6252 -7568 22800 1334 9337 -605 END
START -8156 -6528 23752 2377 8806 -1998 END
START -9300 -5916 24156 3881 7124 -3109 END
START -6460 -3172 22248 4144 2302 -4033 END
START -7944 -6732 20556 7216 4288 -879 END
START -6544 -1980 25560 6000 3161 -164 END
START -5000 -1836 23256 6884 1135 54 END