START 1352 -336 14996 2292 89 -4884 END
START 340 2052 19100 5468 1356 -2948 END
START -1376 3992 18064 4841 4569 -3299 END
START -2308 2864 17372 3989 6073 -3679 END
START -1960 3208 15900 4325 7842 -2738 END
START -2712 2844 14988 4179 7865 -1352 END
START -4500 4384 15132 4081 8359 -1855 END
START -5424 5332 15576 4692 7770 -2699 END
START -6216 5572 16416 3977 6574 -4170 END
START -6212 4868 16664 1421 4387 -6307 END
START -6052 3928 18220 987 4775 -5422 END
START -6268 4864 18376 -365 3316 -4407 END
START -4344 4068 19232 -214 5110 -2287 END
START -7252 5108 19360 -1631 4129 -1389 END
START -7328 4416 19920 -2008 3552 -1470 END
START -8200 4448 20208 -227 3639 -1119 END
START -9844 5212 21580 82 1892 -2364 END
START -9456 4124 21072 -1050 -285 -2587 END
START -10812 4864 20096 422 -3329 -3 END
START -10804 4752 18960 -54 -6608 2050 END
START -10108 5608 18816 816 -10290 5315 END
START -8440 6748 19128 -532 -12088 6114 END
START -6876 6372 18788 -1689 -13243 6181 END
START -5324 5372 17956 -2947 -13323 5949 END
START -4280 4252 16432 -1940 -13126 6990 END
START -3624 2444 15464 -1395 -11148 9965 END
START -4164 2776 12496 74 -9499 13606 END
START -2832 3112 12688 1417 -11081 16631 END
START -2752 4872 12924 1236 -10529 18036 END
START -2392 5312 11832 -1265 -9849 17332 END
START -1788 4132 11480 -4189 -8438 15149 END
START -1256 3244 10544 -6190 -9253 13715 END
START -484 2292 10140 -7263 -9224 14219 END
START 604 2100 10664 -8116 -7320 15245 END
START 1344 2200 10280 -8742 -4075 15743 END
START 1548 1680 10304 -9406 497 15320 END
START 1428 1224 9300 -8556 4044 14772 END
START 1460 208 9348 -7683 6971 14358 END
START 1540 -840 10048 -7407 9823 14270 END
START 2384 -2608 12012 -6629 17879 17430 END
START 668 -2164 12428 -9716 16478 13892 END
START 1100 -3552 13188 -12304 18875 12145 END
START 868 -3720 14852 -18219 26859 9669 END
START -1696 -6268 13736 -19678 29775 8430 END
START -5200 -9464 12160 -20091 32767 6475 END
START -6596 -12740 10612 -16941 32767 3943 END
START -9948 -15248 11440 -7725 32767 1405 END
START -11864 -15256 12628 3056 29441 -2907 END
START -13164 -13188 15916 10229 20322 -7153 END
START -10628 -11748 22260 7500 22195 -13331 END
START -11668 -9960 22840 2932 21039 -20745 END
START -12776 -10892 22236 2859 24094 -26515 END
START -15660 -11556 18680 7696 23520 -25849 END
START -17596 -9716 17912 18625 14151 -22743 END
START -18580 -4660 19256 23317 1485 -24877 END
START -16960 -1884 18180 29096 -9265 -25700 END
START -16132 2728 18756 29423 -20145 -25963 END
START -13232 9052 18992 25612 -30810 -25264 END
START -10860 11228 20124 18453 -32768 -21863 END
START -6424 5752 20316 6679 -32768 -21550 END
START -5208 -248 16908 8223 -32768 -11811 END
START -4076 -452 14100 18271 -32130 5809 END
START -2860 3348 14460 25592 -22348 18401 END
START -4448 8964 12364 16384 -14365 24807 END
START -1216 14232 12992 11565 -15155 24462 END
START -940 14976 15728 387 -13640 18200 END
START -1232 10964 13896 -9009 -12401 9635 END
START 784 5932 11660 -10551 -12575 6159 END
START 2212 2456 11796 -8696 -10713 7442 END
START 3260 732 11872 -8149 -7085 11687 END
START 2564 -1332 11596 -7662 -2541 16639 END
START -160 -1220 11280 -6239 2236 16399 END
START -616 -3116 10508 -889 7014 15423 END
START -640 -1472 13896 892 4981 8505 END
START 160 -2052 16108 2114 6780 5332 END
START 636 -2600 17872 1037 8556 3698 END
START 1768 -4048 18496 -572 9641 2615 END
START 232 -4188 19888 -10023 13888 -361 END
START -2404 -6720 16396 -4953 11662 2801 END
START -3336 -6884 16120 -7306 10595 7094 END
START -5024 -5952 16052 -6979 8861 8970 END
START -8008 -3148 17840 -5145 9115 7635 END
START -8712 -2524 17932 -1098 5564 4378 END
START -8224 -1744 19188 956 2869 -1457 END
START -6376 -2080 21144 3853 622 -6479 END
START -2720 -2804 23428 6970 1496 -7252 END
START -1272 -1924 22824 9093 7123 -2583 END
START -3016 52 19328 7006 13228 -993 END
START -1868 712 19600 8032 21234 2292 END
START -6292 912 15728 8538 21116 5337 END