START -2136 5268 15176 -947 777 1109 END
START -2756 4464 15468 -1896 822 596 END
START -2504 3028 15584 -2182 1105 843 END
START -2044 2492 16000 -1467 -69 1833 END
START -2768 2672 17524 -1591 142 1390 END
START -2976 2744 18548 -1723 -206 538 END
START -3044 2608 19132 -1595 -1159 -595 END
START -2660 3052 20456 -825 -1921 -1153 END
START -2480 3992 21304 6 -2206 -1443 END
START -2512 4988 21236 1404 -2305 -890 END
START -3160 6676 21140 2593 -2379 323 END
START -3608 8568 20380 3259 -2759 1638 END
START -3564 10324 19724 3099 -3379 2785 END
START -3552 11620 19624 1867 -4169 3479 END
START -3432 12296 18804 90 -4841 3547 END
START -3544 12296 17584 -1548 -5312 3823 END
START -3864 11516 15764 -2840 -5443 4108 END
START -3652 10172 14524 -3366 -4870 5408 END
START -3428 9160 12844 -3272 -3846 7157 END
START -3204 8508 11548 -3033 -2741 8770 END
START -3044 7980 10412 -3649 -1478 9764 END
START -3204 7104 9308 -4834 -323 10200 END
START -3148 6112 8500 -6157 507 10283 END
START -3064 5020 8136 -7352 1603 10162 END
START -2776 3660 7676 -8387 3229 9845 END
START -3156 2436 7516 -8755 4803 9608 END
START -3676 944 6976 -8414 6260 9496 END
START -3916 -540 7156 -7943 7589 8791 END
START -3668 -1860 7924 -6901 8768 8390 END
START -4208 -3184 8632 -5658 10177 8436 END
START -4852 -3664 9324 -4777 11898 7965 END
START -5752 -3832 10008 -4450 13138 6769 END
START -6072 -4088 10588 -3870 13869 5336 END
START -6772 -4572 11884 -3411 14485 3484 END
START -7420 -5480 12676 -4032 15004 903 END
START -8088 -6560 13964 -3790 14446 -1057 END
START -8936 -8040 15024 -3217 13469 -2688 END
START -9784 -8572 17480 -2749 12911 -4512 END
START -8836 -9272 18296 -113 11581 -4877 END
START -8952 -8660 21600 2777 9109 -7293 END
START -9280 -7624 23288 4196 8398 -9869 END
START -8092 -6972 24740 6476 6755 -11440 END
START -7084 -5372 26248 7253 5374 -13748 END
START -5652 -3972 26948 9040 3700 -15086 END
START -4592 -1384 27844 11591 2111 -14275 END
START -4700 1820 28168 12083 691 -12846 END
START -5960 5984 27900 11964 -1270 -11544 END
START -7920 10128 27884 10830 -4037 -11315 END
START -8284 13228 27708 7754 -6827 -12455 END
START -7348 14136 26648 5867 -9781 -12395 END
START -5716 14864 25876 4544 -12324 -10643 END
START -4812 15860 24996 4496 -14058 -7541 END
START -4760 16496 23064 4614 -14396 -3881 END
START -4188 17336 20852 3964 -14805 -1399 END
START -4024 16428 18540 1992 -14860 162 END
START -3624 16508 16248 -178 -15928 1164 END
START -3808 13488 14464 -1582 -14719 2719 END
START -3168 11740 13172 -3209 -13769 4043 END
START -2548 9684 11508 -3552 -12599 5458 END
START -1764 8800 10284 -2388 -11443 7816 END
START -1892 8744 9808 -1311 -9491 10093 END
START -2168 8512 8276 -1907 -6699 10830 END
START -2492 8084 6572 -2645 -4686 11368 END
START -2652 7116 4876 -3401 -3145 11720 END
START -2584 6060 3544 -4255 -1225 12011 END
START -2464 4868 2720 -5335 1062 11904 END
START -2224 2508 2968 -6635 3589 11524 END
START -872 -292 3940 -6710 6434 10859 END
START 2300 -3340 5168 -5352 8849 10131 END
START -448 -5156 9572 -4087 12293 8431 END
START -2748 -7268 10688 -3905 15646 6043 END
START -6020 -9244 12328 -2331 15318 4978 END
START -8684 -9408 13988 650 14361 4126 END
START -9960 -8968 18900 4516 10625 3366 END
START -9656 -8148 22672 6732 5086 2428 END