START -1820 3604 16712 -1783 -2475 -10093 END
START -1408 2680 17180 -1588 -1546 -9194 END
START -692 1604 16756 -1112 18 -7103 END
START -1472 1772 16452 36 722 -4153 END
START -1644 2852 16388 872 1401 -1893 END
START -1056 4164 16936 788 2935 -692 END
START -1824 5296 17272 597 1860 -812 END
START -2800 5372 16220 -592 1850 -2278 END
START -2308 5248 16852 158 850 -3091 END
START -1104 5048 17612 551 810 -4106 END
START -436 4820 18380 620 1538 -4737 END
START -288 3856 18408 537 2641 -4901 END
START -1060 2496 17592 774 3060 -3930 END
START -1680 2572 17484 2636 1887 -946 END
START -1440 5284 19748 4389 276 1453 END
START -1876 7592 21248 4516 -26 1915 END
START -1980 8900 21620 4619 -515 1253 END
START -2732 8728 21380 4238 -1089 410 END
START -3648 7936 19712 3661 -2051 1356 END
START -5212 7184 19120 4680 -3832 5315 END
START -5684 8864 19264 5299 -5880 8683 END
START -5644 10112 19620 4430 -7610 9613 END
START -4868 10364 18440 4130 -8401 9566 END
START -3896 10824 17552 4262 -9802 8594 END
START -2880 9508 16348 3593 -9683 6711 END
START -1620 8196 15192 3906 -8979 7219 END
START -1144 7164 14016 3937 -7466 10188 END
START -1476 6588 12792 3777 -5581 13608 END
START -1248 6924 11648 3913 -4336 16608 END
START -924 7152 11624 2124 -3541 18618 END
START -400 7584 11420 -121 -2946 19083 END
START 44 7396 11292 -2970 -1702 18684 END
START -80 7020 11236 -6119 -702 17581 END
START -224 6380 10780 -8628 329 15591 END
START 488 4140 10760 -9549 1999 14749 END
START 780 2732 11048 -10294 3742 13236 END
START 1628 484 11896 -10624 5757 11595 END
START 1992 -648 13016 -11281 8275 10904 END
START 1684 -1708 12540 -11661 11303 10394 END
START 2232 -2448 13716 -12767 15008 10251 END
START 1720 -2436 14024 -14705 19473 9873 END
START -952 -1348 13068 -18428 24452 6587 END
START -136 -2376 11372 -19881 29345 5723 END
START 336 -5240 11772 -21706 31126 5281 END
START -2636 -7916 10888 -17471 32767 6592 END
START -6980 -9160 9396 -14311 32767 2201 END
START -10060 -10920 10696 -11057 32767 -4883 END
START -11944 -12824 13032 -4955 29512 -9564 END
START -13440 -12152 17644 -284 20252 -11084 END
START -12112 -9760 21360 -2336 16677 -14774 END
START -11784 -7952 23256 -3951 19841 -16728 END
START -11736 -8504 24260 -2784 20841 -20541 END
START -9416 -7616 24036 803 20064 -21030 END
START -12896 -5796 22424 6827 14431 -18957 END
START -13180 -1812 23428 12423 4271 -19198 END
START -13020 2648 23860 12353 -4529 -22464 END
START -14328 5004 23552 10907 -8759 -23398 END
START -14592 4736 21460 5439 -16654 -26434 END
START -14392 1572 16388 5663 -30170 -22950 END
START -12344 1812 13768 9935 -32768 -14341 END
START -6540 1544 12328 16113 -32768 -3153 END
START -1284 2220 11928 22419 -32768 6087 END
START 916 3440 14408 18109 -32567 10098 END
START 492 5340 10184 19306 -29161 16199 END
START 1828 10520 12968 11451 -21693 14681 END
START 1292 10960 15828 3033 -14176 10831 END
START 2144 9052 14640 -1652 -11430 11627 END
START 2324 8452 17696 -7343 -7821 7863 END
START 1548 4008 13608 -11401 -527 5801 END
START 4844 1172 12588 -9975 5064 7684 END
START 6196 172 14908 -8769 12159 10363 END
START 6244 -2512 14520 -7418 18026 13161 END