START 1244 8148 18716 451 -3498 -5024 END
START 772 9000 20940 804 -3858 -2422 END
START -1864 9144 21488 -1915 -4255 -2688 END
START -752 8796 21016 -643 -4539 -2216 END
START -1436 7488 20844 -1082 -3967 -2611 END
START -1520 7068 20424 127 -3698 -2317 END
START -1092 7172 19616 1253 -3778 -1397 END
START 144 7464 19568 1890 -4005 -1300 END
START 1064 7600 19436 2045 -3713 -1165 END
START 1320 6576 18420 1672 -2895 -328 END
START 436 6316 17740 1963 -2898 2449 END
START -800 8036 17192 1725 -3525 4924 END
START -1584 8728 16604 564 -3318 5570 END
START -2132 9180 15616 -850 -3999 5030 END
START -1676 9212 15780 -1588 -4630 4418 END
START -792 9084 15600 -1077 -4665 4611 END
START -192 9000 16044 -525 -3818 6014 END
START -680 8980 15896 -295 -2485 8089 END
START -2084 9172 15284 -333 -1619 10779 END
START -3504 9320 14132 -621 -1011 12980 END
START -4708 8948 12652 -1995 -961 14027 END
START -4736 8316 11960 -3345 148 14725 END
START -4948 7244 11360 -5390 -1930 13530 END
START -4356 5048 10288 -6910 -1904 13095 END
START -3044 2908 9392 -7312 -1763 13438 END
START -1616 1516 9196 -7556 -298 13652 END
START -772 328 8888 -7606 1547 14651 END
START -892 -136 7956 -7125 3737 15262 END
START -1196 -796 7984 -6331 5185 15393 END
START -968 -1576 7844 -6456 6954 14869 END
START -1032 -2240 7992 -6095 8470 14523 END
START -932 -2996 8176 -6666 10634 13289 END
START -892 -4332 8396 -7364 12898 12234 END
START -920 -4148 7588 -8194 14551 10331 END
START -1964 -6864 9696 -10436 15195 5927 END
START -2144 -9460 9184 -7707 18005 7597 END
START -3848 -10944 9144 -6533 18994 8103 END
START -5228 -11684 11172 -6275 18467 5609 END
START -6072 -12700 12880 -5340 18266 2943 END
START -6120 -13476 13912 -3513 17534 1200 END
START -6036 -13252 16872 -2186 16536 -556 END
START -6012 -13352 19884 -1229 15391 -2907 END
START -6888 -12892 22700 -1584 14979 -6605 END
START -5044 -13692 23348 13 13772 -9365 END
START -6716 -12644 25964 3162 12656 -10555 END
START -5428 -11212 26768 5637 9548 -11472 END
START -7236 -7560 28800 8368 6875 -11012 END
START -7688 -3964 30400 9209 6256 -11134 END
START -7672 -608 31340 10848 2474 -12088 END
START -6380 2988 32560 10808 -50 -11447 END
START -6456 6036 32448 10576 -3269 -11851 END
START -7296 8048 32767 10174 -6795 -14131 END
START -8696 10316 31376 8666 -6874 -12685 END
START -8908 11384 27492 7972 -8223 -10036 END
START -9068 12656 25024 7283 -11244 -6352 END
START -6188 13744 22468 6275 -14789 -3865 END
START -5292 13988 21020 5181 -16277 -2390 END
START -3764 12960 18148 3197 -16560 -1339 END
START -4820 12104 15764 2274 -16511 -111 END
START -4028 10744 13308 2342 -15591 1814 END
START -3636 9092 11012 2121 -14420 3889 END
START -2336 6980 9332 512 -10937 5237 END
START -1344 5364 7236 -418 -10311 6041 END
START -952 3844 6284 -352 -8276 7760 END
START -340 2660 5988 -1136 -6474 7868 END
START 0 1292 6172 -2520 -4067 7976 END
START 464 -448 6064 -2287 -2413 8832 END
START 608 -1676 6436 -3780 610 8890 END
START -196 -2860 5820 -4745 3307 9187 END
START -252 -3324 7088 -4012 4521 9242 END
START -708 -3432 8992 -4287 5191 6849 END
START -864 -4164 10840 -4650 5800 3819 END
START -1772 -5572 13948 -4472 5686 2076 END
START -2256 -6284 16524 -4440 5363 670 END
START -3128 -6936 17996 -4621 6234 -1229 END
START -3808 -7648 18528 -2752 5940 -1177 END
START -4028 -6580 19584 -1302 6167 -82 END
START -4384 -5196 18300 876 7814 3692 END
START -4992 -2756 20084 707 7493 3611 END
START -7516 -2656 21140 52 5711 2464 END