START -3332 -1112 17564 405 2097 -4945 END
START -2272 -612 18760 2604 2615 -4471 END
START -1996 -576 18740 4054 3725 -3546 END
START -2444 876 19644 4119 4705 -3335 END
START -4032 1036 19728 2386 5380 -5020 END
START -5528 1272 18628 2336 4901 -5881 END
START -6552 1804 18088 2217 3134 -6403 END
START -7180 2508 17960 1953 350 -7350 END
START -7052 3052 18060 729 -2451 -8682 END
START -5972 3300 18912 -210 -4706 -9953 END
START -4216 2868 19916 -1202 -6036 -11225 END
START -3976 1832 20928 -2055 -6055 -12068 END
START -3872 1068 20472 -206 -4920 -11085 END
START -3696 900 20348 1339 -5203 -10030 END
START -5096 900 20200 2863 -4870 -7575 END
START -5780 2316 19440 3507 -5852 -5788 END
START -5724 3908 19124 4337 -7047 -4625 END
START -5228 5120 20348 3929 -8351 -5086 END
START -4176 5556 20536 2731 -8765 -5995 END
START -2864 4668 21476 1918 -9038 -6239 END
START -2616 3568 20440 658 -9559 -6963 END
START -2236 1896 19652 3638 -8158 -3301 END
START -2752 2756 19836 6529 -8277 -239 END
START -3676 4720 20264 8009 -8704 2264 END
START -4624 6720 19300 7764 -9124 3810 END
START -5380 7764 18080 5979 -9257 4883 END
START -5480 8108 16716 5109 -10334 6205 END
START -4732 7692 16304 3594 -11163 7613 END
START -3976 6652 14688 2080 -11023 9869 END
START -3732 6984 13844 2617 -11291 12694 END
START -2708 7420 13120 2355 -10135 14085 END
START -2000 7080 11876 2227 -7990 15267 END
START -912 6244 10920 3092 -6157 17586 END
START -204 6248 10528 2924 -3910 19417 END
START -128 6300 10376 1739 -1549 20408 END
START 168 5360 9964 -295 1077 20493 END
START 304 4312 9688 -3458 3037 20304 END
START 104 3820 10236 -7631 4617 19766 END
START -732 2568 9676 -11289 6114 18715 END
START -844 944 10372 -14892 7714 16973 END
START -1236 -648 10476 -17271 9727 15084 END
START -1820 -2944 11456 -19087 11435 12812 END
START -1656 -5072 11876 -19037 14822 10837 END
START -1800 -7728 12352 -16946 17248 9194 END
START -3096 -10600 12324 -14890 21830 6559 END
START -3000 -12304 12796 -12331 24343 2142 END
START -2296 -14484 12896 -10610 27428 22 END
START -6536 -15184 14448 -7433 25746 -3007 END
START -6152 -16788 14460 -2314 23247 -4620 END
START -7464 -14328 17480 -1485 20826 -8348 END
START -6404 -15584 20508 1453 27269 -12476 END
START -8368 -13860 21152 5543 30789 -20222 END
START -8304 -10628 23104 7001 32767 -26692 END
START -12300 -10032 19516 9931 32767 -31830 END
START -18564 -8948 20576 18234 22283 -32768 END
START -13976 -6900 16272 20551 5320 -32768 END
START -13356 -3208 17904 27819 -18209 -29056 END
START -10724 5264 20068 28658 -32768 -19884 END
START -11404 6816 19804 26641 -32768 -11658 END
START -11688 7104 19188 19756 -32768 -7510 END
START -13424 5232 18520 16293 -32768 -488 END
START -6072 5888 14596 20333 -32768 12005 END
START 664 8772 16708 25000 -24858 18482 END
START -1792 11356 12148 13717 -15886 23162 END
START 656 13568 11664 6566 -13369 20550 END
START 2748 14152 12272 2325 -13094 15673 END
START 3896 13132 15288 -5483 -9130 7514 END
START 4444 8444 14760 -10629 -5205 1275 END
START 6352 3192 12724 -9910 -1941 2571 END
START 5884 128 13716 -10204 2905 4900 END
START 3632 -2608 12992 -8713 7305 6702 END
START 1172 -3632 13504 -3981 9392 8474 END
START 2100 -4072 15328 -217 12662 10648 END
START -2176 -1932 15728 236 11652 9750 END
START -3912 -2088 15764 -268 12080 10087 END
START -5420 -1100 15704 -1105 9995 9632 END
START -5992 -360 16748 -2096 7143 7715 END
START -4576 -380 17256 -3319 4839 5595 END
START -3304 -1132 17720 -4026 3479 4223 END
START 3148 -3344 17224 -4189 2631 2328 END
START -2248 -2996 18856 -510 5864 2981 END
START -1740 -2420 18592 2060 9554 3075 END
START -3080 -2084 17712 5642 11905 3170 END
START -4172 -204 18636 7685 11946 4206 END
START -3796 788 18684 7877 10912 3785 END