START 2864 3604 17888 2467 -3891 -3412 END
START 2180 4896 18656 3154 -2978 -3086 END
START 2040 5104 18136 2482 -2349 -4049 END
START 1792 4972 17292 1795 -806 -5419 END
START 1808 4424 16048 1873 -1852 -4802 END
START 1644 4464 16560 1541 -2571 -4477 END
START 2244 3408 17204 412 -2390 -4198 END
START 2480 2636 16776 395 -2171 -3285 END
START 2480 3180 16872 1390 -2439 -1196 END
START 1852 4832 17216 1462 -1894 -154 END
START 1680 6068 16756 1060 -1657 -898 END
START 1920 6052 16828 410 -1716 -2120 END
START 2364 5648 16944 108 -1802 -3103 END
START 3260 5328 17116 -235 -1656 -3186 END
START 4088 4752 17340 -193 -1803 -2596 END
START 3872 5476 17660 1078 -1578 -328 END
START 2808 7672 17644 1953 -698 2112 END
START 1708 9848 17308 1800 -443 3317 END
START 1424 10584 16976 746 -730 3793 END
START 1188 10576 16412 -637 -953 3894 END
START 1768 10152 16244 -1684 -1423 4125 END
START 2416 9372 16392 -2452 -1582 4650 END
START 2412 8596 16876 -2452 -916 5835 END
START 1484 8124 16232 -1409 -75 7725 END
START 384 7964 15664 -701 1159 9245 END
START -596 7784 14416 -476 1696 10666 END
START -1528 7476 13276 -1232 1857 11267 END
START -1784 6812 12156 -2325 2141 11430 END
START -2160 5304 10428 -3591 2492 11620 END
START -2160 3756 9060 -4601 3075 12276 END
START -2128 2472 8472 -5208 3806 13199 END
START -1520 1100 8196 -5800 5288 13603 END
START -1176 -672 8264 -6541 6994 13391 END
START -1244 -2288 8612 -7603 8508 12405 END
START -1460 -4272 8312 -8473 9786 11295 END
START -2116 -6244 8420 -9070 11207 10005 END
START -2712 -7924 7912 -8854 12345 8371 END
START -3164 -9548 8348 -8172 12381 7138 END
START -3348 -10560 9800 -7638 12702 6262 END
START -3216 -11284 10412 -6362 13956 5569 END
START -3204 -11768 12248 -5436 15542 4066 END
START -3704 -11376 13624 -4671 17122 2477 END
START -4612 -11948 14800 -2882 17938 1190 END
START -4984 -13048 16652 -1840 16881 -805 END
START -6752 -13252 20108 -1497 16465 -4074 END
START -5124 -13800 20152 1075 13122 -5147 END
START -4140 -12352 24632 2296 11221 -7435 END
START -2716 -10936 27844 4480 9654 -9758 END
START -4160 -9096 31424 5045 8741 -12175 END
START -4416 -8748 32488 5915 6473 -13866 END
START -5300 -6920 32767 7694 3740 -15510 END
START -3928 -4340 32767 9573 -96 -16329 END
START -4960 392 32767 12877 -2592 -14560 END
START -6596 5700 32767 14200 -5342 -11720 END
START -8484 11048 32224 12652 -6299 -10521 END
START -9072 13940 27156 11084 -8930 -9226 END
START -7712 15784 23060 8627 -11859 -7988 END
START -4880 16652 20360 6373 -13986 -6395 END
START -2284 16264 17276 4323 -14522 -3963 END
START -592 15992 15976 3732 -14180 -968 END
START 596 15132 14208 2096 -11778 831 END
START -172 14276 11936 1868 -9775 3652 END
START -968 13644 10752 -382 -8266 4266 END
START -552 11180 8696 -1581 -8738 5452 END
START -344 8864 8272 -4057 -8699 5767 END
START 292 5312 7500 -6472 -7467 6005 END
START -208 2900 6948 -5545 -6687 7367 END
START -48 1224 6764 -7485 -2759 5485 END
START -1168 -1412 6132 -6743 -165 5934 END
START -892 -3048 6640 -5681 963 6118 END
START -1844 -5340 7508 -5701 2169 5248 END
START -2476 -7512 8792 -3860 1864 5172 END