START -1888 7112 21104 4880 -5298 -8773 END
START -3512 8388 20968 6333 -5583 -5800 END
START -2192 10976 20828 6461 -6331 -4175 END
START -860 13036 20936 5081 -6363 -2927 END
START -708 15488 21736 2980 -6375 -2667 END
START -340 16268 20992 1421 -6604 -2518 END
START -1184 15864 19308 235 -5841 -2215 END
START -2484 14524 17352 -190 -5886 -129 END
START -3440 14276 15752 -563 -6483 3434 END
START -3908 14688 14400 -1996 -6748 5722 END
START -3284 14540 13308 -3644 -7364 6388 END
START -2388 13660 12424 -5361 -7042 6492 END
START -1448 12396 11944 -5904 -6043 7190 END
START -1092 10796 10680 -5682 -4053 8559 END
START -812 9824 9460 -4766 -1362 10140 END
START -1200 9224 8520 -4312 677 11419 END
START -2124 8484 7448 -4531 2171 12820 END
START -2652 7504 6548 -5083 2997 13618 END
START -3112 6396 5936 -6133 4240 13942 END
START -3184 5068 6224 -7051 6061 14478 END
START -3172 4044 6608 -8142 7458 15055 END
START -3556 2788 6424 -9725 9002 14312 END
START -3524 1260 6636 -10815 10531 13037 END
START -3804 -572 6816 -10775 12450 11861 END
START -5120 -2432 7272 -9849 14023 9563 END
START -5536 -4632 8468 -8791 15065 7415 END
START -6192 -6700 10336 -6936 16049 7368 END
START -7248 -6848 12124 -5713 16495 7350 END
START -8164 -7276 13344 -5438 17129 5976 END
START -8576 -7496 14608 -5044 15689 3687 END
START -8664 -8132 16912 -3811 14113 1156 END
START -7748 -8692 19348 -3009 13527 -1457 END
START -8284 -9048 21328 -2065 11703 -5222 END
START -8032 -9224 21904 -19 10356 -7890 END
START -8128 -10144 22360 2046 10825 -8886 END
START -8244 -8928 22480 4577 10285 -8901 END
START -7832 -6476 22436 7615 8787 -8873 END
START -7416 -3540 23072 9462 7296 -9764 END
START -7088 -592 23952 10035 6076 -11039 END
START -6480 1232 24936 9523 4347 -12901 END
START -8020 3112 25096 7995 2695 -15000 END
START -8248 3692 24008 6008 785 -16616 END
START -7744 4428 23444 6616 -2511 -15939 END
START -6148 6036 23908 6242 -4720 -15326 END
START -4764 7948 24848 6939 -7356 -13860 END
START -4212 10540 25656 6606 -9047 -13409 END
START -4448 11788 25584 5652 -9754 -13015 END
START -4424 12184 24084 4476 -10205 -12686 END
START -4116 11360 21876 4548 -11629 -10623 END
START -2696 12240 21152 5349 -13462 -6813 END
START -732 14304 21380 4585 -14668 -4041 END
START 264 14856 21028 4075 -15663 -2546 END
START 104 14848 19364 2927 -14960 -2287 END
START -1424 14380 17332 3266 -14134 -739 END
START -1904 13952 15780 3114 -12273 1035 END
START -2824 13200 13432 3029 -10976 3279 END
START -2180 13408 10756 2585 -9654 5603 END
START -3112 11984 8736 2131 -5780 7415 END
START -2684 10336 6800 1684 -3103 7470 END
START -2012 8544 6044 1699 1223 9754 END
START -736 6068 4676 -1275 8764 10919 END
START -2496 3348 4160 -3910 13795 11325 END
START -7436 -696 4384 -6784 13410 10593 END