START 3356 1492 16416 182 -2871 -772 END
START 1780 1056 16036 1233 -2979 27 END
START 2804 2128 16448 744 -2270 -210 END
START 2836 2116 17056 342 -1864 -572 END
START 2988 1788 17076 375 -1295 -788 END
START 2572 2112 16788 659 -741 -1041 END
START 2260 1936 16428 1023 -254 -1382 END
START 1756 1832 16236 1602 14 -922 END
START 2260 2300 15548 2068 -45 279 END
START 2192 3640 16084 1985 -45 1287 END
START 2500 4776 16300 1545 -371 1584 END
START 2732 5516 16800 550 -581 1470 END
START 2960 6036 17012 -293 -643 1596 END
START 2972 6088 17156 -880 -564 1717 END
START 2904 5816 17028 -1251 -391 2327 END
START 2840 5592 16960 -1096 -73 3214 END
START 2640 5812 16876 -1013 142 4049 END
START 2528 6272 16932 -1003 1 4585 END
START 2596 6148 16848 -1034 47 4991 END
START 2428 5876 16576 -1033 435 5653 END
START 2064 5928 15816 -1007 826 6580 END
START 1364 6056 14872 -1280 1420 7376 END
START 984 5952 13748 -1577 1815 8079 END
START 920 5656 13408 -2334 2459 8855 END
START 484 4988 12560 -3311 3300 9503 END
START 368 4060 11872 -4342 4230 10011 END
START 308 3028 11236 -5493 5551 10370 END
START 168 1456 10844 -6046 7212 10953 END
START -136 156 10168 -6741 8499 11341 END
START -784 -964 10416 -7225 9700 10996 END
START -1324 -2792 10188 -7932 10704 10003 END
START -1936 -4620 10332 -8422 11961 8811 END
START -2352 -6116 10208 -8379 12938 7576 END
START -2608 -7280 9840 -7629 13516 6688 END
START -2804 -8424 10740 -6462 13915 6284 END
START -3024 -8536 12372 -5859 14052 5574 END
START -3104 -9100 13544 -5619 13992 3963 END
START -2984 -9796 14660 -5077 13586 2078 END
START -3312 -10616 16256 -4121 12832 231 END
START -3332 -11408 18460 -3269 12034 -2296 END
START -2844 -12664 20148 -1981 11353 -4842 END
START -2164 -13416 21856 208 9912 -6695 END
START -1884 -12748 24740 2728 8592 -7576 END
START -1120 -11488 26812 5124 6666 -9052 END
START -1084 -9664 28500 6768 4854 -10998 END
START -1684 -7120 29764 7560 3558 -13295 END
START -2304 -5244 29240 8358 3197 -15131 END
START -2364 -2332 28188 9362 2159 -15314 END
START -4096 1180 29148 12278 -100 -12810 END
START -4260 5456 28816 13649 -2728 -9709 END
START -3568 9692 29908 12050 -5175 -8361 END
START -6080 12536 28396 9885 -7624 -7951 END
START -6020 14060 26224 7722 -9629 -8168 END
START -5036 15004 23900 6416 -11364 -6995 END
START -3048 15076 21336 5156 -12886 -4726 END
START -456 14760 19560 3910 -13919 -2293 END
START 1868 14024 18068 2681 -13730 -368 END
START 3016 13632 16248 1940 -12755 1080 END
START 3296 12388 13972 1415 -10424 2943 END
START 2460 11716 12368 471 -8145 4965 END
START 2068 10388 9716 -1163 -6233 6166 END
START 2224 8824 8152 -2185 -4947 6905 END
START 2108 6704 7052 -3395 -2772 6784 END
START 1660 4356 6620 -4525 -310 6265 END
START 940 1924 6456 -5587 2050 6061 END
START -856 -1664 5496 -6771 5080 5043 END
START -2916 -4384 4144 -6864 6621 4607 END
START -6360 -6744 4356 -5394 8265 4294 END
START -4524 -8296 6144 -3364 9040 3804 END
START -5080 -11336 8420 -3558 8732 2488 END