START -4016 6500 20832 -47 -45 1142 END
START -3912 5644 21992 -220 2465 846 END
START -4584 5360 21468 1595 2962 1522 END
START -5160 5028 21256 2319 3189 1540 END
START -6076 3808 19944 555 2211 1151 END
START -6908 2580 18528 -761 -33 1300 END
START -7464 2236 19096 -725 -3017 2387 END
START -6820 3004 19260 -764 -4740 2361 END
START -6016 3732 19788 -817 -6213 924 END
START -3844 3952 20312 -101 -6242 -585 END
START -2600 4176 20348 1647 -6369 -1218 END
START -1860 4856 19420 2592 -5095 -1320 END
START -1672 5536 18096 3410 -4492 -11 END
START -1828 6968 17292 3708 -5310 1618 END
START -2024 8956 17244 3327 -6930 3055 END
START -2064 11252 17676 2614 -8057 4015 END
START -2464 12928 17248 1468 -8075 3755 END
START -2920 13716 16560 497 -6860 3416 END
START -2820 13032 14972 520 -6123 4397 END
START -3484 12928 13244 -231 -5498 5500 END
START -2164 11572 11000 -1352 -3921 7178 END
START -2784 10468 9296 -3080 -4057 8976 END
START -2816 10136 8360 -3657 -3256 10840 END
START -2364 9564 7336 -5006 -1260 11590 END
START -2508 8580 6076 -6820 698 11322 END
START -2344 7348 6088 -8227 3036 10997 END
START -2476 5236 5640 -9539 5408 10568 END
START -2848 3692 5612 -9981 7757 10612 END
START -3672 1492 5740 -9948 10265 10555 END
START -4332 -16 6324 -10599 12304 9590 END
START -5444 -2464 6828 -11754 14188 7797 END
START -7732 -4792 7852 -11078 15052 5782 END
START -8928 -7120 9680 -9519 14901 2286 END
START -9652 -9524 11584 -7473 14714 -1086 END
START -8572 -11668 14880 -4863 13976 -3684 END
START -9536 -13072 17568 -3369 13371 -7034 END
START -10396 -13868 20112 -1841 12884 -9903 END
START -10320 -13320 20784 48 11725 -11929 END
START -9204 -11820 22232 3994 8853 -12720 END
START -7488 -8812 25620 8198 6094 -12253 END
START -5220 -5412 26928 10808 3118 -13949 END
START -5016 64 30092 12105 1362 -14850 END
START -4068 3820 28952 13242 -1527 -13591 END
START -5192 9048 30088 13127 -5365 -13324 END
START -6332 14556 29072 10824 -8034 -10998 END
START -7504 20376 26816 8960 -11484 -9149 END
START -6360 22252 24520 5085 -15753 -9059 END
START -3932 21684 21940 969 -18232 -8098 END
START -2668 20672 19012 -1325 -20513 -5290 END
START 472 19484 17772 -1674 -20112 -1518 END
START 3840 17424 17724 -1373 -15592 1762 END
START 1544 16776 16048 -2668 -12495 4304 END
START 2616 14928 13008 -1373 -4321 7180 END
START -1160 11800 10140 -3028 1443 8253 END
START -1664 8936 6784 -6356 6298 8870 END
START -4772 6588 4496 -8485 9154 7931 END
START -8496 2812 3572 -10981 9454 6391 END