START -1132 5320 18196 3360 -352 331 END
START -2120 6188 18196 3333 1441 953 END
START -2548 7180 17320 2541 2692 -177 END
START -2664 7068 16916 1618 2972 -1819 END
START -3924 5808 16720 -238 2433 -2637 END
START -4788 5244 15796 -431 1103 -1887 END
START -4760 5188 16088 -281 92 -1892 END
START -3980 4940 16496 -407 756 -2221 END
START -3524 4752 16440 228 1876 -2087 END
START -3276 4988 16320 1002 2706 -1893 END
START -3204 4968 16356 963 3693 -2434 END
START -3300 4816 16128 819 4161 -3305 END
START -3804 3564 15900 223 3479 -3738 END
START -4200 3332 16056 363 1348 -1838 END
START -3992 5428 17780 999 277 676 END
START -4700 7732 19636 814 -739 538 END
START -3320 8804 19412 237 -1664 -253 END
START -2928 10020 20184 68 -1951 -946 END
START -1820 10444 20744 557 -2575 -346 END
START -932 11256 21696 1298 -2959 898 END
START -768 12456 21820 1703 -3302 2503 END
START -2308 13520 21132 1608 -3496 3888 END
START -3820 13836 19100 1190 -4015 5201 END
START -4436 14140 17928 1042 -4852 6992 END
START -4268 13832 16588 192 -5201 8341 END
START -3996 13112 15028 -1045 -4670 9100 END
START -3620 11856 13052 -2132 -3928 9708 END
START -2944 10376 11352 -3495 -2561 10268 END
START -2496 9024 9692 -4266 -1220 11011 END
START -2256 7820 8340 -5449 618 11350 END
START -2320 6580 7252 -6304 2556 11757 END
START -2400 5428 7164 -7226 4251 11825 END
START -2896 4032 7384 -8629 6383 11707 END
START -3296 1724 6792 -9754 8886 11258 END
START -4068 624 6652 -10722 10620 10005 END
START -4484 -1968 6836 -11411 11597 8548 END
START -4760 -4180 7720 -11284 12982 7216 END
START -5372 -5752 9288 -10557 14753 4671 END
START -6204 -7628 10884 -9745 16945 1196 END
START -7312 -9600 11796 -9003 18760 -2234 END
START -12436 -10640 14312 -7229 20818 -5372 END
START -8720 -12412 16152 -4813 18889 -8050 END
START -9060 -13540 18728 -1480 15193 -11543 END
START -7624 -13060 22800 2160 11201 -14578 END
START -8620 -9744 26556 5762 5991 -17102 END
START -4280 -5244 31480 7303 1530 -19005 END
START -3000 -1408 32767 10706 288 -16562 END
START -2236 4312 32767 11963 -4304 -17790 END
START -3792 9660 32767 13111 842 -15849 END
START -8168 14496 30188 15813 -2755 -15395 END
START -10364 15692 26028 10536 -4488 -13809 END
START -12408 15108 19184 3807 -11416 -10707 END
START -14708 17352 13648 6062 -22450 2670 END
START -8092 18156 13948 1786 -26026 8686 END
START -7212 19620 10928 -3348 -25236 7845 END
START -1444 13232 9928 -14704 -23715 -3373 END
START 1228 8260 7352 -15614 -22550 -5727 END
START 5796 4776 6772 -8623 -18884 -1369 END
START 4248 3904 8340 -3778 -11609 5712 END
START 4504 3916 8612 -3407 -4197 9230 END
START 2664 3688 9912 -2480 2495 11137 END
START 416 3488 9260 -3536 8991 11883 END
START -1400 1684 8984 -7367 14421 11789 END
START 628 24 6816 -9753 20784 11459 END
START -7872 -2384 6716 -9381 18242 9216 END
START -9152 -5344 6612 -5704 16651 8778 END
START -11980 -5556 8424 30 15948 10171 END
START -13140 -4648 12060 5922 7979 6329 END
START -10452 -4204 15904 4767 2426 1405 END