START -1420 420 16336 -2059 7563 -7828 END
START -1232 -380 17008 -2611 10360 -4057 END
START -1452 -1316 17892 -1469 11645 1492 END
START -1908 -544 16512 -120 11109 6657 END
START -3956 1804 17084 971 10372 10180 END
START -3520 3352 17528 -417 10116 11460 END
START -4388 5024 17760 -2514 9844 10849 END
START -4552 5044 17028 -5166 9595 10340 END
START -5240 5168 16800 -9238 8107 8900 END
START -5520 3760 15888 -12119 7368 8833 END
START -6652 2008 15204 -12792 6499 8843 END
START -7008 432 14496 -9137 4704 10400 END
START -5944 -272 14924 -4448 2115 10619 END
START -7364 296 15056 -587 1636 9114 END
START -6780 788 16012 2105 717 6884 END
START -6704 1000 16864 3101 -242 4971 END
START -6868 1300 17912 2912 -909 3471 END
START -6816 820 18108 1950 -1770 2118 END
START -6524 228 17588 1375 -2945 885 END
START -5732 -148 17468 1902 -4189 747 END
START -5152 -1256 17132 2901 -4769 498 END
START -5544 -1776 17000 5385 -5081 166 END
START -6332 -888 16824 9398 -6554 -26 END
START -5812 440 17640 10574 -7994 -1127 END
START -5348 1812 18424 8636 -9646 -3176 END
START -5044 1876 18808 5444 -11861 -4185 END
START -3812 964 17916 3176 -12819 -2818 END
START -2576 1648 17600 3770 -12960 955 END
START -2248 2832 17184 4360 -11569 4390 END
START -1776 4180 16400 3993 -8831 6218 END
START -1844 4512 14732 2849 -6665 7478 END
START -1788 5440 13748 1751 -5609 9453 END
START -1364 6232 13476 -52 -4518 11507 END
START 716 5412 13576 -3476 -1051 13622 END
START -1900 5540 12584 -5739 1269 14053 END
START -1636 4972 13428 -8598 1414 13174 END
START -872 3776 13448 -10626 3053 13088 END
START -500 2432 14056 -13551 6057 12328 END
START 368 568 14272 -16918 9414 11278 END
START 348 -644 13724 -19880 13662 10784 END
START 52 -3052 14712 -21797 18097 10155 END
START -2572 -5060 14540 -23866 25454 9709 END
START -872 -7152 12204 -21236 30691 8410 END
START -1680 -9592 12020 -17102 32767 7346 END
START -3404 -11352 11080 -12996 32767 2263 END
START -4768 -13860 13596 -16282 32767 -7427 END
START -5372 -18300 9356 -15501 32767 -13559 END
START -11548 -16256 7272 -8571 32767 -15204 END
START -18892 -12560 6368 3548 32767 -16772 END
START -24864 -12400 5524 19290 32767 -23246 END
START -27700 -8268 8108 22672 20948 -32768 END
START -24900 -2088 11472 22356 901 -32768 END
START -16672 -4968 13968 20653 -14788 -32768 END
START -11696 -6792 20772 15402 -13016 -32768 END
START -12132 -12660 15508 16079 -10318 -32768 END
START -14308 -12280 15536 24391 -21612 -22188 END
START -13252 -12864 14472 25109 -29009 -4227 END
START -11416 -10732 11620 32216 -27958 14163 END
START -8104 -8004 5160 32767 -32092 31930 END
START -9312 1464 8508 32767 -28665 32767 END
START -8824 8844 11732 32767 -32768 32767 END
START -8324 13204 10464 26866 -32768 32767 END
START -1308 13968 24392 23884 -30410 30676 END
START -7424 12736 14372 -8027 -20836 9015 END
START -3456 6524 15480 -16476 -14933 1241 END
START -3584 3848 15500 -9635 -17958 -2172 END
START 3596 -1352 13384 -10224 -16743 1235 END
START 4788 -2392 15512 -4967 -11112 6676 END
START 5492 -2260 15396 -4307 -6575 10328 END
START 4308 -2196 16000 -4378 -2855 12654 END
START 4292 -2728 16572 -6670 -511 11965 END
START 3152 -2176 16356 -11817 1491 11054 END
START 2280 -2660 16176 -15472 2307 11123 END
START -340 -4028 16528 -19528 10375 11595 END
START -5712 -6972 10892 -16584 8856 4128 END
START -4360 -7704 14300 -5880 7785 -27 END
START -884 -8720 14048 66 7142 -5643 END
START -3624 -7192 14172 6809 3019 -7127 END
START -2600 -8276 17504 8216 3298 -6044 END
START -3080 -4768 18200 5902 7120 -2183 END
START -3620 -4204 17860 6337 9446 277 END
START -5212 -1684 17544 7581 7222 2867 END