START 20 -100 18964 7693 1564 -6566 END
START -836 116 19156 7496 1876 -7041 END
START -932 744 18540 7127 1250 -6396 END
START -872 1548 18576 6897 452 -5013 END
START -1492 2284 18864 6330 245 -4439 END
START -2188 3236 18860 6492 -810 -4619 END
START -2584 4084 19516 6000 -586 -6552 END
START -2304 3216 19896 4803 -1030 -8507 END
START -1760 3796 18356 5984 -2908 -7556 END
START -736 3992 19656 5181 -2719 -7394 END
START -540 4288 19012 5259 -1832 -5976 END
START -1196 4764 18624 6649 -1131 -4947 END
START -1084 5332 18668 7691 -980 -5242 END
START -2640 6352 19228 7377 -1283 -5161 END
START -2024 6956 19092 6805 -2393 -4411 END
START -1048 7124 19728 5244 -3320 -3816 END
START -2480 6476 19476 4257 -3440 -2757 END
START -2280 7368 18200 5404 -3953 638 END
START -2480 9088 17556 5448 -4589 3419 END
START -3020 10160 17068 4502 -5614 5248 END
START -2568 10672 16544 2367 -6122 6692 END
START -2328 9984 15720 83 -6191 7818 END
START -2204 8592 14068 -969 -6272 9162 END
START -1960 8172 13492 -301 -6578 11766 END
START -580 8088 13516 1 -6952 14906 END
START 516 8232 14256 -1385 -6142 16551 END
START 404 8488 14296 -3536 -5239 17384 END
START 36 8708 14420 -5841 -4412 16862 END
START -52 7864 13920 -7820 -3288 14993 END
START 164 6564 12964 -9424 -2173 13098 END
START 812 4820 12792 -11108 -507 12143 END
START 1024 3516 12136 -12124 1216 11464 END
START 1516 2124 11488 -12666 2788 11676 END
START 1944 1232 11292 -12918 4888 11532 END
START 2936 -848 11496 -12854 8204 12134 END
START 3076 -1616 12308 -12767 11715 13204 END
START 3056 -2256 13328 -13716 15960 13476 END
START 2376 -3868 12300 -15417 19755 14445 END
START 2000 -3144 13416 -18659 24854 13580 END
START 504 -5352 11032 -18294 30375 13678 END
START -2628 -7812 9656 -14468 30175 11216 END
START -4976 -9468 10028 -8967 30778 5294 END
START -7328 -11332 11532 -2434 28157 -893 END
START -7948 -12216 13472 1947 24118 -6312 END
START -9120 -10920 17128 5601 15953 -11215 END
START -6616 -11576 20600 4489 20143 -13362 END
START -6300 -11500 20168 4946 19824 -17842 END
START -8324 -10472 19976 9555 19099 -18954 END
START -4764 -10684 21480 15292 19558 -18919 END
START -9104 -7096 21844 18419 20101 -19620 END
START -9328 -5180 21028 18938 19488 -23573 END
START -11056 -964 19904 20210 19553 -24893 END
START -11956 3404 19320 18070 13085 -25373 END
START -14896 4924 18924 13393 4538 -24594 END
START -15356 5492 16924 10960 -7594 -23090 END
START -14656 6084 16780 9961 -20143 -18476 END
START -13288 6732 18552 8321 -27285 -14931 END
START -11224 6408 19772 6350 -28535 -12890 END
START -9332 3980 19072 5868 -25648 -8464 END
START -10680 2636 19040 5047 -25449 -1238 END
START -7952 1768 15612 10599 -28097 10762 END
START -5504 2728 14252 14482 -29424 21610 END
START -3980 6112 13904 16734 -25183 26624 END
START -3500 8228 16136 9897 -14355 24406 END
START -4104 10196 13484 4220 -12776 19905 END
START -4096 10640 13356 -1867 -12685 13938 END
START -1568 7988 14472 -5426 -13342 6852 END
START 1004 4672 13940 -8005 -11485 3565 END
START 3588 1604 14212 -7408 -8295 3394 END
START 4644 -2232 13744 -5720 -1469 7426 END
START 3076 -1012 14344 -4701 3303 9197 END
START 1800 -2032 14684 -4379 6553 9020 END
START -876 -1764 13740 -1986 7234 9032 END