START -728 4536 19492 3438 -6308 -8710 END
START -448 4100 17648 5996 -4520 -7852 END
START -420 4180 17368 5401 -2228 -6562 END
START -568 4596 16980 5637 -707 -4171 END
START -888 4560 16116 4342 -119 -1400 END
START -1560 5344 15080 3177 90 1878 END
START -2616 6132 13896 2160 225 2615 END
START -3172 6880 14012 1668 -257 678 END
START -2260 6688 14504 1397 -1108 -1760 END
START -864 5048 15780 611 -1045 -3173 END
START -284 3448 16624 -523 60 -3947 END
START -204 2440 16716 -534 946 -3102 END
START -156 2536 17036 453 2053 -1846 END
START -248 3204 16676 1777 2778 -844 END
START -1368 3312 16328 1777 3640 -877 END
START -2144 2352 16164 2658 2642 -444 END
START -3840 3596 17736 3099 1271 549 END
START -3344 4752 19068 3531 -1960 2085 END
START -3520 6372 20592 3179 -3090 2238 END
START -3780 7688 21144 2797 -4044 1916 END
START -3664 7900 21644 1937 -3893 1068 END
START -3676 6536 19944 2015 -3924 2947 END
START -4204 6040 19120 2331 -4048 7276 END
START -5268 7500 17732 2755 -3034 11578 END
START -5216 8260 15600 3442 -3445 14996 END
START -3992 8788 14052 2728 -2550 16235 END
START -2376 8360 13084 2222 -2123 16552 END
START -2160 7328 12756 1581 -2065 16775 END
START -988 6660 12992 -1446 -190 16094 END
START -492 5484 12228 -2969 856 16334 END
START -308 4116 11468 -4958 1825 16258 END
START -292 3084 11272 -6818 2666 15773 END
START -160 1116 11468 -8787 4160 14538 END
START 672 -168 10988 -9930 5872 14112 END
START 1676 -1484 11068 -10948 9362 15038 END
START 1616 -2536 11376 -11401 12690 15491 END
START 1508 -3052 11428 -12447 17006 15159 END
START 1260 -3136 12944 -15077 24557 16117 END
START -952 -3164 12884 -17228 29499 14309 END
START -932 -5656 10468 -19205 32767 11387 END
START -5640 -8480 8196 -17577 32767 6928 END
START -8304 -11324 7484 -11174 32767 1290 END
START -12888 -12444 8312 -5168 32767 -4361 END
START -9352 -15484 12008 -2159 26208 -7018 END
START -12788 -15324 16192 -1623 20299 -8715 END
START -15340 -15732 19376 -719 13622 -9650 END
START -14708 -13272 21588 3935 8888 -9606 END
START -11732 -11764 25668 9901 6171 -10961 END
START -14396 -8156 26004 12055 5117 -12531 END
START -10512 -4404 23864 13255 570 -17066 END
START -11180 508 26084 12621 -587 -23554 END
START -11704 1804 24336 10091 2746 -24576 END
START -13540 2964 19944 10892 -4799 -22218 END
START -15420 5920 18304 13094 -16130 -18219 END
START -19048 9540 19120 14722 -28181 -14611 END
START -11220 10588 17896 13923 -32768 -13792 END
START -9728 9684 20260 5535 -29044 -15441 END
START -7596 5100 16516 5261 -30830 -10507 END
START -3948 2976 12188 7220 -31421 -608 END
START -3284 3668 11364 9663 -25231 13891 END
START -3384 6776 7888 9508 -23706 19429 END
START 360 10528 14204 6682 -17124 18493 END
START -1676 13056 12632 1586 -15856 13773 END
START 2704 10660 14780 -2187 -13778 10143 END
START 1420 7860 15324 -5751 -8660 4868 END
START 2520 1780 13408 -8282 -2314 2147 END
START 2824 -1348 13108 -6084 2148 4662 END
START 2076 -3792 12168 -4968 7551 6109 END
START 528 -5084 11124 -2568 10923 7356 END
START -668 -6500 11876 697 12004 7885 END
START -2488 -7024 13464 3134 11107 6966 END
START -3356 -7744 14936 4752 13011 8076 END
START -4104 -6064 16696 4480 9187 5549 END
START -4972 -3252 17652 5519 9973 6672 END
START -4632 -2284 18096 1133 9757 3062 END
START -6068 -1688 19352 683 7614 853 END
START -6300 -3052 18616 -1254 6986 -137 END