START -7380 96 19352 2749 2111 -6937 END
START -9680 204 20096 753 125 -8374 END
START -10108 636 18520 1596 -3224 -7090 END
START -8912 68 19700 3289 -4766 -5681 END
START -8708 860 18864 2128 -5442 -5745 END
START -7740 1764 19072 2554 -6066 -4738 END
START -6380 2468 18944 2457 -6050 -5043 END
START -5196 2116 18372 1369 -5129 -6087 END
START -4948 1640 17516 1268 -4079 -6446 END
START -3796 856 16532 2508 -3087 -5792 END
START -3404 736 16224 4355 -2525 -4214 END
START -3076 1116 16576 4634 -1845 -3056 END
START -3160 1264 16132 3571 -213 -2777 END
START -3236 1456 15520 3207 506 -3103 END
START -3752 1956 15552 2871 809 -4022 END
START -3516 1420 15168 3103 1376 -5107 END
START -3992 1448 15768 3315 1505 -6805 END
START -3920 944 15712 4337 1715 -7859 END
START -4636 804 16352 5751 1109 -8254 END
START -6312 1512 17724 5210 -1242 -10199 END
START -5904 1196 18540 4271 -1829 -8020 END
START -6836 2244 19612 3927 -2775 -6824 END
START -7488 4204 21296 5530 -4357 -5337 END
START -6600 5936 22836 7344 -5957 -5468 END
START -6864 7628 25180 6056 -6339 -6045 END
START -8428 6828 24604 2883 -11045 -10719 END
START -7200 4176 22232 2353 -7600 -8736 END
START -7748 2748 21404 4138 -8593 -4943 END
START -7744 4000 20848 7404 -8836 2237 END
START -6664 6216 20228 9122 -9225 7214 END
START -7348 7168 19400 6391 -9190 7610 END
START -8000 6804 16520 4485 -10058 8517 END
START -7572 6980 14548 4628 -11425 9914 END
START -6580 6836 13016 2962 -11585 10381 END
START -5964 5984 11224 1317 -10890 11723 END
START -4352 4764 9012 -564 -11946 12492 END
START -1560 3820 8828 -1350 -10918 14388 END
START -524 3844 9236 -3378 -9259 14869 END
START 1140 3324 9072 -3425 -7748 15649 END
START 2236 2872 9632 -4911 -4926 15996 END
START 2624 2012 9744 -6321 -2274 16327 END
START 2664 1268 9440 -7968 428 16377 END
START 2432 252 10192 -9327 2992 16243 END
START 1956 -96 10064 -10381 5018 15606 END
START 2104 -1120 10664 -12290 8360 14694 END
START 2072 -2188 11028 -14722 11953 13602 END
START 1716 -3472 10864 -15915 14906 13038 END
START 116 -4472 12144 -16963 19455 13719 END
START -1516 -5016 12220 -21206 23877 11218 END
START -316 -6668 12072 -19831 27173 11753 END
START -1164 -7896 12360 -18091 30733 10363 END
START -3588 -9844 11308 -18250 32767 5835 END
START -7300 -11884 12716 -17020 32767 188 END
START -10676 -15172 10884 -10094 32767 -2874 END
START -15816 -13888 10628 7 32243 -6032 END
START -16736 -12508 14200 4660 22287 -10615 END
START -17624 -11628 17816 5061 14665 -17866 END
START -10944 -9636 21364 4553 13433 -29501 END
START -9864 -10132 21032 1315 21208 -32768 END
START -11976 -9132 21084 3199 29965 -32768 END
START -12600 -9856 19504 7629 29326 -32768 END
START -16292 -9940 15300 12765 11443 -32768 END
START -14992 -6704 16864 17804 -8387 -24131 END
START -14872 -3040 20484 19467 -17991 -16856 END
START -14940 484 20856 21263 -20416 -10723 END
START -15860 2480 20952 22132 -24869 -5818 END
START -12212 6220 19812 15285 -23738 -4967 END
START -12912 4668 18056 15051 -26065 1424 END
START -9744 3736 15156 18377 -26145 8831 END
START -7984 4668 12504 20210 -26648 18862 END
START -5616 6156 10292 19313 -26635 28554 END
START -4612 7912 8220 15928 -26372 32767 END
START -1592 7460 10040 6853 -26009 30311 END
START -820 9540 11784 -23 -21492 22406 END
START 1024 7600 12400 -10227 -13281 14026 END
START 1676 4104 13912 -14725 -13640 8940 END
START 1836 1968 13824 -11856 -14185 5481 END
START 2636 -820 17028 -15145 -8730 1243 END
START 3096 -3984 15748 -11468 -3810 2307 END
START 2432 -5980 15228 -7495 1637 5281 END
START 1440 -7304 14408 -5899 4885 4420 END
START -1484 -8492 12316 -1428 4564 5187 END
START -2980 -7348 13252 2486 3356 6131 END
START -4204 -6260 14460 3844 3870 7065 END
START -3712 -3972 16844 15 4591 1418 END
START -5264 -3172 18464 -654 1019 486 END
START -2024 -4512 19260 -969 1431 -1223 END
START -632 -5568 18628 -2251 1866 -3139 END
START -1572 -5864 19464 273 801 -1484 END
START -1252 -6072 19092 2532 1719 1 END
START -1600 -4916 19656 3588 3007 1776 END
START -1988 -3180 20296 5753 3872 4240 END
START -2576 -984 19432 4754 5909 5707 END
START -3008 764 18616 5262 11696 9534 END
START -4144 2560 20764 839 11763 4819 END
START -5136 808 17268 1365 11497 4607 END