START -1676 2816 12624 648 -1783 651 END
START -936 3252 13436 522 -1158 681 END
START -876 3160 13528 46 -365 -580 END
START -228 2956 13436 242 51 -1463 END
START 40 2376 13528 681 728 -1872 END
START -280 1932 14016 957 1563 -2145 END
START -852 1648 14476 1327 1951 -2397 END
START -1028 1824 15544 1901 1804 -2032 END
START -1388 2920 16828 2636 1497 -1882 END
START -1968 4020 16904 3616 875 -1903 END
START -784 4940 17764 3408 566 -2886 END
START -80 6368 19544 3496 -98 -2975 END
START 1140 7336 20188 3531 -833 -2458 END
START 1652 8600 21120 3135 -1251 -2180 END
START 2496 10312 21784 3230 -1689 -1595 END
START 2416 11224 20852 2504 -1700 -1080 END
START 2540 12068 19996 2491 -1908 314 END
START 1780 13148 18924 1788 -1936 1876 END
START 1356 13840 17980 709 -2151 2765 END
START 1312 13584 16636 -781 -2534 3332 END
START 1392 13108 15644 -1747 -2761 4204 END
START 1700 12328 15016 -2677 -2130 4626 END
START 1992 11460 13880 -2524 -871 5809 END
START 1400 10352 12388 -2649 564 7388 END
START 476 9544 10900 -2690 1323 8948 END
START -40 9420 10712 -2749 1606 10488 END
START -176 9436 10512 -3681 2358 10845 END
START -76 8492 9824 -4758 3723 10054 END
START 108 6872 9140 -5481 5022 9404 END
START -440 5612 8228 -5782 6465 9799 END
START 12 4832 7608 -5634 8057 10750 END
START -1332 4264 6888 -6046 10072 10486 END
START -2840 3456 7136 -6588 11891 10025 END
START -3920 1864 6700 -6868 13542 8934 END
START -4764 124 7084 -6809 14468 7823 END
START -5368 -1732 7408 -7055 16028 6565 END
START -6564 -3604 7592 -6954 17497 5180 END
START -7384 -5136 8800 -5642 18361 4152 END
START -9084 -6380 9460 -4519 19346 3002 END
START -10996 -7064 10796 -4312 19656 882 END
START -12272 -8000 12544 -4508 18910 -2366 END
START -12784 -9600 14420 -4476 17486 -5710 END
START -13144 -11264 17108 -2529 15380 -7958 END
START -11564 -12592 20244 -1080 12893 -10345 END
START -11372 -11512 23516 1106 9820 -12878 END
START -12104 -8512 27920 4434 6374 -16072 END
START -7888 -7288 31704 6545 3153 -18211 END
START -6364 -4656 32767 7970 900 -19647 END
START -5908 -1632 32767 10017 -1527 -19107 END
START -6496 2776 32767 11986 -3970 -16949 END
START -8016 7728 32767 14986 -6402 -15125 END
START -8756 14488 32160 13503 -11194 -13521 END
START -8180 18520 29704 10265 -14788 -11363 END
START -6528 20540 27272 5708 -18263 -10495 END
START -4632 20416 24292 1249 -21719 -8953 END
START -1204 19140 20912 -1729 -23904 -7046 END
START 220 17436 17816 -3623 -24953 -5408 END
START 2960 16344 15536 -3401 -25279 -2146 END
START 4764 15548 14044 -4536 -23092 377 END
START 6704 14072 13280 -3120 -20728 2101 END
START 6008 12984 12520 -4544 -15972 3313 END
START 5652 11160 9912 -4027 -10807 5134 END
START 4808 9844 8172 -930 -6076 7068 END
START 4276 9880 7668 -741 -995 9199 END
START 1732 8792 5544 -3105 4820 10224 END
START 332 7996 3188 -3921 8635 13250 END
START -248 7544 1120 -5064 13753 14157 END
START -2316 5824 556 -5543 19118 13118 END
START -4036 1172 -1516 -6067 19907 12400 END
START -11132 -2592 -432 -7178 18055 11313 END
START -14272 -4008 3460 -3208 13082 13245 END