START 872 732 17460 8156 -2245 -15678 END
START 1856 -2316 19212 8251 4700 -14029 END
START -908 -1276 17420 10521 4799 -12616 END
START -588 148 17312 10954 4184 -9812 END
START -3000 2204 17348 10555 3483 -9625 END
START -4368 3596 16648 6755 1716 -10776 END
START -3280 3064 17552 8242 2341 -9040 END
START -4084 4324 17684 7361 2824 -8620 END
START -3288 5056 17008 6464 1417 -9914 END
START -2576 4988 17568 5488 4595 -8908 END
START -3100 4308 17164 3237 4595 -9554 END
START -4676 4416 16584 2766 4516 -6524 END
START -5608 5628 16704 2305 2493 -1031 END
START -7244 5756 15536 47 323 4734 END
START -7972 6376 15032 -378 -2552 8237 END
START -7400 7516 15588 574 -5801 10705 END
START -6792 9064 17032 -622 -5972 10084 END
START -5960 8112 17424 -3483 -5523 8818 END
START -5144 5720 16380 -5305 -5298 9580 END
START -4288 4512 15668 -3686 -5706 13990 END
START -612 4276 16320 -2743 -1060 22336 END
START -2924 7500 14864 -2516 -3911 25649 END
START -3836 8480 16080 -3271 -2821 27156 END
START -3764 7604 15696 -7580 879 27310 END
START -3356 7552 13676 -12673 -4316 22652 END
START -2236 4284 13604 -15691 -5135 20018 END
START -1448 3052 13956 -16416 -5048 18264 END
START -280 2180 14364 -16361 -3281 17121 END
START 616 1476 15184 -16257 -475 16803 END
START 1668 -916 15996 -18039 3967 15796 END
START 2540 -1892 15856 -18216 7917 16208 END
START 2720 -2816 16512 -19481 13795 15822 END
START 1132 -5396 13436 -19608 22911 15863 END
START 180 -5688 12900 -19173 27241 13957 END
START -1952 -6860 11044 -17251 28468 12207 END
START -5584 -7992 10196 -11954 28633 11714 END
START -6088 -8068 11620 -8921 29039 7783 END
START -7868 -7976 11848 -4419 27804 4404 END
START -9436 -8552 10400 3601 24141 2965 END
START -10960 -7060 14508 7852 19492 -2771 END
START -11336 -5372 18020 3241 17463 -15642 END
START -10116 -7472 18072 1745 16997 -26189 END
START -10676 -8936 17172 2609 15602 -32768 END
START -11140 -10492 16648 8216 12690 -32768 END
START -12640 -10640 16692 14543 11653 -32768 END
START -11548 -10724 17236 18769 6760 -32768 END
START -13008 -11964 16864 23441 -3986 -32768 END
START -11008 -8928 16044 32767 -16753 -21050 END
START -9280 2052 18684 32767 -27986 -4791 END
START -6968 5456 20708 31723 -31878 59 END
START -6652 5672 23828 21799 -27370 -1123 END
START -7392 4080 18616 14308 -22745 -2705 END
START -6260 2524 14508 13472 -19982 4927 END
START -4868 4136 13160 16560 -17792 17454 END
START -3776 8060 12736 12395 -16600 23277 END
START -2416 9856 14940 3145 -15147 24464 END
START -2492 11864 13952 -3274 -18085 23284 END
START 148 12024 17552 -9436 -14544 17766 END
START 900 9012 15612 -15792 -10520 11809 END
START 768 6380 16340 -18071 -7554 8099 END
START 472 1860 13840 -18826 -2606 7349 END
START -596 -1816 14188 -17391 352 7734 END
START -968 -5492 10996 -12032 124 10449 END
START -1516 -6508 12356 -4840 -1552 13206 END
START -656 -5564 12656 -221 -3413 14370 END
START -892 -4376 14872 -244 1336 10406 END
START -1624 -2348 16388 338 -1315 8038 END
START -792 -2068 18852 -1599 -197 2489 END
START -32 -3484 18696 -3053 -917 -1201 END
START 1672 -5532 18172 -2222 -417 -2684 END
START 2132 -6696 17960 95 1152 -1748 END
START 1876 -5820 16984 2565 2067 -661 END
START 140 -4520 18092 5449 2357 797 END
START -1044 -2868 18296 6362 2210 1159 END
START -1684 -416 20224 6624 2002 600 END
START -1500 108 22000 7156 4056 1485 END
START -940 2208 21900 4491 5851 -239 END
START 108 1428 18208 2627 9586 -326 END
START -1540 2364 19504 739 11769 -1694 END
START -2240 -820 15860 1046 11370 -869 END