START -3912 432 14632 -3760 -3145 -1135 END
START -3432 -584 15692 -2815 -1875 -2406 END
START -2972 -1940 16332 -878 -1208 -3635 END
START -2676 -2576 17336 171 479 -4974 END
START -2548 -2848 16540 1358 2078 -5622 END
START -3012 -2672 16420 2743 3079 -6266 END
START -3216 -2580 15484 3883 2960 -6820 END
START -3540 -2276 15960 5414 2326 -5527 END
START -4184 -132 16960 6039 1718 -3472 END
START -4948 2676 17532 6200 1074 -2874 END
START -5016 4668 18532 5409 -79 -3590 END
START -4104 6340 19424 4388 -1359 -4488 END
START -3460 8184 20776 3047 -1693 -5878 END
START -2468 8784 21120 2792 -1412 -6474 END
START -2584 9104 20944 2730 -1459 -6181 END
START -3216 9088 19832 3296 -2184 -3897 END
START -3580 9792 19360 3121 -3430 -920 END
START -3376 11444 19848 2216 -4907 1250 END
START -2800 12864 20136 847 -6427 2416 END
START -2516 13444 20504 -858 -7445 2030 END
START -1792 12904 19620 -2457 -7333 1432 END
START -1232 11644 18156 -2636 -6585 2072 END
START -1052 10088 16364 -1914 -5394 4236 END
START -1192 9564 14448 -964 -4194 6758 END
START -1784 8760 12532 -1046 -3410 8726 END
START -1984 8672 11624 -1419 -2879 10607 END
START -2412 8892 11296 -2502 -1542 11746 END
START -2932 8700 10544 -4032 -35 11810 END
START -3052 7752 9280 -5843 1435 11474 END
START -3336 6400 8648 -7111 2798 11126 END
START -3048 4904 7832 -7968 4530 10923 END
START -2864 2840 7372 -8570 6958 11001 END
START -3076 816 7408 -8849 9406 11278 END
START -3408 -904 7252 -8738 11734 11904 END
START -4160 -2228 7536 -8336 14154 12034 END
START -5224 -2976 7996 -8299 16729 10955 END
START -6680 -3952 8276 -7861 19201 8654 END
START -7548 -5532 8372 -6385 20308 5238 END
START -8252 -6964 9860 -4920 19967 1453 END
START -6772 -9508 11552 -5003 21175 -1882 END
START -9120 -11284 13588 -5252 18812 -5915 END
START -9744 -12384 15296 -3198 16538 -7225 END
START -8752 -13136 18428 -125 12306 -8096 END
START -9272 -10912 23404 2474 8883 -9249 END
START -7516 -8444 27812 2281 8050 -13358 END
START -6752 -5112 29852 7517 2350 -13822 END
START -6536 -1708 32767 7141 235 -17256 END
START -3304 -284 32767 9137 -1762 -19689 END
START -4260 3292 32767 10782 -2726 -14111 END
START -9040 9076 32128 12461 -4487 -8980 END
START -12572 14620 28444 12423 -9559 -3993 END
START -14064 19008 25272 7830 -15395 -2054 END
START -10472 19216 22028 3031 -20340 -1965 END
START -6232 17940 20128 -746 -24057 -2761 END
START -1588 15780 18236 -4497 -24245 -3018 END
START 572 13536 16324 -4854 -21479 -899 END
START 3100 10976 14080 -5236 -17580 1255 END
START 2916 8112 12696 -3632 -12560 5003 END
START 2008 7396 11040 -2694 -7330 8703 END
START 452 6796 7716 -2782 -2476 10103 END
START -484 6136 6692 -3512 1087 10249 END
START -1212 4960 6232 -5267 3977 9782 END
START -2480 3020 3996 -6901 7012 9521 END
START -4172 1064 4888 -7339 10077 7506 END
START -6276 -1172 4372 -7190 12368 4879 END
START -4236 -4932 4936 -5477 13387 2919 END
START -8488 -6960 7112 -3158 10087 1651 END