START -1140 3516 15844 2646 3596 -2862 END
START -3476 3912 14300 1751 4972 -2102 END
START -2808 3120 14268 236 3191 -2643 END
START -3156 3084 15320 61 1662 -2528 END
START -2964 3580 16596 320 914 -2701 END
START -2724 4008 18008 1195 969 -3555 END
START -2848 3476 19060 1363 1383 -5479 END
START -2668 2940 19504 2613 2066 -6074 END
START -3172 2840 19564 3074 2192 -6172 END
START -3728 2752 19124 3352 1513 -5695 END
START -3456 3836 19664 4010 -202 -4018 END
START -680 5768 20420 4220 -1426 -2688 END
START -2820 8156 22108 3686 -2438 -3541 END
START -2476 9464 22040 3465 -3300 -4253 END
START -1656 10164 22496 3034 -3778 -4396 END
START -1184 10816 23292 2068 -4379 -3294 END
START -412 11884 22904 1937 -5900 -1135 END
START -1292 13568 23228 1059 -7214 210 END
START -1320 14924 22512 1106 -7904 1331 END
START -1636 15528 20600 853 -8257 2563 END
START -1900 15340 18952 238 -8423 3724 END
START -1340 14484 16840 -260 -8722 5445 END
START -1284 13704 15600 -1223 -8559 7289 END
START -780 12932 13804 -1941 -8165 9468 END
START -636 12784 12940 -2570 -7348 11001 END
START 348 11832 11916 -3392 -5330 11925 END
START -548 11236 10392 -3950 -3460 12489 END
START -1004 10384 8344 -4433 -1266 13644 END
START -1604 9328 6244 -5043 -127 14462 END
START -2124 8076 5392 -6298 951 14150 END
START -1688 6216 5120 -7416 2322 13796 END
START -1860 4416 4652 -7907 4052 13790 END
START -2276 2820 5264 -8683 6036 13596 END
START -2508 1032 4956 -8645 8253 12828 END
START -3104 -1064 5220 -8821 10565 11636 END
START -3840 -2912 4868 -8263 13326 11160 END
START -5788 -4628 5360 -8134 16039 9459 END
START -6316 -6904 5288 -4769 17506 10371 END
START -7716 -7220 6936 -4524 18697 9456 END
START -8932 -7288 8068 -4769 18663 6925 END
START -9428 -7692 10176 -4946 18051 3586 END
START -9604 -8516 11924 -5044 17737 -61 END
START -10136 -9868 14048 -5341 17366 -3848 END
START -10636 -11964 15908 -3872 15787 -6221 END
START -10520 -12736 18224 -1212 13401 -7395 END
START -10040 -12236 21276 2314 12039 -8197 END
START -9128 -10764 25148 4588 10241 -10685 END
START -7328 -8620 27604 5987 7164 -14952 END
START -4820 -6144 30892 7846 4421 -17764 END
START -5392 -3244 32767 10021 1303 -18925 END
START -5100 -1400 32767 9514 -283 -22233 END
START -6300 1404 32688 10166 -1153 -21404 END
START -8040 5832 32548 11418 -6507 -17578 END
START -6284 10564 32767 13628 -10358 -13821 END
START -7120 16864 32767 10183 -14727 -12556 END
START -6544 19964 29352 6458 -17116 -12147 END
START -4472 21076 25108 5419 -19769 -10613 END
START -1400 21556 22744 4932 -20518 -7722 END
START 1020 20744 19580 2857 -19401 -3850 END
START 2736 21256 16036 613 -19536 -527 END
START 3412 19368 13796 -717 -18069 1608 END
START 4004 17804 11604 -2295 -16243 2929 END
START 3788 15588 9984 -3934 -13331 4663 END
START 3412 13292 7760 -4718 -9995 6373 END
START 2824 11416 7144 -4145 -7069 7982 END
START -592 9496 6176 -4948 -2900 9029 END
START -1264 6924 4412 -5531 820 9995 END
START -2360 4132 4384 -5467 3948 10631 END
START -4532 1968 3820 -5276 6916 11159 END
START -6600 -980 3168 -5596 9252 10039 END
START -6988 -4272 2980 -4956 10750 8723 END
START -8100 -5696 4604 -2383 11190 7884 END
START -6660 -8320 8952 -2602 10947 4848 END