START -4924 3672 15684 -3090 5049 -7804 END
START -4000 2264 14900 701 2276 -5826 END
START -2528 3544 16752 2214 1205 -4404 END
START -2724 3268 17012 -83 2215 -3799 END
START -3020 3572 17800 -994 1208 -2581 END
START -3696 4252 17604 -2674 1962 -2643 END
START -4940 4820 16840 -2303 1514 -2486 END
START -4732 4096 16292 -2701 986 -3381 END
START -4856 3600 16092 -2804 519 -3859 END
START -3820 2884 16348 -3367 -931 -4697 END
START -2992 2084 17076 -3282 -782 -3943 END
START -2768 1888 17616 -2239 564 -2425 END
START -2772 1652 17456 -979 693 -1365 END
START -3796 2024 18204 -733 966 -858 END
START -4788 2320 18260 -792 -8 -537 END
START -5032 2984 18616 37 -2116 243 END
START -5348 3712 19308 407 -2841 194 END
START -5152 4156 19412 21 -2801 -304 END
START -5092 4804 19288 1201 -4140 489 END
START -4772 4916 19216 1070 -4964 1160 END
START -4520 4252 18232 617 -5623 2788 END
START -4548 4188 18384 757 -6876 5341 END
START -3940 5240 18776 1132 -8235 7858 END
START -3720 6220 18912 655 -8514 9310 END
START -3960 6376 17900 -14 -7838 8754 END
START -3772 6296 16892 -321 -7870 7616 END
START -3836 5804 15960 -1122 -7842 6475 END
START -2760 5020 15496 -572 -8343 7954 END
START -2404 5100 15988 -785 -7717 10666 END
START -1852 4620 15488 -1534 -6407 13159 END
START -1144 4600 15124 -2000 -4789 14913 END
START -728 4600 14820 -3148 -3113 15207 END
START -600 3880 14520 -4431 -1691 14606 END
START -408 2516 13708 -5768 -492 14046 END
START 112 1336 13620 -7030 1219 13963 END
START 128 464 13472 -7545 3727 13935 END
START 336 324 13768 -7912 6351 14564 END
START 112 -132 14544 -9636 9209 14420 END
START -300 -764 14280 -11330 11911 13603 END
START -1236 -1636 13128 -12170 14111 12745 END
START -640 -2732 14028 -11874 16364 11362 END
START 172 -4104 14968 -13399 21309 9652 END
START -212 -6612 13500 -12764 29302 11299 END
START -1764 -7828 12100 -14206 30356 6780 END
START -4544 -9032 10168 -7918 29397 6158 END
START -6572 -10148 12476 -5158 28593 4613 END
START -8664 -10664 12492 -5279 28885 422 END
START -11508 -10576 12696 411 23817 -2479 END
START -13012 -10236 15124 1061 17706 -8308 END
START -11928 -10708 17140 2288 15973 -12274 END
START -12856 -7452 20236 2361 13298 -17108 END
START -9896 -7068 19128 5343 15102 -17843 END
START -11556 -5292 19276 6013 13079 -22065 END
START -10664 -4160 18808 7093 13947 -27161 END
START -12804 -3780 17100 7366 13344 -31776 END
START -13184 -3220 16688 9402 7555 -32768 END
START -13944 -2656 16620 11688 -2125 -32768 END
START -15108 -600 17052 13803 -15751 -32768 END
START -10180 -560 17872 16067 -25034 -26875 END
START -9724 184 18860 19192 -30796 -18194 END
START -6784 2416 19120 20461 -32768 -11848 END
START -4272 448 18740 22031 -26769 -4292 END
START -2836 592 17512 20463 -22645 1685 END
START -5036 3076 13384 22688 -22452 12291 END
START -3916 6704 13052 22535 -22404 21493 END
START -3416 12388 16036 12603 -17887 19634 END
START -3760 13080 16916 2337 -16422 14250 END
START -1352 11376 17416 -4132 -12199 10322 END
START 208 8300 16420 -10781 -11316 2042 END
START 800 3400 13492 -10079 -9024 -5 END
START 1276 -364 13012 -7018 -5800 1540 END
START 1236 -2576 12228 -2289 -2968 5892 END
START -536 -2768 13172 1408 -2738 10539 END
START -1344 -1436 13992 889 -3440 12698 END
START -2292 120 15104 -106 -4121 12884 END
START -3232 948 16248 -1553 -3511 9627 END
START -1448 344 17072 -2110 -1364 5721 END
START 288 -1540 17980 -3710 -1112 765 END
START 1480 -4160 17692 -2760 1292 -665 END
START 1876 -6004 16980 -1030 2971 -181 END
START 1604 -6872 16312 1746 4651 1386 END
START 652 -6320 16232 4433 5970 2644 END
START -592 -3760 17392 6172 5819 3113 END
START -1696 -1456 18576 7166 5189 4160 END
START -1992 604 20136 5072 5057 2120 END
START -108 724 20556 3843 7070 2490 END
START -1348 816 19792 125 4829 -466 END
START -2392 -1564 17148 -3086 8522 -1557 END
START -2528 -1388 15284 -1417 10493 -265 END
START -4124 -2312 15148 2169 12066 3044 END
START -5008 -880 15848 3090 10199 3847 END