START -2680 308 18128 801 5787 -3426 END
START -6488 1488 16424 966 5324 -2412 END
START -7496 3944 16572 2035 4282 -3751 END
START -7896 4760 17184 1197 2247 -6364 END
START -7580 4228 17644 -288 418 -7904 END
START -5644 3224 17840 -957 -567 -7858 END
START -5408 2628 18744 -255 -857 -6261 END
START -2812 3456 18812 1003 530 -4279 END
START -2620 2680 19396 3732 2828 -2504 END
START -2516 2928 17500 3431 4066 -1346 END
START -3616 3836 16908 2849 4850 110 END
START -4292 4276 16312 1953 5248 1138 END
START -5160 4796 15640 1058 4246 2594 END
START -5988 5724 15856 -251 3093 3255 END
START -6096 6172 16196 -1869 1639 2484 END
START -5492 5844 17340 -4185 566 416 END
START -3952 4320 18808 -5606 386 -986 END
START -3632 2924 19372 -6212 1220 -1836 END
START -3964 1296 19400 -4600 1798 -1740 END
START -7428 1824 20148 -2230 1857 -2342 END
START -5988 1548 20012 661 1048 -1389 END
START -6164 2476 21548 436 -934 -1944 END
START -7664 3256 22832 930 -2912 -875 END
START -7396 4004 22184 1897 -5091 -169 END
START -7472 5352 22904 2064 -7164 -181 END
START -8028 5836 21284 1529 -8419 -485 END
START -8060 5548 19172 2333 -10141 1208 END
START -8032 5156 17624 3738 -11983 4026 END
START -7164 6272 17172 6389 -13955 6677 END
START -5472 7512 17340 7972 -15362 8845 END
START -3668 8352 17304 6868 -15122 9599 END
START -2804 8564 16528 5468 -13671 9455 END
START -2312 7804 15312 3853 -11748 9315 END
START -2168 6200 13312 3401 -9510 10649 END
START -2344 5588 11684 2827 -7701 12630 END
START -1828 5680 10988 2666 -6558 14733 END
START -1140 5920 10828 779 -5252 16005 END
START -744 5828 10912 -2118 -3996 15834 END
START -412 4864 11380 -5760 -2545 13924 END
START -184 3288 10344 -8869 -897 12040 END
START 248 1792 10528 -11154 283 11214 END
START 524 436 10936 -13602 2459 10224 END
START 500 -1200 11456 -15381 4600 9606 END
START 476 -2976 11468 -15812 7418 9101 END
START 496 -4464 12224 -14818 10535 7876 END
START 908 -6016 12464 -13056 13925 6573 END
START 1324 -6668 13560 -11576 16961 5743 END
START 704 -7188 14744 -11926 22298 4174 END
START -1440 -8848 12816 -14078 29165 2650 END
START -3816 -10764 10776 -13327 32767 1160 END
START -6076 -13272 10836 -8216 32767 -1016 END
START -6940 -14232 10908 -2106 32767 -5804 END
START -8304 -15072 14104 3381 32767 -12461 END
START -11288 -13052 15528 4728 32767 -18594 END
START -14276 -10380 18112 2044 32425 -25285 END
START -19848 -10528 15076 6414 27653 -27361 END
START -22784 -9360 16580 14465 11444 -28900 END
START -25464 -5960 16316 17924 -15666 -32554 END
START -19352 -2044 18024 19992 -32768 -31349 END
START -12404 4972 23100 16898 -32768 -30180 END
START -3408 4064 22172 9939 -32768 -30366 END
START 1940 1716 29448 7016 -16295 -27672 END
START -1000 -1936 19400 16658 -13047 -14420 END
START -5396 2372 15792 17361 -8940 2257 END
START -5532 7220 15204 20180 -7230 16532 END
START -6664 10696 13016 17083 -3675 24820 END
START -6516 11720 10780 9130 -4732 26023 END
START -6052 13164 10868 3257 -4747 23966 END
START -4980 12876 10472 -672 -10678 17382 END
START -4044 11996 14412 -2038 -12679 7336 END
START -400 6652 15768 -13050 -9289 -2040 END
START 492 1588 15756 -10318 -6381 -2240 END
START 1408 -1724 15396 -8753 -3520 647 END
START 1608 -3388 15340 -2990 -863 8507 END
START 1112 -2852 16248 -724 1959 13317 END
START -844 -1632 15588 -1483 5210 14676 END
START -2580 -932 14680 -2950 4814 15849 END
START -5528 -1732 13628 -2934 4014 16109 END
START -5948 -1976 13732 -5561 4194 10457 END
START -6212 -1724 15940 -962 146 6830 END
START -5304 -2276 17272 -1715 -782 767 END
START -2352 -4608 17912 -847 -1578 -955 END
START -1392 -4728 18544 -567 -1649 -516 END
START -800 -5524 18388 -175 -816 100 END
START 104 -4592 17828 2131 -1404 2256 END
START -324 -3036 18592 3671 234 3575 END
START -924 -1112 18524 3867 1933 4121 END
START -2044 764 18196 3843 2931 3883 END
START -2576 1496 17648 2783 2951 2673 END
START -2928 2180 17716 954 2761 764 END
START -2712 1772 17868 -217 3440 -1811 END
START -2900 916 18264 389 3524 -3274 END
START -2168 -728 18468 1439 4648 -3465 END
START -2052 -1032 18664 3032 6293 -3840 END
START -2040 -940 19024 5573 8499 -3229 END
START -2192 -708 18188 6476 16652 3260 END
START -2712 3376 17460 5552 17084 2294 END
START -4112 968 16136 2069 19389 1661 END
START -7640 -72 14120 421 18812 1661 END