START -2344 620 19344 3611 1458 -3731 END
START -2796 1756 20508 3866 3291 -4330 END
START -3008 2264 19212 3749 3304 -4390 END
START -3932 2052 20040 1491 3380 -4456 END
START -4764 2092 19964 800 3097 -3411 END
START -5420 2084 19412 564 2781 -2382 END
START -6408 2392 19084 1154 1953 -1857 END
START -6388 2820 18720 1828 848 -2368 END
START -6032 3384 19000 1774 -285 -2815 END
START -5376 3532 19524 1336 -1108 -3238 END
START -4996 3464 20336 118 -1751 -3813 END
START -4716 2796 20988 -880 -2337 -3552 END
START -4636 2084 20856 -1046 -2487 -2764 END
START -4680 1464 20920 -6 -2645 -1797 END
START -4756 1368 20468 1510 -2944 -1077 END
START -5180 1924 20072 2706 -3610 -1215 END
START -4728 3096 20264 3685 -5406 -1446 END
START -4176 3364 21288 3152 -6800 -1495 END
START -5220 3472 21680 1484 -8600 -1378 END
START -5052 3596 19936 665 -9247 -519 END
START -5232 4348 19808 1997 -10436 1691 END
START -4784 5452 19356 2683 -10639 2624 END
START -4296 5996 18372 2978 -10805 3436 END
START -3088 6616 17592 2779 -10909 4182 END
START -2136 6676 16296 2017 -10174 4656 END
START -2364 6796 14112 1738 -9438 6010 END
START -2696 6872 13244 1545 -8910 7785 END
START -2656 7168 12060 1173 -8296 9920 END
START -1928 7056 11956 -609 -8094 10909 END
START -1492 6524 11572 -3150 -7094 11846 END
START -1196 5900 11392 -4968 -6564 12249 END
START -772 5100 11892 -7032 -5445 11821 END
START 100 3640 11384 -8667 -3977 11925 END
START 152 2148 12076 -10518 -1013 12638 END
START -80 484 10552 -12334 1385 13710 END
START 288 -848 10484 -12893 2131 14661 END
START -188 -1476 10948 -13684 4122 14976 END
START -396 -2460 10928 -14827 6785 14361 END
START -264 -3108 11244 -15544 9080 12968 END
START -356 -4560 11620 -16866 12888 12110 END
START -1564 -5724 10956 -17227 15844 11093 END
START -1952 -7216 10792 -16129 17700 10139 END
START -1840 -8904 10656 -14032 20633 9196 END
START -1864 -10088 11036 -12793 25207 7766 END
START -4072 -10784 11308 -11143 28872 5359 END
START -6932 -11880 9536 -10308 30730 2985 END
START -6120 -14908 11480 -9822 31715 2365 END
START -8136 -16008 13076 -9918 31355 99 END
START -7992 -16660 13476 -8216 31134 -2543 END
START -12388 -16020 14668 -1788 26826 -2084 END
START -14720 -14372 16544 4502 21706 -3749 END
START -16084 -12124 18044 7787 12985 -7176 END
START -15876 -9604 20016 7653 5672 -13457 END
START -12708 -9244 20520 6621 1348 -19383 END
START -11704 -7032 22404 5824 -3375 -24486 END
START -11272 -5280 22668 6286 -2326 -26786 END
START -10544 -4900 21388 7778 -7019 -27542 END
START -10420 -4416 20480 10223 -11160 -25387 END
START -10764 -2688 20372 11843 -17140 -22139 END
START -9980 -908 19348 15402 -21281 -15985 END
START -9428 384 19928 17965 -21496 -10482 END
START -6608 948 17688 18387 -22706 -5748 END
START -5964 2632 16672 20230 -23722 -1042 END
START -7524 4648 15916 22053 -23604 3203 END
START -1452 5324 13992 23858 -22244 7402 END
START -2888 6952 12180 24747 -21000 10498 END
START -668 10084 15024 19246 -17039 9886 END
START 1136 10628 14728 6988 -6602 8925 END
START -1996 8424 13728 1834 -5674 8258 END
START 248 6132 13804 -540 -7670 8527 END
START 1692 3912 13408 -7207 -6608 4983 END
START 1228 164 12412 -10070 -4161 3736 END
START 772 -2496 12520 -10537 -994 5240 END
START -100 -4384 11512 -8782 815 6584 END
START -1428 -5088 11828 -5234 1261 6337 END
START -1420 -5744 12672 -2133 932 5891 END
START -928 -6036 14660 -805 1054 4611 END
START -2144 -5748 17852 -11 2508 2688 END
START 2728 -8060 17680 110 5055 2048 END
START -1076 -5972 20016 2668 7763 1369 END
START 676 -6856 18636 2288 12491 365 END
START -780 -5764 18212 3150 18675 1424 END
START -7136 -4444 15076 3008 17690 3299 END
START -7148 -5332 15808 2557 17198 3227 END