START -888 1664 18520 3204 -5900 -7409 END
START -560 2556 19604 3038 -4374 -8308 END
START -1260 1908 17648 2048 -3739 -7767 END
START -2288 3236 18424 3007 -3960 -7161 END
START -2352 3608 17700 2643 -4176 -5902 END
START -1888 4600 18140 3283 -5106 -3960 END
START -1676 5884 18816 2971 -4857 -3067 END
START -2072 5884 18696 2787 -4676 -2416 END
START -2460 6188 18776 2883 -5172 -1577 END
START -2328 6304 18512 2417 -5648 -853 END
START -2344 6952 18896 2315 -6458 231 END
START -2608 7732 18980 1382 -7097 986 END
START -1636 8124 18704 443 -7641 805 END
START -1260 7572 18676 -322 -8254 709 END
START -1084 6448 19040 -360 -8838 1715 END
START -580 5644 18768 -624 -8706 3348 END
START -884 5752 17508 519 -7869 5466 END
START -708 6348 17172 1635 -7870 6815 END
START -380 7052 17104 1470 -7544 7082 END
START 384 6984 16840 1253 -7943 7043 END
START 580 7024 16616 574 -7094 6647 END
START 1000 6280 15840 201 -5802 6927 END
START 132 5908 15128 772 -4722 8569 END
START 316 5140 13976 1053 -3151 10576 END
START 140 5144 13336 1648 -1829 12911 END
START 68 5756 12696 1557 -678 14971 END
START -48 6192 12400 -386 654 15573 END
START -64 6020 11880 -3692 1324 15563 END
START -452 5920 10776 -7578 2024 14572 END
START 308 3896 10164 -10543 1802 14402 END
START 328 2924 11548 -14178 3494 12980 END
START 1064 1620 11252 -16495 6245 12724 END
START 432 -232 11836 -18489 8607 12858 END
START 480 -800 11968 -20882 11719 12294 END
START 940 -2900 12944 -23220 14368 11192 END
START 576 -5172 12820 -23539 18593 12481 END
START -1156 -7068 11604 -24275 22945 12228 END
START -1952 -10232 10908 -24443 26880 8919 END
START -4864 -13164 9448 -18897 27157 7579 END
START -5312 -14768 10544 -12783 27883 2318 END
START -8064 -15996 10056 -4565 25322 -896 END
START -9032 -15320 11696 3196 21339 -3782 END
START -7452 -15164 15956 2408 18661 -9994 END
START -6164 -13576 17988 -913 19483 -14417 END
START -7572 -12448 18160 -4547 20042 -20431 END
START -5596 -13512 19068 -4369 23642 -22959 END
START -5388 -15104 17248 -586 27908 -21298 END
START -8332 -10676 17652 7444 22381 -20606 END
START -7348 -7684 20832 12461 17979 -21016 END
START -8628 -4284 23892 13962 11359 -22485 END
START -8944 -2020 24572 13534 6225 -22517 END
START -7972 -1008 27724 9690 1967 -25560 END
START -9396 444 26200 10246 -2938 -23849 END
START -11556 1024 22560 9937 -6882 -19630 END
START -10036 2040 18892 14608 -13255 -11128 END
START -10656 3292 19772 14694 -18880 -5133 END
START -9540 3448 18324 16152 -23659 534 END
START -7536 1860 15364 17750 -26623 6231 END
START -4008 448 13244 23844 -29716 15594 END
START -2644 2824 12192 25151 -32768 22515 END
START 1680 4400 12324 27922 -28771 26178 END
START -840 8548 15936 18481 -21067 24748 END
START -2052 12072 17456 12556 -14429 20270 END
START -3604 11432 15484 -6098 -3969 11087 END
START -4252 6340 12460 -13433 -4362 5229 END
START -3112 2728 11744 -11041 -7073 5018 END
START -552 -428 11688 -13471 -3542 4863 END
START -252 -3164 9448 -11754 -1127 7553 END
START 80 -4728 9600 -8221 673 10003 END
START 168 -5548 10260 -5893 1722 10472 END
START 180 -6128 11436 -2725 1817 11390 END
START 448 -5832 13664 -517 1608 11288 END
START -804 -4644 17024 -351 6076 11473 END
START -460 -4056 17464 -2639 5043 7560 END
START -172 -4716 17028 -2463 5201 5480 END
START 136 -4884 17912 -4511 5271 1924 END
START -1252 -6256 16620 -5771 5903 -249 END
START -1304 -7844 15812 -3242 3891 1100 END
START -1464 -7448 16156 -215 2608 2703 END
START -1620 -5396 17652 3660 1178 4802 END
START -2008 -3076 19664 4795 1273 4348 END
START -2712 -792 20780 3100 2016 1791 END
START -2804 -296 20288 1840 2311 -592 END
START -2400 -948 19828 1313 2566 -2865 END
START -1800 -2136 19748 2843 3214 -3434 END
START -1548 -2112 20160 4877 4838 -2531 END
START -2616 -1892 19596 6532 6799 -78 END
START -3980 524 16556 8225 11774 4543 END
START -3036 1976 17608 7048 11836 3575 END
START -3620 2336 17404 5075 12400 2188 END