START -1976 -1348 18420 -1067 727 -4703 END
START -1832 -644 19132 -226 2247 -3192 END
START -2396 -308 18884 522 2763 -1260 END
START -5840 -44 20268 -1594 3498 -1310 END
START -4372 1084 17572 680 3448 845 END
START -6136 1260 17452 892 2894 2105 END
START -6956 1820 16572 176 2466 2251 END
START -7048 2408 17180 1185 683 3477 END
START -6396 2920 18064 1138 -418 3747 END
START -5280 3128 18808 474 -873 3410 END
START -4464 3120 18732 35 -864 3172 END
START -4092 2944 18500 -321 -411 3061 END
START -3896 2928 18196 -356 27 3377 END
START -4092 2436 17644 -358 460 3800 END
START -4120 2504 17332 442 314 4792 END
START -4284 3112 17816 984 -354 5226 END
START -4388 3216 18400 8 -724 3996 END
START -4284 2604 18644 -694 -1309 2553 END
START -4084 1352 19520 -1493 -1705 763 END
START -3932 80 19788 -1775 -2077 -824 END
START -3560 -896 19880 -1302 -2245 -2085 END
START -3208 -1360 19340 -196 -2560 -2594 END
START -3100 -1664 19004 328 -3209 -2153 END
START -3236 -1640 18632 717 -4682 -294 END
START -3260 -176 18700 2051 -6107 2345 END
START -4064 1988 19436 4173 -7657 3785 END
START -4240 4200 20264 4424 -8319 3157 END
START -4244 5104 20180 2623 -8459 1548 END
START -3872 4708 19348 604 -8333 -162 END
START -3004 3616 18128 1001 -9051 -531 END
START -1800 2968 18072 1805 -8844 -176 END
START -1188 2796 16632 2972 -7878 1309 END
START -796 2636 15408 4269 -6692 3955 END
START -1228 2788 14108 4092 -5673 6591 END
START -2832 4044 13184 4033 -5254 9168 END
START -3424 5192 12748 3796 -4652 11270 END
START -3836 5920 12296 1906 -3689 11611 END
START -4156 5652 11352 -655 -2466 10825 END
START -3940 4916 10764 -2460 -1612 10308 END
START -3636 3364 9988 -5069 -55 9966 END
START -3240 1844 9076 -6197 1592 10229 END
START -2072 360 8996 -6877 3387 10775 END
START -1456 -816 10000 -7094 5887 11419 END
START -912 -1928 11892 -7409 8609 11997 END
START -48 -3660 13452 -9686 12188 12158 END
START -796 -4684 14696 -13399 16551 11455 END
START -860 -6776 14808 -15972 22309 9891 END
START -4184 -9040 13676 -14535 28864 6015 END
START -5856 -10456 11876 -11644 32767 -1024 END
START -6572 -14732 12012 -3771 32767 -7035 END
START -8764 -16004 15168 -2053 32767 -13231 END
START -14396 -14720 15500 -258 32767 -18331 END
START -15008 -15684 18224 -101 24951 -19511 END
START -16092 -13748 19280 3428 10336 -18079 END
START -16192 -6488 20800 9440 -9961 -12851 END
START -14428 -316 23340 9759 -29401 -13382 END
START -7008 2648 22596 5456 -32768 -15078 END
START -1584 10156 32767 6716 -20981 -20296 END
START -4580 6916 27220 2786 -18582 -25574 END
START -7720 4504 21352 -1349 -18732 -23699 END
START -6144 3620 18512 5372 -18893 -8107 END
START -4624 5360 15128 14526 -17759 8694 END
START -3732 8552 14220 19532 -13083 22232 END
START -5276 13760 13556 11502 -11169 21689 END
START -4696 14184 14764 2866 -9812 14609 END
START -2256 11256 14820 -2839 -11527 10824 END
START -1352 8404 17872 -9635 -11379 4341 END
START 876 2652 13632 -12816 -5440 2791 END
START 1720 -1680 16924 -7079 334 5246 END
START 1352 -5116 14088 -6871 8181 11568 END
START -2016 -5136 12504 -5110 16731 14394 END
START -5992 -5852 10452 -7202 21596 13913 END