START 2136 1500 15104 -1036 9171 -3604 END
START -764 2244 17576 415 8125 -1111 END
START -2300 2816 18252 -576 8147 -2173 END
START -2872 2624 18700 -944 7718 -2197 END
START -2652 2664 19220 -477 7316 -2127 END
START -2784 2776 20312 -787 6882 -2884 END
START -1240 1716 20272 -727 6603 -3632 END
START -3140 1064 22360 -42 6590 -2957 END
START -3896 688 21524 66 6918 -3121 END
START -5260 1112 21088 1151 6565 -1926 END
START -6216 1724 21252 1684 4972 -1499 END
START -6216 2516 21596 1433 2895 -1725 END
START -5696 2820 22456 748 916 -2347 END
START -4944 2532 23388 28 -287 -3211 END
START -4724 1908 22796 109 -716 -3279 END
START -4812 1504 22156 1786 -1402 -2660 END
START -4892 1700 21704 3602 -1691 -1733 END
START -4932 3016 21072 4513 -2175 -236 END
START -4468 4396 21476 4517 -3799 849 END
START -3700 5920 21420 3374 -5315 1100 END
START -3632 6356 20408 2651 -6199 1356 END
START -4176 6164 18776 3499 -7023 2322 END
START -4420 6616 17468 4891 -7340 3290 END
START -4124 7272 16332 6147 -7422 3681 END
START -2888 7248 15728 5585 -7271 4567 END
START -1848 7256 15060 3643 -6070 4875 END
START -1340 5792 12904 1952 -4726 5461 END
START -1408 4676 11512 1217 -2743 6429 END
START -1556 3820 10044 1337 -1093 8015 END
START -1068 3156 9304 1113 905 9643 END
START -1256 2888 8552 745 3279 10690 END
START -576 2256 7948 773 5630 11600 END
START -60 1916 8296 854 8574 11735 END
START 176 1952 9456 -45 11717 12428 END
START -264 2120 10984 -2349 15102 12876 END
START -1136 2500 12504 -5795 23281 13866 END
START -2612 1656 13208 -10960 23163 10645 END
START -3348 -316 13652 -14817 25562 9250 END
START -4924 -3016 13076 -14844 26881 6712 END
START -10084 -6180 13908 -8732 27100 260 END
START -12276 -9144 16056 -2927 23395 -8506 END
START -14376 -10228 18188 -475 16577 -16684 END
START -13000 -10068 22940 -431 9741 -20301 END
START -11544 -10768 24196 -2398 7968 -21653 END
START -11772 -7236 24916 -2114 -803 -24248 END
START -11808 -4408 23136 1219 -7051 -21492 END
START -11212 -508 24736 2086 -11480 -22048 END
START -7604 1716 23548 4744 -10556 -22730 END
START -4520 448 22488 4673 -11763 -25225 END
START -4976 1940 23396 4234 -16087 -23461 END
START -6384 2092 22604 6002 -15889 -16387 END
START -8292 3928 20352 9803 -14628 -6128 END
START -6628 4720 18636 12464 -12522 4092 END
START -8972 9556 14880 10708 -13160 8437 END
START -6260 9004 13448 4809 -16436 6812 END
START -4336 9812 10940 1424 -16966 8107 END
START -512 8468 12112 -2789 -16615 8639 END
START 1136 6204 11296 -6788 -14271 6232 END
START 1508 2884 10140 -8140 -11051 5742 END
START 744 1876 9824 -5919 -7504 6905 END
START 512 1508 10912 -4862 -5871 7430 END
START -720 40 12980 -4442 -3070 5985 END
START -1520 -1428 13708 -3478 -1619 4446 END
START -1744 -2468 14108 -2363 -344 4010 END
START -1444 -3552 15000 -2350 1693 3617 END
START -1228 -4072 15684 -2464 2415 4335 END
START -1596 -3800 16484 -2710 2272 5806 END
START -3264 -3120 16568 -3594 2238 6569 END
START -5112 -2432 16708 -3640 2478 3994 END
START -4996 -2156 16752 -786 906 1415 END
START -2784 -2244 18144 914 114 -626 END
START -756 -2332 20028 1517 738 -2379 END
START 260 -1900 20960 3855 1768 -1555 END
START -700 -2332 20624 3234 3651 -1059 END
START -2328 -1468 19168 3928 6471 -1 END
START -3028 -236 17040 7936 11287 5539 END
START -2548 4124 18908 7815 9044 3325 END
START -3104 1636 16688 1109 9699 -634 END