START -328 -1008 16260 -3469 7348 5257 END
START -824 -1928 16444 -2452 8033 5365 END
START -1412 -2396 15696 -1303 8489 5414 END
START -3384 -2128 15620 -346 7906 4229 END
START -3248 -1924 17968 -948 5456 1283 END
START -3636 -1932 19320 -1312 3892 -470 END
START -3604 -2276 19964 -2269 3485 -2319 END
START -3948 -3232 19396 -2588 2709 -3271 END
START -4216 -3412 19296 -1612 1935 -2935 END
START -4236 -3136 19208 319 1473 -2114 END
START -4104 -2144 18980 1824 907 -1570 END
START -3852 -1152 19364 2445 649 -1752 END
START -3964 -524 19140 2501 607 -2270 END
START -3680 -304 18920 2485 470 -2837 END
START -3608 4 18732 2261 320 -3393 END
START -3412 -104 18680 1860 342 -3896 END
START -3468 -316 18456 1405 368 -4402 END
START -3652 -980 17404 1014 265 -4756 END
START -3760 -840 17248 990 -570 -4317 END
START -3612 -332 16952 972 -1101 -4123 END
START -3412 -8 17336 1171 -1900 -4893 END
START -3388 -12 18296 1357 -2551 -6795 END
START -2952 -852 18788 1864 -3135 -9270 END
START -2416 -1368 19772 2797 -3717 -11322 END
START -2028 -1552 20616 3143 -3680 -12820 END
START -1968 -2048 20264 4239 -3728 -13065 END
START -2100 -1260 20020 6158 -4402 -12215 END
START -2452 380 20428 7650 -5664 -11076 END
START -1792 2256 21448 9479 -7473 -10468 END
START -3596 3940 23220 9601 -12615 -11965 END
START -1056 4444 23072 8683 -8725 -10022 END
START -1692 5632 22016 8443 -10867 -8565 END
START -2720 6792 20820 7736 -9187 -5620 END
START -2632 8196 19460 8243 -9675 -2537 END
START -2700 9472 18968 7779 -10419 205 END
START -3308 10436 17900 5496 -10023 1670 END
START -3404 10560 15844 4096 -9755 3687 END
START -3836 10436 14440 2935 -9505 5224 END
START -3656 9472 13080 1613 -8670 6525 END
START -3444 8696 11224 1222 -7799 8646 END
START -3316 8608 10328 258 -7432 10701 END
START -2228 8208 9540 -633 -6432 12206 END
START -1172 7320 9044 -2303 -5140 13198 END
START -456 6148 8788 -4320 -3674 13413 END
START -4 4756 8528 -5905 -2166 13682 END
START 532 3168 8516 -6967 -719 13930 END
START 1040 2248 8492 -8452 1590 13069 END
START 1360 688 8704 -9451 3778 13138 END
START 1728 -548 8724 -10591 6163 13213 END
START 1960 -1668 8676 -11576 9088 12599 END
START 2068 -2380 9136 -12088 11997 11544 END
START 2168 -3060 9648 -13089 15398 9746 END
START 1856 -3216 9320 -14141 17468 6839 END
START 4300 -6072 10900 -15650 22839 6620 END
START 3104 -7336 10836 -14167 28363 7842 END
START -968 -8992 9744 -17158 32767 6242 END
START -688 -12504 10220 -16288 32767 4149 END
START -5072 -13828 10256 -9889 32767 1897 END
START -6316 -15684 12564 -28 29040 -571 END
START -7460 -14312 16968 5763 22696 -5541 END
START -8188 -10880 22780 6587 20490 -11390 END
START -8476 -10272 26840 3962 21137 -19871 END
START -8084 -11604 26600 1127 17585 -26371 END
START -12848 -9428 26840 1184 11152 -31446 END
START -12184 -10712 25676 5119 4248 -32609 END
START -13312 -6212 26420 9631 -6681 -27716 END
START -14040 -1640 26944 12026 -18162 -23357 END
START -12844 976 28004 11281 -20113 -20351 END
START -11904 1216 26480 11660 -21783 -16727 END
START -10016 -796 21188 12107 -20657 -10751 END
START -9996 516 15716 18210 -23626 1792 END
START -7136 5480 14276 23428 -26438 12423 END
START -4680 11264 16768 17942 -22236 14304 END
START -3476 13024 17440 9082 -19987 10457 END
START -2072 13492 17936 4036 -17201 4533 END
START 220 8616 15508 -4047 -12849 686 END
START 1424 4992 13400 -3870 -9384 3302 END
START 1712 2052 11648 -2743 -5479 7951 END
START 2508 232 11092 -2102 -856 12259 END
START 664 568 10560 -7 2062 17125 END
START 1232 772 10544 421 1547 16858 END
START 720 388 10824 -97 2677 15904 END
START 316 380 11764 -2045 6257 13647 END
START -1192 -616 10328 -1771 6018 11509 END
START -960 -980 12120 -1071 4832 8532 END
START -920 -1792 13320 -1987 5072 4006 END
START -684 -3640 13564 -2041 4189 1297 END
START -256 -5288 15036 -1682 3118 1009 END
START 196 -6144 15724 -1845 2529 846 END
START 696 -6144 16712 -114 2285 1631 END
START 936 -5236 18856 2195 2046 2888 END
START 1608 -3292 20684 1915 2813 2472 END
START 868 -2872 20840 2003 5317 2053 END
START 328 60 21400 189 7780 1596 END
START -1656 -764 20340 881 9913 88 END
START -4088 -2044 19140 1763 13214 699 END
START -5356 -1832 15808 2222 10584 -1295 END