START 1308 -436 13676 -1434 -7129 -1966 END
START 788 280 15508 -1212 -5847 -1484 END
START 348 628 15360 -879 -5097 -1360 END
START 616 644 14528 -26 -4757 -484 END
START 916 952 14596 119 -4630 64 END
START 1220 1416 14308 -197 -4340 -195 END
START 1776 1372 14584 9 -4140 -551 END
START 2472 1280 14664 -163 -3517 -933 END
START 2700 1136 14436 -250 -2580 -1401 END
START 2768 888 13952 58 -1692 -1502 END
START 2516 916 13416 102 -883 -1924 END
START 2364 636 12868 105 -557 -2016 END
START 2040 588 12724 298 -325 -1411 END
START 1944 844 12536 73 59 -1132 END
START 2076 816 12560 141 433 -1116 END
START 2256 824 12328 178 1070 -1255 END
START 2584 1132 12128 323 1862 -1443 END
START 2548 1332 12060 398 2888 -1711 END
START 2552 1456 11348 620 3985 -1887 END
START 2496 1560 11096 866 5209 -1612 END
START 1964 1736 10212 865 6596 -1358 END
START 1200 2048 9580 1066 7643 -786 END
START 612 2476 8876 864 8446 -56 END
START 88 3064 8888 548 9271 656 END
START -208 3356 8544 -70 10208 921 END
START 8 3416 8500 -703 11041 1082 END
START 104 3408 8524 -1300 11899 1363 END
START 672 3572 9188 -2015 13222 1453 END
START -236 3888 9896 -2988 14808 425 END
START 792 2400 9444 -1107 17059 2334 END
START -252 2640 10660 -2395 19373 2165 END
START -1452 2352 11608 -2784 20426 1340 END
START -2056 1528 12436 -3174 21030 889 END
START -2808 1160 14544 -3020 21369 1437 END
START -3840 800 15108 -2732 21771 1367 END
START -3828 1176 17228 -1921 21165 2167 END
START -2800 952 19264 -1565 20521 3327 END
START -6996 3272 22852 -2593 19088 3122 END
START -7312 3956 25612 -4380 19116 2033 END
START -8900 2236 27060 -4776 16217 1187 END
START -9420 1044 28760 -5185 13707 180 END
START -10116 540 30964 -4157 10484 59 END
START -10460 140 32208 -2445 7694 1056 END
START -10984 1116 32767 -1022 5647 2549 END
START -11632 1672 32767 373 2900 4209 END
START -11384 2160 32556 -361 829 3875 END
START -11452 1412 31988 -1327 -1996 3561 END
START -10696 420 30600 -1882 -5047 2836 END
START -9216 -696 29412 -2412 -7580 1913 END
START -7964 -2032 27744 -1752 -9323 1759 END
START -6768 -2256 26676 -1415 -10738 1170 END
START -6048 -2788 24984 -690 -11432 1055 END
START -5756 -2664 23060 140 -12124 1150 END
START -5500 -2784 21020 839 -12701 537 END
START -5228 -2916 20016 750 -13544 -414 END
START -4944 -3416 18736 221 -14183 -1400 END
START -4840 -4328 17668 178 -14779 -2355 END
START -4544 -4700 15864 1134 -14948 -3062 END
START -4356 -4748 15396 2917 -15097 -3421 END
START -4168 -4560 13940 3907 -14548 -4109 END
START -5336 -3580 13028 5274 -14135 -4760 END
START -3940 -4108 11912 5802 -13470 -5969 END
START -4268 -3900 11388 6733 -12541 -6757 END
START -3752 -3644 10236 7530 -10993 -7682 END
START -3428 -3136 9076 7713 -9835 -8344 END
START -3020 -2068 7976 8631 -8618 -8145 END
START -2332 -1032 7348 8858 -7199 -8448 END
START -1756 4 6544 8653 -5624 -8851 END
START -844 776 6580 8594 -4132 -9045 END
START -324 1176 6480 7682 -2701 -9108 END
START 156 1456 6216 6782 -1152 -8878 END
START 652 1956 6308 6328 467 -8337 END
START 1064 2768 6240 6243 1630 -7800 END
START 852 3992 6712 5924 4013 -7042 END
START 424 5476 7040 5246 5619 -6649 END
START 704 6764 7148 4390 6809 -6303 END
START 712 7920 7964 3153 8082 -6306 END
START 988 8748 8980 2527 9224 -5973 END
START 648 9600 9712 1676 10582 -5133 END
START 464 9788 10768 687 11653 -3649 END
START -768 11532 11408 -413 11929 -1796 END
START -448 12072 14568 -446 11846 696 END
START -212 12812 15524 -2341 13567 1249 END
START -96 12352 17360 -252 13516 3700 END
START -624 13412 18704 -1891 13801 3319 END
START -208 13376 21212 -224 13286 5187 END
START -6244 14184 25112 -1369 13561 5444 END
START -4740 12840 24336 -4056 12212 7038 END
START -6216 12168 26756 -6069 9475 7545 END
START -7164 10116 28464 -7678 5129 7064 END
START -8024 7656 29272 -8603 1427 6917 END
START -8096 5360 29712 -7985 -1598 7134 END
START -7280 2500 28936 -6008 -4145 7325 END
START -6092 1028 28144 -4616 -5453 7296 END
START -5504 -24 26684 -2683 -6151 8407 END
START -5416 -348 24368 -1471 -6439 8948 END
START -4772 -744 22428 -1085 -6460 8147 END
START -4232 -1204 20508 -794 -5942 6904 END
START -4108 -2288 18652 -57 -5427 6529 END
START -4696 -2892 16092 -738 -3757 4947 END
START -4000 -3488 13300 -12 -3765 3760 END
START -3776 -3712 11620 1277 -3266 3772 END
START -3140 -3136 10900 2208 -1660 3123 END
START -3076 -2380 9720 2011 335 932 END
START -2672 -2436 7468 933 2952 -1169 END
START -3152 -2440 7724 1085 4165 -1668 END
START -4092 -2896 7960 877 2917 -1069 END