START 1664 4668 16060 1258 -3967 -1388 END
START 1116 4720 16672 687 -3187 -2167 END
START 1432 4328 16024 492 -2315 -2473 END
START 1856 3932 15448 508 -1603 -2428 END
START 2152 3552 14860 928 -762 -1695 END
START 1912 3716 14372 1299 216 -781 END
START 1852 4072 13576 1628 802 -286 END
START 1776 4332 13164 1049 1535 -549 END
START 1808 4128 12904 166 2483 -1121 END
START 1964 4112 12588 -217 3282 -1421 END
START 1876 3864 12716 -654 4468 -1437 END
START 1576 3708 12280 -1310 6083 -1510 END
START 1028 3232 11508 -1708 7320 -1223 END
START 1800 3256 10940 -1792 8901 -531 END
START 84 3000 10692 -1863 9494 -400 END
START 104 2620 10372 -1990 10914 -110 END
START -192 2580 9792 -2492 13005 139 END
START -780 2624 8960 -2566 15834 606 END
START -456 2044 8188 -2540 17664 1266 END
START -548 3216 8052 -2854 18892 1878 END
START -676 3320 8704 -1509 21140 2598 END
START -1088 3276 9704 -1228 23343 3358 END
START -2828 3800 9832 -2314 25452 1961 END
START -3104 2780 9524 -3350 26278 44 END
START -5116 2484 10708 -5413 28612 -1331 END
START -3912 132 10524 -8322 29154 -877 END
START -6060 -292 12600 -8351 28541 896 END
START -8452 -600 13636 -7345 27112 2614 END
START -10120 -484 16004 -4112 23357 4902 END
START -10824 1340 19164 -2286 20074 4457 END
START -9976 1776 21944 -4671 17090 779 END
START -11860 1616 24700 -5721 17357 -1412 END
START -10844 -544 26184 -7187 16899 -3869 END
START -13828 -1820 25728 -7326 13423 -3846 END
START -14092 -2756 25176 -4819 9456 -443 END
START -14800 -1684 26372 -1429 5965 3234 END
START -15228 304 27436 1340 3127 5012 END
START -15400 2084 27596 1541 488 3735 END
START -15836 2572 27492 -97 -1708 887 END
START -15928 1780 26928 -1575 -3775 -1267 END
START -15548 236 25072 -2070 -6000 -1814 END
START -14616 -996 23520 -1284 -8550 -599 END
START -13844 -1592 22164 142 -10867 1489 END
START -13056 -1428 20704 1645 -13051 3290 END
START -11964 -1260 19604 3030 -15337 4090 END
START -12480 -1044 19468 4412 -17579 4824 END
START -10420 256 19644 3072 -18648 2028 END
START -8220 -1372 19128 1364 -16866 -75 END
START -8772 -2220 17524 371 -18643 -2348 END
START -6960 -3892 15944 2424 -17725 136 END
START -6084 -3736 15820 4098 -19432 -606 END
START -5880 -2808 15044 4680 -19550 -2316 END
START -5404 -2184 12544 6242 -20358 -4034 END
START -3936 -3100 12432 7455 -20097 -5919 END
START -2580 -2384 11596 8805 -18943 -7549 END
START -804 -2144 11772 10003 -17074 -8417 END
START 144 -1656 10752 10296 -14691 -8958 END
START 328 -1256 10452 10323 -11301 -10111 END
START 224 -500 9132 11231 -7766 -10532 END
START 60 524 8716 12139 -4827 -10595 END
START -296 1388 7588 12597 -2643 -10638 END
START 88 2204 6628 12285 -878 -10346 END
START -544 3188 6468 11454 1109 -9712 END
START -572 4056 6300 9930 2890 -9133 END
START -244 4692 5956 8149 3739 -8447 END
START -316 5276 6488 6407 4713 -8418 END
START 96 6100 6436 3644 4966 -8528 END
START -852 6568 8224 2922 7968 -7405 END
START -1164 8184 7248 1663 9566 -6062 END
START -1336 8804 8136 1617 11134 -5318 END
START -2044 9988 8960 15 11623 -5942 END
START -2228 10280 9884 -1782 13128 -4653 END
START -3204 10260 11228 -3946 13937 -2273 END
START -2616 10052 12680 -4444 13409 1012 END
START -6532 11052 14104 -6045 14921 3767 END
START -4400 11812 19348 -951 15041 10622 END
START -6116 14200 20040 -2010 15397 9971 END
START -6300 14500 22548 -4163 11561 7660 END
START -9120 13204 27208 -5857 11244 8634 END
START -9196 11028 30852 -7189 8335 8211 END
START -11432 8152 30856 -7122 6925 10163 END
START -13636 6336 30212 -4819 3497 11548 END
START -15164 5184 28208 -3340 -590 11589 END
START -15136 4700 26792 -2201 -5515 10434 END
START -13548 3496 25196 -4088 -9269 7088 END
START -11084 1324 22060 -5548 -11336 4577 END
START -8836 -624 19388 -4988 -13249 3783 END
START -3796 -3616 18880 -4477 -8508 6074 END
START -7384 -1576 14104 -2870 -11455 5524 END
START -1892 -3608 13536 -811 -10307 6242 END
START -1960 -2072 12932 -28 -8683 5840 END
START -1664 -1848 11200 225 -5882 5481 END
START -1136 -1552 9376 339 -4512 4059 END
START -1128 -912 8544 368 -2551 2555 END
START -108 -1128 7884 96 -793 898 END
START 124 -1056 7764 326 1024 417 END
START 12 -704 8252 761 2697 -228 END
START 76 -536 8428 351 4187 -925 END
START 404 172 8240 880 6118 -611 END
START -1240 484 9248 2435 7300 -76 END
START -2368 1852 12052 3105 8482 -34 END