START 1872 2756 13960 645 8639 -3338 END
START 208 2444 13536 1165 6298 -776 END
START -700 3312 14348 147 5029 -849 END
START -1052 2956 13996 -751 4613 1406 END
START 432 3692 14884 -2009 4847 1879 END
START 376 3460 14088 -2191 6692 2435 END
START -536 4044 14444 -1209 6324 3926 END
START -272 4500 14620 -947 7286 3065 END
START 124 3784 13548 -1520 8674 958 END
START 1204 3104 13832 952 8618 110 END
START 1908 2796 15188 2491 9944 -583 END
START 2600 2044 15836 2456 12152 -1336 END
START 1804 1860 15872 2646 15294 -2193 END
START 2052 1568 14372 3541 16585 -3449 END
START 772 676 13408 1761 21231 -2484 END
START -1900 1260 12672 1906 22225 -1555 END
START -640 2604 13120 717 23528 34 END
START -444 3296 13796 -1795 26497 310 END
START -1468 3596 13152 -4897 26983 1221 END
START -1648 3512 15592 -6776 29775 2770 END
START -2572 4988 14760 -10494 32767 1491 END
START -2500 2880 15512 -16173 32767 -1000 END
START -5600 940 13504 -20131 32767 -2939 END
START -6424 -672 11332 -21936 32767 -2430 END
START -8820 -1736 12220 -18796 32767 2960 END
START -13156 -264 13564 -17850 32767 3762 END
START -15460 -2120 12988 -16404 32767 4531 END
START -16560 -2956 12512 -14382 29207 4097 END
START -19308 -3680 13020 -11892 21530 3619 END
START -19896 -4000 12624 -8514 11700 5088 END
START -19900 -3840 14376 -4677 5616 5643 END
START -19620 -3708 15812 -1959 2990 4109 END
START -18236 -3924 15672 -1880 1757 1620 END
START -18460 -3420 15796 -1133 485 -159 END
START -17696 -3276 15532 -445 -428 -1756 END
START -16640 -3388 14952 115 -963 -2597 END
START -16524 -2960 14936 980 -1984 -2464 END
START -16292 -3068 14628 1221 -3716 -1773 END
START -15940 -3100 14172 1139 -6844 -911 END
START -15284 -3460 14272 1414 -9502 83 END
START -15156 -3484 14328 2206 -10864 819 END
START -15420 -2944 14008 3018 -11900 1281 END
START -16312 -1980 13584 3143 -14938 1681 END
START -15544 -3424 11780 4208 -18836 859 END
START -9392 -3812 9724 6410 -24875 2046 END
START -13828 -1032 12148 8889 -28183 2086 END
START -11436 -440 11468 10101 -32391 813 END
START -9836 -1080 11336 9710 -32768 -2449 END
START -9464 -1372 11820 9007 -32768 -6059 END
START -7172 -2432 10480 8007 -32768 -10344 END
START -6664 -2564 8716 10049 -32768 -10998 END
START -4280 -1636 8784 14511 -32768 -9726 END
START -2136 -1112 9616 16938 -32768 -8595 END
START -588 -1108 12036 18153 -32768 -9215 END
START -376 1104 13220 17190 -26653 -12369 END
START 916 2092 12936 15517 -19231 -15764 END
START 2140 3208 15660 14136 -16932 -16541 END
START 3648 4144 15472 12648 -14611 -18475 END
START 3732 4076 17380 14359 -9832 -19809 END
START 5612 4104 18172 15202 -3767 -20222 END
START 6928 6028 18560 16731 3028 -18339 END
START 5408 6072 16708 15333 9942 -17343 END
START 4392 6680 13852 12332 12584 -15280 END
START 1976 8756 12836 7498 16479 -14953 END
START -988 8832 10072 833 19537 -14782 END
START -1332 10244 10668 -3390 19041 -15158 END
START -1676 10896 14692 -15533 29563 -20190 END
START -2280 9192 11924 -19691 32767 -19553 END
START -4036 7000 12924 -26576 32767 -16956 END
START -5248 3628 12652 -26522 32767 -8417 END
START -5952 1712 12536 -25576 29157 4953 END
START -11300 1356 14584 -22510 21383 16568 END
START -12584 756 15600 -17317 18978 28726 END
START -14040 972 16200 -10353 17965 32767 END
START -18364 1896 15240 -5310 10683 32767 END
START -20492 -508 15804 2265 6940 32767 END
START -24368 4364 11700 6306 -9560 32767 END
START -19220 3344 12580 10425 -18654 32767 END
START -20868 9764 19904 6884 -26503 24906 END
START -13912 7660 16132 1695 -32768 9025 END
START -9232 4064 14304 -4953 -32768 -2304 END
START -5360 1920 16508 -8042 -32768 -10091 END
START -1212 364 16356 -9434 -32768 -14066 END
START 2324 -404 14088 -10153 -28505 -13247 END
START 4404 -1104 14912 -6321 -22715 -8610 END
START 8340 -1620 17380 -986 -13575 -4583 END
START 7256 -112 19312 365 -5803 -404 END
START 5536 1696 18728 1018 3530 1803 END
START 4916 1384 17368 -211 11610 2116 END
START 1672 928 14476 -856 14712 263 END