 2316 -2288 14560 -1004 4367 -409 END
START 2136 -2400 14640 -518 4827 -264 END
START 1740 -1780 14108 611 5245 537 END
START 1460 -768 13848 1536 6050 1109 END
START 1232 724 13456 1908 6957 1398 END
START 208 1800 12872 1113 7913 908 END
START -328 1932 11764 49 8406 159 END
START -184 1144 10680 -725 8878 -378 END
START -164 392 9392 -1121 9518 -402 END
START -148 -476 8476 -1522 10398 -583 END
START 284 -1024 7580 -1453 11974 -400 END
START 1028 -588 7360 -113 13511 901 END
START 776 344 7340 703 16115 2450 END
START 592 3320 7980 743 17498 1239 END
START 1092 2012 9452 2398 19578 4195 END
START -884 2732 10264 -490 22338 4515 END
START -2292 2184 10100 -2604 23307 3233 END
START -3880 756 9420 -4426 23040 422 END
START -3596 -532 8764 -3380 22248 -1113 END
START -2564 -1440 11432 -1314 22518 -360 END
START -2040 -404 15860 795 23026 1373 END
START -1808 900 19984 1439 23588 2575 END
START -4744 1952 24468 1681 23857 3780 END
START -8228 2904 27784 -2163 22773 1231 END
START -7904 2028 27652 -4639 23594 -621 END
START -10780 1160 29640 -4091 18937 -786 END
START -12500 1032 32767 -3807 14550 -1865 END
START -13216 412 32767 -3792 10162 -2458 END
START -12896 300 32767 -3166 6511 -1162 END
START -11640 -492 32767 1343 4891 3224 END
START -13836 1424 32767 -295 3722 3101 END
START -14552 1552 32767 257 394 2688 END
START -14664 788 32767 -2168 -3125 831 END
START -13424 -908 31252 -2799 -7040 -77 END
START -11612 -2456 30132 -3317 -11018 -591 END
START -9492 -4056 28404 -3378 -13174 -833 END
START -8324 -4956 26700 -2181 -14444 -413 END
START -7728 -4948 24928 -1037 -14810 -547 END
START -7472 -5160 22888 385 -15212 -667 END
START -7636 -4964 21472 828 -16084 -1042 END
START -7708 -4944 19364 553 -16818 -1995 END
START -7260 -5028 17592 790 -18296 -3216 END
START -6504 -5364 17348 811 -19254 -4644 END
START -5916 -5852 16260 949 -18943 -5799 END
START -5808 -6060 14960 1348 -18682 -6966 END
START -5560 -6016 14148 2684 -18416 -7515 END
START -5096 -5744 12748 3437 -17478 -8841 END
START -4268 -5556 11308 4664 -16157 -10241 END
START -4824 -4608 9436 3825 -14786 -11922 END
START -4576 -4632 9256 4794 -14691 -11742 END
START -4724 -4360 7548 4089 -13190 -11983 END
START -4560 -3448 6160 4499 -12267 -12208 END
START -3864 -2140 5236 5626 -11446 -12131 END
START -3940 -520 3900 6394 -9343 -11395 END
START -1576 -1096 5128 6050 -7533 -11099 END
START -1040 828 4748 5393 -4625 -9951 END
START 1188 260 4124 9016 -2155 -6584 END
START 772 2788 5652 5849 1054 -6845 END
START 1112 3292 4620 6573 2617 -6248 END
START 936 4696 5032 4842 3630 -5823 END
START 1344 5100 5408 3159 4443 -7070 END
START 1816 5340 5944 1797 4527 -8977 END
START 2060 5288 6772 163 5148 -10260 END
START 2880 5160 7536 371 6565 -9198 END
START 3048 5360 8248 477 8230 -8110 END
START 3668 5696 9200 1558 9437 -6509 END
START 3968 6524 11220 2787 10848 -4233 END
START 5272 8436 12304 4685 11534 -2034 END
START 4168 8976 14504 7154 12055 961 END
START 3444 12236 17312 4992 14044 2675 END
START 880 14384 17616 3649 14612 2704 END
START 2976 15076 18744 4416 13833 4137 END
START 1564 15424 21448 2769 12452 4411 END
START 2312 15200 24376 1264 11009 4074 END
START 3192 14396 26612 -2771 9411 2989 END
START -8 14160 28516 -3046 8406 4556 END
START -3596 12540 30264 -5055 8373 4261 END
START -4192 8848 29408 -1142 6534 9839 END
START -5888 7416 28216 -2506 4910 10549 END
START -7540 6216 27568 -2995 2639 9260 END
START -7212 4536 26032 -2179 -109 9541 END
START -6684 2176 25048 -3678 -925 9158 END
START -5928 -372 23284 -3835 -2246 8425 END
START -4900 -2264 22256 -2190 -2248 7635 END
START -4272 -3408 21196 -1237 -1410 6841 END
START -4452 -4212 18764 -1284 -10 5457 END
START -6440 -5192 16660 232 839 5249 END
START -4120 -6176 12832 -613 1280 4003 END
START -3752 -5680 11972 -976 1723 2188 END
START -5612 -5568 12132 671 402 2970 END
START -5560 -6044 11460 -1138 -129 2066 END