START 736 748 13240 -1241 -4009 938 END
START -192 1216 14140 -599 -3515 1845 END
START 4 1596 13952 -711 -2767 1533 END
START 72 1160 13736 -1318 -2127 1356 END
START 8 1136 14332 -1064 -2376 1700 END
START 52 1160 14664 -1195 -2333 1748 END
START 400 1412 14936 -1606 -1929 1289 END
START 1160 1180 15240 -1477 -1837 1004 END
START 1444 1052 15516 -1313 -1288 919 END
START 1472 1024 15548 -1155 -818 909 END
START 1188 876 15344 -930 -562 1119 END
START 1056 648 15404 -1218 -618 984 END
START 1144 208 15520 -1370 -1073 992 END
START 1308 -360 15976 -1368 -1182 1027 END
START 1732 -240 15860 -1231 -779 758 END
START 2080 -244 15648 -736 -241 497 END
START 2048 -168 15404 -239 434 523 END
START 2092 -200 14664 97 1023 596 END
START 2120 -112 14176 245 1599 405 END
START 2164 -212 13456 401 2124 183 END
START 1852 -220 12740 485 2630 234 END
START 1456 -36 11964 237 3003 413 END
START 1152 208 11396 76 3495 556 END
START 1224 276 10408 -32 4490 571 END
START 656 632 9616 8 6050 456 END
START 280 680 8448 280 7464 578 END
START 152 872 7256 465 8789 691 END
START 180 1312 6640 552 9904 618 END
START -64 1420 6516 -24 10991 521 END
START -448 984 6332 -517 11570 651 END
START -432 644 6956 -1365 12433 425 END
START -476 388 7864 -1882 13323 -145 END
START -652 156 7764 -1710 14968 -343 END
START -76 -536 9196 -1500 16189 -883 END
START -4 -1060 11112 1659 17700 1899 END
START -1152 464 10956 1080 19854 1777 END
START -2168 2004 13320 1746 19732 1786 END
START -2824 2836 15368 1580 19556 1825 END
START -3628 3152 17696 1219 19142 1218 END
START -4464 2960 19308 -85 18797 -3 END
START -5488 2584 21820 -1786 18092 -984 END
START -3996 2812 25000 -1083 15813 -641 END
START -6812 2896 28004 -2658 15341 -1462 END
START -7416 2040 29096 -1671 13298 -842 END
START -10264 2756 31416 -1662 11915 -89 END
START -11496 2944 32767 -1029 9271 764 END
START -11480 3372 32767 -2274 6882 156 END
START -11552 3060 32767 -2117 3791 -91 END
START -11780 2080 32767 -1690 795 220 END
START -11260 1140 32767 -1894 -1536 414 END
START -10188 556 32216 -1489 -4253 1114 END
START -9500 228 31004 -1960 -6517 1079 END
START -8764 -184 29008 -2314 -8560 483 END
START -7488 -504 27540 -1873 -10438 -2 END
START -6668 -496 26148 -1402 -11448 -210 END
START -6292 -804 24468 -862 -11987 -261 END
START -6240 -1020 22592 -608 -12735 -163 END
START -6272 -976 20728 -114 -13403 -62 END
START -6376 -1156 19224 -17 -14516 -509 END
START -6204 -1344 18180 -375 -15882 -1648 END
START -5464 -2508 17112 -678 -16496 -3004 END
START -4148 -3600 16392 -637 -16955 -4325 END
START -2820 -4632 14732 410 -16454 -5366 END
START -3020 -4564 13980 2581 -15531 -5578 END
START -2152 -4216 12008 3937 -14396 -5737 END
START -2288 -4228 10640 4211 -13678 -6110 END
START -2948 -3316 9756 4299 -12647 -5829 END
START -2908 -2704 9116 4426 -11781 -6413 END
START -2740 -2268 8472 4376 -10219 -7565 END
START -2120 -2372 7848 4634 -8590 -8608 END
START -1600 -2372 6956 5059 -6735 -9475 END
START -968 -1876 6316 6016 -4793 -9437 END
START -784 -1056 5852 6439 -2568 -9092 END
START -136 176 5452 6215 -569 -8589 END
START -216 1212 5064 5273 583 -8748 END
START 128 1372 4816 3763 1697 -9101 END
START -160 1612 4752 2636 2531 -8228 END
START -260 2520 5216 1890 3178 -7018 END
START 492 3172 6148 1591 4016 -6755 END
START 1520 3396 7348 847 5824 -7114 END
START 2100 3536 8448 515 7601 -7477 END
START 1992 3988 9076 578 9464 -7323 END
START 1192 4632 9576 634 11154 -6391 END
START -136 5524 10364 469 12176 -5377 END
START -1236 6464 10800 112 12563 -4622 END
START -1808 6512 12468 -175 13468 -3480 END
START -832 6624 12752 1926 12108 -2813 END
START -128 9172 17312 365 12911 -1788 END
START 872 10464 17772 3803 13962 -320 END
START 848 11916 19276 6259 15375 2566 END
START -2876 14956 21880 5275 14854 3456 END
START -1904 15652 21560 6372 15960 8136 END
START -4356 16972 22664 4213 12732 9802 END
START -3456 16848 25980 -2419 11197 7384 END
START -4108 15444 26016 -3441 6809 7642 END
START -4880 14056 29004 -4882 4193 6896 END
START -5728 10956 30292 -6246 3263 6452 END
START -6620 7684 30008 -6018 2215 7501 END
START -6912 4852 28432 -4836 538 9357 END
START -7376 3480 27236 -4476 -572 10818 END
START -8044 2412 26788 -4695 -2365 10773 END
START -8008 172 25388 -6713 -4900 8404 END
START -7412 -2268 24072 -6951 -6631 7401 END
START -7212 -4216 22304 -4690 -8018 7434 END
START -6544 -4904 20900 -4091 -8632 6387 END
START -5248 -4876 19384 -1884 -9233 5960 END
START -2316 -5396 17716 -1439 -8452 5348 END
START -3488 -4632 15616 -1015 -7460 4061 END
START -3308 -4240 13700 -626 -6164 2408 END
START -2800 -4292 11672 -483 -5038 1035 END
START -2660 -4260 10456 -38 -4175 -31 END
START -2564 -3640 9488 348 -2841 -754 END
START -2408 -3004 8768 684 -1148 -1218 END
START -2304 -2124 8420 1114 614 -1692 END
START -1976 -1960 7876 1221 2188 -2508 END
START -1988 -1900 7864 1443 3499 -3359 END
START -2048 -2024 8140 1894 4014 -3223 END
START -1544 -1656 9028 2609 5150 -2249 END
START -2512 -616 10492 2954 6373 -1161 END
START -3612 1300 11288 2853 7769 -54 END
START -3720 3680 14268 4202 8312 -160 END
START -5672 2944 17320 4307 5683 -1697 END
START -4776 2656 18548 2574 5809 -4288 END