START 656 1992 15508 -1797 -4918 3075 END
START 1084 2188 15636 -2252 -3862 2098 END
START 1392 1732 15844 -2245 -3074 1513 END
START 988 1000 15420 -3103 -1748 868 END
START 488 120 14660 -2913 -1667 1481 END
START 992 124 14700 -2047 -352 2911 END
START -60 512 14720 -1987 -2010 2228 END
START -188 764 14656 -1392 -2008 2040 END
START 108 836 14708 -1506 -2244 2080 END
START 460 384 14544 -2253 -1864 1632 END
START 1100 -164 14472 -1965 -1811 1699 END
START 1304 -188 14628 -1452 -1449 1964 END
START 1144 -388 14532 -1629 -895 1839 END
START 1044 -580 14180 -1524 -765 1310 END
START 1052 -1004 13728 -1082 -455 1029 END
START 1336 -1056 13128 -820 288 605 END
START 1076 -1364 12732 -754 733 619 END
START 1432 -1304 12396 -348 1176 790 END
START 1712 -1236 12204 -173 1862 575 END
START 1856 -1148 11828 241 2812 232 END
START 1964 -1064 11456 687 3840 129 END
START 1716 -740 11280 709 5220 20 END
START 1176 -272 10820 658 6370 201 END
START 532 60 10276 459 7416 305 END
START -172 432 9300 471 8232 247 END
START -824 796 8712 252 9080 107 END
START -1304 932 8244 -4 9952 -61 END
START -1360 1028 7800 21 10959 -53 END
START -1328 1012 7832 230 12228 431 END
START -1000 1216 8092 -78 13449 1016 END
START -1480 1368 9336 -575 14619 527 END
START -52 8 9276 1842 16119 3243 END
START -940 1628 10564 529 17962 3207 END
START -1508 2516 10852 63 19021 2720 END
START -2296 2928 12444 -752 18833 1583 END
START -3100 2476 14216 -1792 19093 528 END
START -3860 1968 16524 -2955 19357 -536 END
START -3836 836 18560 -2899 18499 -438 END
START -4352 28 21708 -2778 17746 205 END
START -4712 652 24444 -1969 17279 1163 END
START -5192 1444 25460 -1968 16969 794 END
START -7492 2100 27484 -1129 15874 1094 END
START -8532 2692 28836 -1399 13698 224 END
START -8800 2544 30532 -2893 11277 -797 END
START -9800 2528 31620 -4271 8388 -1685 END
START -10180 1780 32472 -3970 5669 -1065 END
START -11360 988 32767 -3932 3699 75 END
START -12068 496 32172 -3204 1403 1142 END
START -12020 80 31424 -2164 -1726 1618 END
START -10864 92 30448 -2339 -4240 1045 END
START -9628 -568 29044 -2653 -6526 247 END
START -8324 -1208 27788 -2097 -8449 30 END
START -7504 -2088 26552 -1448 -9800 -9 END
START -7332 -2708 25128 -1039 -11001 -287 END
START -7012 -3264 23460 -438 -12210 -969 END
START -6504 -3848 21512 506 -13442 -1544 END
START -5752 -3764 19980 1590 -14490 -2101 END
START -4752 -3476 18120 2337 -14833 -2518 END
START -4480 -3380 17452 2930 -15081 -2640 END
START -4688 -3336 16248 2472 -14690 -3576 END
START -4784 -3540 15036 3064 -14484 -4211 END
START -4632 -3568 13476 3430 -14227 -5281 END
START -4240 -3680 12536 4155 -13816 -5989 END
START -3876 -3448 11520 4598 -13158 -6269 END
START -3464 -3096 10900 5180 -12622 -6225 END
START -3012 -2336 10356 5323 -11628 -6842 END
START -2600 -1864 9792 4909 -10113 -7965 END
START -2132 -1436 8716 4556 -8471 -8749 END
START -1396 -532 7628 4647 -6672 -9013 END
START -812 -100 7048 4813 -4876 -8755 END
START -744 1064 6736 4590 -3231 -8393 END
START -792 1332 6916 3199 -1435 -8785 END
START -696 1028 6512 2112 -345 -9194 END
START -284 760 6280 1347 385 -8904 END
START 116 796 6184 716 1440 -8377 END
START 316 1468 6060 605 2773 -7507 END
START 192 2908 6608 614 4226 -6683 END
START 480 3992 7032 652 5608 -6247 END
START 512 4452 7636 250 7560 -6704 END
START -112 4172 7992 -87 9362 -6683 END
START -1060 3900 8820 12 10664 -5599 END
START -1980 4304 8988 176 10985 -4652 END
START -1192 3424 9584 664 11522 -3643 END
START -1108 4348 13684 499 11715 -1850 END
START -1164 5204 13416 255 12836 -2005 END
START -1352 6184 15932 1183 12701 -1268 END
START -1796 6736 17048 1870 14193 -97 END
START -1608 7932 18168 3676 14374 1713 END
START -2216 8532 20204 4129 13944 3089 END
START -2408 10376 22320 4084 13598 4227 END
START -2500 11064 23120 1796 13306 4189 END
START -2952 11944 24532 2320 11021 5198 END
START -3712 12100 26560 892 9705 5154 END
START -4844 11872 27828 -862 8527 5741 END
START -5760 11316 28460 -1099 6476 7117 END
START -5788 10376 28836 -2298 4717 7476 END
START -4368 9352 27580 -3955 3243 7464 END
START -6196 7768 28748 -1921 471 8983 END
START -7092 5808 29944 -3051 -918 8932 END
START -8932 4132 29236 -2856 -2545 9222 END
START -8216 2144 27340 -1825 -4750 9788 END
START -9704 1396 25580 -1518 -6603 9402 END
START -9448 192 23148 -928 -8760 8450 END
START -8660 -1004 20748 -1003 -9676 7270 END
START -7620 -1608 17616 -490 -9669 7332 END
START -6168 -1900 15340 331 -9844 7615 END
START -5232 -2424 13204 -752 -8766 6792 END
START -4192 -3432 10984 -1146 -8049 5960 END
START -3116 -3944 10084 -1150 -7248 4683 END
START -1580 -4720 8660 -1509 -5154 3203 END
START -1056 -4808 8032 -314 -3070 2740 END
START -216 -5072 7080 124 115 1638 END
START 132 -4876 6808 1000 2357 706 END
START 268 -4112 7652 2074 4505 -189 END
START -968 -3316 8208 2748 6240 -856 END
START -2292 -2944 8336 2648 7457 -1537 END
START -3616 -2720 8820 2270 8058 -2714 END
START -4528 -1648 10956 3658 6572 -1978 END
START -5580 -212 14040 4046 5517 -1147 END
START -6020 1468 15548 3203 6384 -652 END
START -6876 3492 16796 3708 7325 -568 END
START -8912 4548 19156 5175 5823 -17 END
START -9088 5292 20612 4725 4515 -1181 END