START 872 2364 13896 -1437 -4452 -1297 END
START 208 1656 12636 -796 -4666 -96 END
START 452 1544 11228 -642 -3257 -292 END
START 424 1600 9792 -451 -2560 -61 END
START 312 1264 8272 -167 -1606 122 END
START 380 1388 7328 488 -775 604 END
START 336 1128 6920 462 286 646 END
START 236 1072 7364 -2108 2796 -722 END
START 920 184 4320 -1698 3116 -668 END
START -444 372 4372 -1551 4617 -321 END
START 52 -356 3152 -658 5005 1015 END
START 4 288 4124 -824 6799 1698 END
START 536 280 3696 79 7372 2602 END
START 836 488 4296 -244 8658 2880 END
START 1308 496 4428 -482 10121 2876 END
START 1612 592 4712 -809 11959 2512 END
START 1744 596 5076 -1187 13851 2167 END
START 1540 868 5628 -1449 16009 1982 END
START 812 1124 6260 -1531 17672 1959 END
START 372 1060 7384 -1869 19423 1634 END
START -268 760 8444 -3318 21227 376 END
START -88 -384 8128 -4347 22801 186 END
START -1048 -1192 8504 -3667 23266 1373 END
START -2568 -608 9896 -2332 23812 2109 END
START -4276 28 11856 -2329 24897 2904 END
START -6412 1732 15280 -2877 24551 71 END
START -4740 -1148 15160 3064 25904 4966 END
START -6120 60 18824 3048 25475 6863 END
START -8128 1268 21120 1103 26218 4268 END
START -11636 828 22008 -1111 24438 2495 END
START -8824 864 23580 -1292 23667 3776 END
START -11924 1260 24992 1020 19917 4915 END
START -13156 2148 26776 3025 17885 6040 END
START -13188 3172 30184 2001 14188 4079 END
START -13568 3688 31932 -209 12527 1106 END
START -13432 2412 32700 -2195 8880 -1235 END
START -14300 1508 32767 -2615 7494 -454 END
START -15652 548 32767 -2264 4831 102 END
START -15736 -236 32164 -1406 1884 822 END
START -16396 -340 31592 -768 -1361 1114 END
START -17108 416 31408 -644 -5277 1023 END
START -15152 788 30144 -393 -7860 1022 END
START -13600 244 28256 -1141 -10303 132 END
START -12880 -496 26876 -2199 -12200 -1065 END
START -11952 -1376 24912 -2290 -13979 -2163 END
START -10264 -2404 22796 -1324 -15680 -2408 END
START -9648 -2536 21456 -590 -16868 -2471 END
START -8604 -3076 20644 -198 -18207 -3020 END
START -8012 -3580 19136 410 -19046 -3852 END
START -7244 -4416 17828 511 -19834 -5599 END
START -6100 -5624 16752 2397 -17674 -4048 END
START -6404 -5504 15316 3340 -20167 -8719 END
START -3780 -6180 13936 5336 -19131 -8294 END
START -3556 -5300 12388 5916 -18324 -9420 END
START -2736 -4064 10444 7415 -16849 -9076 END
START -3652 -2768 8608 8229 -15746 -9481 END
START -3060 -2604 7896 7727 -15355 -11413 END
START -1980 -2976 6764 8614 -14860 -12179 END
START -1152 -2684 6008 8675 -12367 -12460 END
START -820 -1428 4640 10032 -10039 -11010 END
START -436 200 4200 10656 -7843 -9755 END
START 580 2108 3472 10387 -5768 -9277 END
START 572 3828 3768 9378 -3621 -9400 END
START 312 5916 4204 9034 -1838 -9990 END
START 700 6956 4924 7406 -166 -10828 END
START 1084 7308 5644 5959 2074 -11316 END
START 1252 7108 5368 5446 5079 -10559 END
START 220 6784 5420 5702 7360 -9273 END
START 2100 7716 5036 5817 10604 -6625 END
START 1296 9108 6232 6187 13116 -4769 END
START 996 10616 7536 6077 14340 -3635 END
START 716 12484 8520 4338 15874 -2595 END
START 636 13416 9540 2991 17459 -2155 END
START 1048 14196 10712 -445 20472 -4841 END
START -72 12204 10264 -7548 21563 -5617 END
START -584 12772 14528 -5136 21481 -2042 END
START -140 10708 15528 -9414 26964 1731 END
START -5848 10756 21784 -9740 28662 5560 END
START -5160 8972 20624 -4644 26560 11107 END
START -12660 9060 26408 -2573 26635 18770 END
START -13400 10768 27984 -354 25124 19318 END
START -15796 11744 30516 983 20118 18517 END
START -18748 11800 30232 -1870 14133 16980 END
START -19548 11412 29884 -5903 5452 14192 END
START -22780 9560 29584 -7389 -257 11306 END
START -21576 6804 27060 -7484 -7006 6607 END
START -18952 4220 24516 -6270 -13846 3605 END
START -15536 2468 21600 -5908 -19150 2425 END
START -12364 900 19744 -5770 -21919 1798 END
START -9872 -308 17144 -6737 -22166 1711 END
START -5208 -1672 12752 -8364 -15968 8346 END
START -5236 -1252 12732 -4999 -21625 5629 END
START -3632 -1544 12900 -3373 -19687 6432 END
START -3088 -1112 12260 -3351 -17812 4990 END
START -2024 -1488 10656 -4960 -15982 2621 END
START -528 -1564 9928 -4965 -12606 1037 END
START -184 -1792 7940 -3918 -13267 -576 END
START 1184 -1944 9488 -2962 -9928 -466 END
START 1752 -1052 8548 -1647 -6041 -1347 END
START 4116 -544 9472 339 -1304 -1859 END
START 3336 -60 9588 2146 3246 -2543 END
START 424 904 9172 2778 7676 -2497 END
START 1624 708 8772 2187 11128 -3570 END
START -88 1248 9180 2058 12375 -3884 END