START 2884 -124 13284 7570 5698 1770 END
START 2304 324 12968 8222 3682 5758 END
START 1256 1676 13380 7535 4044 7364 END
START 1200 2792 13852 6339 4287 7796 END
START 700 3320 14096 4376 5031 6720 END
START 680 3112 14116 2403 6136 5264 END
START 632 2556 14264 189 7252 3844 END
START 864 2624 14608 -3139 8071 2939 END
START 1236 1804 13900 -5473 8737 2109 END
START 1144 856 13292 -6624 9674 794 END
START 1668 468 13592 -6241 10768 -677 END
START 2244 -676 14244 -4636 13460 -2709 END
START 3248 -612 14756 -3114 15939 -4034 END
START 2568 -876 15496 -1704 19247 -6206 END
START 1168 -1264 15000 226 22592 -9030 END
START 1868 -2128 15112 2087 28204 -8860 END
START 876 -1956 12268 2060 32767 -11464 END
START -1880 -2548 10640 -6357 32767 -15237 END
START -188 -2356 12864 -7167 32767 -10211 END
START 576 -596 10660 -13615 32767 -9959 END
START -4992 -1268 10380 -16459 32767 -10897 END
START -6020 -2580 8732 -19255 32767 -7793 END
START -7384 -5336 8988 -16266 32767 -4518 END
START -11700 -4044 9428 -12725 32767 -2612 END
START -12728 -4528 8696 -10004 28048 -123 END
START -12560 -2768 13400 -7415 24148 797 END
START -11820 -2252 16008 -8457 26667 -3270 END
START -14400 -2688 15092 -9469 30698 -4497 END
START -17052 -3688 12488 -10996 26066 -4592 END
START -20620 -6832 11592 -9426 15372 -1973 END
START -20160 -8860 13492 -6470 6627 1889 END
START -19852 -6724 15040 -575 2381 6107 END
START -19092 -5896 16048 1388 866 6494 END
START -18744 -5004 16288 2063 -474 5555 END
START -18624 -4392 16408 1233 -439 2749 END
START -18820 -3888 15952 450 33 -312 END
START -19060 -4144 15220 309 -1154 -1783 END
START -18640 -5368 14224 970 -4633 -1860 END
START -17576 -5808 14608 1960 -8446 -718 END
START -16972 -6108 14312 3083 -12257 1128 END
START -16332 -6584 14256 4315 -16478 3246 END
START -15396 -7096 13384 6511 -20790 4982 END
START -16104 -5360 12476 11814 -24348 7798 END
START -13172 -3932 12100 13321 -26728 8619 END
START -14040 -2912 11704 11975 -30954 7301 END
START -12064 -3552 10980 11596 -32768 3533 END
START -10104 -3448 10580 11761 -32768 462 END
START -8564 -3484 10528 13877 -32768 -1979 END
START -7212 -3216 12128 13861 -32768 -5587 END
START -7100 -2048 10220 12532 -32768 -9401 END
START -4736 -2700 8844 11252 -32768 -12352 END
START -1524 -2548 9228 12725 -32768 -13137 END
START 264 -1772 11464 14446 -32768 -11439 END
START 2016 -108 13676 12138 -30068 -11783 END
START 2736 724 14152 9332 -21012 -13441 END
START 3396 416 14948 8890 -16612 -14532 END
START 4904 856 15024 10897 -14147 -16977 END
START 5408 120 15780 12998 -10980 -17348 END
START 6368 1628 18532 12089 -4151 -16981 END
START 5284 2060 16476 11309 2075 -13827 END
START 4832 3320 14852 11509 7006 -11117 END
START 3560 4440 12828 11146 10544 -9579 END
START 1424 6448 12336 11142 12639 -9365 END
START 744 8800 11720 11760 12353 -11444 END
START -12 8892 13616 12341 14271 -12848 END
START -1008 8840 12984 6752 16401 -15058 END
START -1872 7520 11300 711 19670 -17840 END
START -2412 8376 12904 -10522 23629 -19099 END
START -3784 8428 11692 -13252 26743 -16873 END
START -4000 6836 12868 -19913 32767 -12980 END
START -5856 7008 13568 -21409 32767 -10338 END
START -4084 5036 13772 -22867 32767 -4480 END
START -6620 2792 14108 -23704 32767 1715 END
START -9528 -892 15376 -23122 32767 9089 END
START -13676 -3516 15668 -17791 32767 18880 END
START -13448 -3960 13580 -8462 23298 32767 END
START -19128 724 16372 -257 14332 32767 END
START -21712 4708 14540 5277 4891 32767 END
START -23428 7200 12644 10917 -3506 32767 END
START -24416 8816 14724 14112 -20523 32767 END
START -21256 9044 16408 4925 -26852 19283 END
START -18044 3756 11860 -13080 -32768 1626 END
START -11884 -2820 10720 -13487 -32768 -5887 END
START -6692 -1596 9060 -3147 -32768 -4834 END
START 1856 516 15684 5700 -32768 3701 END
START 2696 4340 20976 -529 -32768 3538 END
START 4788 3328 19888 -5251 -19946 2707 END
START 4268 4076 21140 -9843 -12802 446 END
START 5544 2700 17536 -10895 -9283 -4617 END
START 6212 980 17916 -4510 -4704 -6929 END
START 5480 408 18864 -509 1967 -6925 END
START 4344 -1056 16520 1743 10061 -3644 END
START 3108 -544 14672 4456 15587 -698 END
START -1064 1248 11696 4681 19726 1510 END
START -3824 2688 11092 6436 19647 3937 END
START -6912 3704 11900 7100 17417 4327 END