START 196 896 12332 -4210 -6605 430 END
START -1636 320 10028 -2235 -6020 1229 END
START -928 412 9652 -2543 -6294 -242 END
START -508 -692 8968 -4332 -5213 -1803 END
START -492 -1608 6940 -1556 -4506 -848 END
START 476 -1208 7116 -2455 -2689 -1116 END
START 1812 -1400 6244 -631 -1908 535 END
START 1332 -1084 6060 -663 -46 771 END
START 1668 -964 5332 -484 1187 1192 END
START 1592 -1168 5120 -605 3044 1209 END
START 1736 -1624 4968 -474 4812 1395 END
START 1288 -1392 4860 119 6495 1435 END
START 1132 -1020 5192 439 8054 811 END
START 1288 -1048 5292 505 9058 289 END
START 1372 -884 5660 433 9931 429 END
START 1436 -436 6068 -127 11065 481 END
START 720 -260 6012 -1066 12506 291 END
START -224 -108 5784 -1309 13517 398 END
START -724 160 6436 -1379 14295 410 END
START -1624 512 6944 -1363 15209 67 END
START -1696 332 7920 -1345 16098 -247 END
START -2172 68 9128 -345 17161 287 END
START -2232 336 10348 135 17635 857 END
START -2604 692 12008 82 17752 1159 END
START -2660 940 13008 -184 18097 1278 END
START -2260 1420 14936 -2125 18207 420 END
START -3100 504 16524 2165 19883 4016 END
START -3420 1652 15836 2166 20489 3757 END
START -3968 2508 18864 1367 19597 1514 END
START -4500 3504 21180 257 19902 -1254 END
START -4712 3020 22400 288 20456 -1687 END
START -5760 2472 23928 376 21314 -1765 END
START -7288 728 23304 -25 19839 -1024 END
START -9100 1692 24988 337 18210 549 END
START -9084 3520 26592 1425 15691 2925 END
START -10056 5420 29576 153 13562 2819 END
START -11092 6116 32460 -2094 10705 906 END
START -11848 4880 32767 -5481 9122 -2509 END
START -13316 2364 32767 -5600 7032 -3726 END
START -13968 384 32767 -3579 4144 -2272 END
START -13208 -524 32767 -1982 1525 713 END
START -13968 1372 32767 -1881 -1784 2421 END
START -13076 2084 32767 -371 -4303 3152 END
START -12068 2456 32296 -1192 -6632 2023 END
START -11628 2268 30876 -3592 -8910 -113 END
START -10152 328 29196 -3689 -10865 -242 END
START -9432 -412 27640 -3412 -12657 391 END
START -8424 -888 26884 -3419 -13773 409 END
START -7832 -1428 25440 -3068 -14296 394 END
START -7264 -1708 23260 -2038 -14804 210 END
START -7260 -1624 21776 -2283 -15252 -1078 END
START -7028 -2496 19716 -2339 -15722 -2393 END
START -6544 -3900 17828 -2360 -16189 -3570 END
START -6304 -5264 16096 -2805 -16432 -5021 END
START -5748 -6448 13340 -2246 -16238 -6595 END
START -4808 -7368 11584 -583 -16374 -8059 END
START -4420 -7828 9904 1063 -15344 -9059 END
START -4448 -7688 9720 4805 -13883 -7795 END
START -4716 -7620 10168 4757 -13229 -9012 END
START -5268 -7280 8332 5627 -10635 -9271 END
START -5344 -6832 7276 8681 -9367 -7957 END
START -4860 -5668 6076 10592 -8477 -7108 END
START -4008 -4440 5272 11460 -8012 -6688 END
START -2240 -3736 5616 11791 -7257 -6526 END
START -2504 -1820 6040 10886 -7310 -8014 END
START -2064 -832 5844 9625 -5410 -8977 END
START -2040 596 5100 8493 -4224 -10772 END
START -1408 1008 4196 7660 -3371 -12336 END
START -448 2188 4016 7608 -1857 -12222 END
START 676 2972 3540 7636 587 -10761 END
START 1384 3928 3364 7668 2895 -8791 END
START 1844 5532 3404 7711 5025 -6593 END
START 1428 7732 3560 7016 7402 -4775 END
START 1184 9684 3604 6013 9786 -3285 END
START 752 11588 3236 4720 11990 -2313 END
START 520 12944 3380 3455 13477 -1356 END
START 576 14144 4556 2277 14232 -400 END
START 540 15036 5948 -23 14666 551 END
START -372 16044 7552 -1794 12833 23 END
START 1404 15584 10508 -2372 15920 2156 END
START -756 16264 13344 -5077 17392 1845 END
START -452 16272 19060 -3801 15766 4505 END
START -1600 16880 22804 -4517 13795 5418 END
START -760 15732 30192 -4061 13062 8967 END
START -2968 12484 32767 -6750 14230 11050 END
START -8036 8932 32767 -8496 10453 9593 END
START -11660 6196 32767 -10371 6607 5469 END
START -12964 1400 32767 -8111 1881 4544 END
START -13424 -1660 32767 -6903 -3023 3598 END
START -11816 -4780 32184 -5033 -6991 2625 END
START -9420 -6896 29620 -3380 -8554 3221 END
START -8752 -7716 25784 199 -9173 4920 END
START -6748 -6960 22176 3068 -9192 5825 END
START -6764 -5760 18868 6124 -7864 6974 END
START -3480 -4112 15788 7181 -6942 6066 END
START -1932 -2868 12808 7162 -5255 5477 END
START -2228 -2268 9540 4682 -2676 4344 END
START -1784 -1432 6508 4711 -2122 5661 END
START -1068 288 6088 3125 -1558 5064 END
START -1212 1368 6560 1549 -1630 3650 END
START -920 1812 7664 -399 -887 1909 END
START -1044 1712 8332 -1618 886 40 END
START -860 344 9520 -1458 3444 -1116 END
START -564 444 10472 -316 5582 -1464 END
START -1360 1988 13404 422 5990 -2380 END
START -1156 2316 14928 1897 6898 -1973 END
START -2224 3116 17376 3908 7505 -1232 END
START -2140 3484 18912 1670 9609 -3226 END
START -4808 3956 20672 3399 8294 -3023 END
START -6256 3616 20764 3124 7365 -2793 END
START -10392 5400 23372 1840 5590 -1247 END
START -7076 6364 22628 5401 6939 2819 END
START -4520 7312 20516 4560 6986 6987 END
START -9292 9932 24612 3095 5500 6348 END
START -8324 8380 22148 2455 1965 3896 END