START -456 1488 15688 -2852 -7724 3583 END
START -360 1916 16372 -1607 -7038 4342 END
START -116 2176 16100 -1627 -6014 4260 END
START 116 1908 15708 -1726 -4995 3550 END
START -348 1512 14856 -2459 -3845 2466 END
START -2992 288 12800 -2107 -3994 1213 END
START 60 -236 12448 -1773 -3033 672 END
START 356 -968 12584 -1333 -2652 1452 END
START 524 -776 12576 -541 -1808 2214 END
START 168 -132 12384 -426 -846 2715 END
START -328 -260 11712 -525 206 2564 END
START -624 236 10892 -1057 1114 1624 END
START -376 -56 10436 -1402 1714 429 END
START 8 -804 9584 -1999 2852 -654 END
START 312 -1400 9160 -1713 3983 -627 END
START 832 -1836 8580 -1364 5643 -385 END
START 552 -1460 8596 -1199 7737 92 END
START -92 -1008 7832 -1324 9350 315 END
START -936 -364 7536 -1734 10472 340 END
START -1288 852 6512 -2221 11066 -527 END
START -896 -860 6576 -2587 13154 177 END
START -1376 -424 7900 -3244 15854 1157 END
START -1788 -204 7876 -3804 16702 296 END
START -2080 240 9184 -4266 16878 -250 END
START -2284 520 10716 -3893 17472 154 END
START -2764 1084 12160 -4172 18883 -47 END
START -3920 1404 13812 -4496 19653 -391 END
START -5084 1212 15020 -4415 19997 58 END
START -6456 1472 16944 -4422 19122 -181 END
START -10164 2116 19676 -4901 18775 -1387 END
START -7372 1304 20524 -5044 16278 -1410 END
START -7136 1552 23152 -4633 15868 -1015 END
START -7444 1468 24160 -3932 15027 -406 END
START -8236 1552 25192 -3880 14496 -272 END
START -9040 1712 26280 -3703 13321 182 END
START -9236 1840 27060 -3867 11754 244 END
START -9196 1248 28040 -3001 9110 819 END
START -9344 1172 28440 -3418 7097 1011 END
START -9888 908 29248 -3306 5250 1605 END
START -10396 876 29016 -3325 3205 1859 END
START -10936 292 28256 -3713 1031 1425 END
START -10280 -468 28216 -3601 -1794 1115 END
START -9656 -1160 27792 -3721 -4379 602 END
START -9004 -1976 26956 -3332 -6678 68 END
START -8436 -2708 26056 -2649 -8395 -179 END
START -8100 -3268 24452 -1510 -9496 -102 END
START -8168 -3504 23000 339 -10908 206 END
START -8004 -4156 22100 1064 -12017 -569 END
START -7804 -4844 20652 1437 -12294 -1593 END
START -7556 -6032 18248 3113 -12990 -2531 END
START -7080 -6164 16760 4672 -13379 -3265 END
START -6100 -5908 15020 6110 -13266 -3888 END
START -5448 -5772 13420 7544 -13430 -3866 END
START -4728 -4952 12264 8003 -12579 -4339 END
START -4400 -4560 11148 8333 -11464 -5503 END
START -4240 -4392 10068 7792 -10552 -7125 END
START -3812 -4740 9264 7462 -9731 -8831 END
START -3672 -4948 8320 7402 -8699 -9922 END
START -3088 -4984 7204 7745 -7227 -10493 END
START -2616 -4692 7104 8418 -5845 -10286 END
START -2124 -3480 6992 9404 -3960 -8862 END
START -2392 -1452 7340 9517 -1812 -7974 END
START -2808 656 6924 9158 -50 -7809 END
START -2596 2412 6956 8623 1264 -8392 END
START -2040 3744 6804 7844 2954 -9157 END
START -1120 5148 6776 7488 4392 -8905 END
START 76 6716 6788 7333 6121 -7890 END
START 848 8072 6780 7425 7584 -6112 END
START 956 9896 7472 7594 9448 -3807 END
START 236 11880 8324 7265 11079 -1073 END
START -828 14776 9908 5743 12296 1305 END
START -1116 16424 10936 3204 13015 2780 END
START -1120 16912 12144 667 12647 3702 END
START -1628 17000 15352 -2381 12570 3744 END
START -3240 15636 18336 -4820 12096 3686 END
START -5188 13516 21512 -5905 9971 4420 END
START -7552 10884 25892 -8619 9717 4406 END
START -10288 8836 26768 -6581 6931 7398 END
START -9976 5780 27680 -6458 5370 8710 END
START -12116 3496 29232 -6116 1984 8213 END
START -11072 348 29732 -5227 -1669 7856 END
START -10628 -1456 29844 -4818 -5174 7009 END
START -9640 -5104 27708 -4692 -6296 5931 END
START -8176 -6636 26116 -1066 -8936 6178 END
START -6184 -6112 24828 2324 -9403 6292 END
START -6084 -5252 22276 3397 -8567 5483 END
START -5536 -4684 19064 4335 -8097 4631 END
START -5100 -4260 16416 4656 -7865 3921 END
START -176 -4456 13588 5807 -8657 4117 END
START -4032 -2180 13776 5533 -7839 2780 END
START -3360 -896 11108 5164 -6032 998 END
START -2936 -500 9636 3664 -4739 -694 END
START -2372 240 8192 3454 -3913 -1303 END
START -1696 1140 8068 3700 -2943 -1213 END
START -1520 1820 8220 2843 -890 -1655 END
START -988 2520 9020 2048 1088 -2043 END
START -468 2664 9388 2724 3727 -2739 END
START -420 3356 12116 3632 6634 -2555 END
START -912 4700 13124 2304 8850 -1266 END
START -6284 5792 14212 2340 9748 -378 END
START -5388 4228 13964 236 8780 -410 END
START -7284 5228 15732 -204 7203 -501 END
START -6816 5296 16156 1032 4042 1047 END
START -7672 6348 19700 -652 2600 -338 END