START 1100 1032 13928 -5270 -8768 -1095 END
START 368 824 14972 -4296 -9067 -832 END
START 432 540 14788 -4315 -8962 -1504 END
START 896 212 15048 -3719 -8771 -1359 END
START 1200 720 15496 -2687 -8026 -312 END
START 1352 1168 15712 -2050 -6702 155 END
START 1876 1280 15888 -1384 -5197 706 END
START 1880 1388 15948 -1042 -3472 678 END
START 1900 1256 15524 -758 -2246 655 END
START 1680 828 15092 -654 -1278 535 END
START 1400 460 14256 -597 -656 545 END
START 936 320 13888 81 -548 1102 END
START 400 728 13588 213 -459 1574 END
START -448 1424 13528 23 -281 1830 END
START -768 1600 13116 -589 -191 1812 END
START -800 1556 12452 -1226 54 1243 END
START -228 988 11852 -1400 583 620 END
START -144 520 11216 -1304 1681 273 END
START 448 -60 10612 -736 3479 111 END
START 952 -388 10704 103 4662 776 END
START 936 -256 10152 247 5934 1252 END
START 588 -44 10096 171 6940 1720 END
START 284 -72 9984 12 7980 2026 END
START -460 220 9752 -1148 8695 1374 END
START -1204 188 9264 -1340 8437 1122 END
START -1752 376 9384 -1510 8728 1284 END
START -2828 1072 9032 -2016 9606 1163 END
START -1928 1496 9924 -2431 10802 18 END
START -1568 -300 11228 -1287 12415 1725 END
START -2080 -272 10592 -1434 14289 1181 END
START -2840 -256 11124 -1344 14787 1071 END
START -3268 -180 11280 -723 15448 2358 END
START -3992 660 12276 -539 16218 2771 END
START -4776 1188 13480 -792 17262 2024 END
START -5792 1416 14604 -1105 16782 1739 END
START -5616 980 15864 -1695 15864 1087 END
START -5316 400 17948 -3541 15336 -502 END
START -4984 -664 18872 -3097 14179 -340 END
START -4588 -68 20920 -1547 13131 724 END
START -4328 -32 22304 -1002 13544 891 END
START -4672 140 24444 -333 13226 1159 END
START -4276 -1544 24948 26 12654 1456 END
START -6248 -396 26004 -668 12548 709 END
START -6160 -824 25556 10 11480 223 END
START -6600 -132 26060 1313 9329 408 END
START -6268 372 26112 788 8221 -71 END
START -6076 812 26924 1783 6471 921 END
START -6476 2024 27340 1207 5933 1165 END
START -7704 2300 27652 -201 4805 646 END
START -8508 1508 26556 -1318 3415 269 END
START -8660 1172 25728 -1835 1422 171 END
START -8260 688 25284 -2183 -402 -108 END
START -7688 424 24580 -2084 -2047 -230 END
START -6976 580 24200 -1521 -3515 229 END
START -7000 508 24204 -1456 -4098 639 END
START -7188 624 23176 -1367 -4832 1042 END
START -7072 1084 22320 -1415 -5905 1175 END
START -7340 1288 22284 -2153 -7225 631 END
START -6620 992 21964 -2677 -8500 -274 END
START -5824 128 21728 -2595 -9424 -678 END
START -5656 -672 21824 -2212 -9834 -500 END
START -6392 -480 21252 -2143 -10012 -352 END
START -7100 -928 19728 -2254 -10821 -1251 END
START -7008 -1908 18392 -1851 -12025 -1818 END
START -6148 -2764 18364 -476 -12929 -1764 END
START -5648 -2816 18056 660 -12880 -1576 END
START -5512 -2508 17072 1206 -12572 -1812 END
START -5112 -2388 15816 1740 -12468 -2465 END
START -4800 -2924 14632 1895 -12402 -3858 END
START -4092 -3428 13728 2239 -12264 -4846 END
START -3772 -3856 12668 2402 -11598 -5520 END
START -3708 -4428 11536 2432 -11197 -6536 END
START -3240 -4760 10656 3767 -10441 -6273 END
START -3300 -4416 9912 4935 -9134 -6069 END
START -2944 -3684 9260 5541 -7661 -5654 END
START -2588 -2548 8412 6021 -6479 -5151 END
START -2212 -1504 8060 5710 -5162 -5744 END
START -1872 -852 7584 4989 -3889 -6754 END
START -1244 -800 7552 4320 -2706 -7740 END
START -824 -644 7472 3597 -1188 -8355 END
START -352 -800 7252 3263 556 -8368 END
START -128 -676 7380 3650 1875 -7431 END
START -268 528 7920 4069 3566 -6173 END
START -536 2220 8124 4281 5473 -5478 END
START -804 3448 8176 4333 7061 -5142 END
START -732 4724 8668 4263 8060 -4587 END
START -824 6152 9316 3500 9216 -4041 END
START -968 7224 9828 2541 9715 -2996 END
START -1292 8704 10672 1874 9766 -1502 END
START -908 9936 12000 1289 10105 -851 END
START -376 10384 13512 574 10847 -830 END
START 876 10104 14356 559 11445 -599 END
START 1756 10348 16528 1529 11393 1131 END
START 2900 11488 19252 2577 11602 3902 END
START 2220 12208 21396 2561 11906 5983 END
START 460 12940 23376 466 13865 6655 END
START -2304 13076 24268 356 12332 9125 END
START -5480 13196 26564 -2509 9980 8814 END
START -7504 10488 27120 -6274 6908 6880 END
START -8012 5464 27988 -7338 1485 6275 END
START -8180 2716 30476 -9163 -662 4528 END
START -7500 -1472 29904 -7198 -2808 4438 END
START -6800 -4256 30504 -3476 -4462 6410 END
START -7248 -4244 30016 -1607 -4621 7309 END
START -7500 -4480 26932 328 -5282 7315 END
START -7404 -4808 24600 1215 -6642 5693 END
START -6700 -5224 21716 1884 -7563 3914 END
START -5752 -5396 18844 3160 -8169 3439 END
START -4548 -4612 16400 3904 -7733 3373 END
START -2548 -4280 14556 3823 -7815 3003 END
START -3496 -3056 13164 4044 -6839 2507 END
START -3444 -1948 11492 3954 -4894 1706 END
START -2940 -1656 9408 3473 -3502 1115 END
START -2636 -1008 8364 3319 -2136 770 END
START -2200 -348 7776 2858 -514 246 END
START -1780 352 7328 2412 1031 -52 END
START -1236 692 7620 2390 2367 446 END
START -748 1220 8776 2076 3990 849 END
START -924 2000 10112 1243 5748 115 END
START -1736 1684 11004 893 6919 -328 END
START -2948 1692 11508 647 7750 -438 END
START -4696 2544 12152 516 7969 -1421 END
START -4960 3948 16808 1585 6764 -1325 END
START -5564 2480 19576 1075 4375 -1320 END