START 1124 -3400 13748 3474 2014 -9490 END
START 1024 -2312 13504 4651 3814 -9339 END
START 1884 -360 12136 5385 6029 -8551 END
START 1580 1856 12008 5201 8668 -6872 END
START 208 3960 10792 4399 10806 -5414 END
START -1384 5028 10084 2810 12039 -4998 END
START -2712 5208 9220 991 11914 -3464 END
START -1288 6288 9044 -1883 14449 -2434 END
START -4256 6068 7176 -5440 14615 -936 END
START -4676 6372 7220 -6825 14532 734 END
START -4768 6032 6956 -9037 15868 2003 END
START -5112 5564 6304 -9330 18209 3238 END
START -5252 4940 5660 -8242 20101 3776 END
START -6984 4212 6828 -8162 21871 2087 END
START -4628 1980 6556 -4457 23446 3329 END
START -5320 1372 8220 -1916 23624 4324 END
START -6872 2268 10780 -1786 24076 2821 END
START -7360 2600 12348 -3638 23415 1282 END
START -8712 1916 13884 -4477 23225 880 END
START -9528 992 14536 -5365 21224 -1325 END
START -8332 -840 16324 -5239 18868 -1728 END
START -8236 -1512 18668 -3471 16822 -1136 END
START -6616 -2296 22856 -469 14478 79 END
START -5444 -2368 27364 -679 15162 510 END
START -8920 -1472 29136 778 14521 1938 END
START -9744 -172 29476 2710 12973 3644 END
START -10864 1476 30088 2846 11958 3449 END
START -11120 2816 29864 3076 9474 3102 END
START -10600 3624 30376 2510 6605 2610 END
START -10524 4020 30852 462 4549 2088 END
START -11188 3648 30400 -1561 2604 1539 END
START -10472 2400 28252 -2512 121 3416 END
START -12168 2580 28848 -3358 -2128 4908 END
START -12908 2628 27840 -3867 -4340 4693 END
START -12924 2572 27196 -4252 -7071 3170 END
START -12316 2024 26336 -4774 -9463 1165 END
START -10520 252 26032 -4862 -11991 -136 END
START -10668 -1264 25572 -4607 -13785 -508 END
START -10268 -2892 24392 -3257 -15440 45 END
START -10504 -3884 22516 -1950 -17476 384 END
START -10028 -4364 20288 -1173 -19370 -14 END
START -9288 -4552 18512 520 -21999 -807 END
START -8236 -5060 16580 1349 -23662 -2261 END
START -6448 -5788 16532 2374 -25556 -4616 END
START -5112 -6452 15220 2875 -25278 -7186 END
START -4032 -7088 12968 5657 -25595 -9177 END
START -3276 -6800 11668 8148 -22242 -7529 END
START -2684 -5900 9248 9444 -22661 -11129 END
START -716 -4292 6804 11332 -20159 -12260 END
START 496 -2072 4552 11243 -16623 -12696 END
START 1328 368 4356 11285 -13609 -11982 END
START 2688 1976 5028 11231 -10823 -12629 END
START 2012 2768 6180 10137 -7123 -14835 END
START 2108 2624 5912 10929 -2395 -16243 END
START 1992 3112 6032 12221 2954 -16276 END
START 2472 4308 5284 13093 6205 -14796 END
START 2104 4876 5148 13536 10141 -13961 END
START 1056 5156 4952 12018 12638 -14162 END
START 1252 7912 5408 10026 16689 -14791 END
START 600 9324 5744 5131 20798 -15519 END
START 328 11996 5640 2704 22990 -16177 END
START -612 13968 8888 -2966 26919 -16517 END
START -1744 13492 9008 -11115 27788 -14279 END
START -3388 15732 16452 -16335 31542 -10570 END
START -4736 11324 17048 -19264 27088 -1400 END
START -6116 7488 19688 -21387 24997 6123 END
START -11256 5344 21704 -17867 20541 15325 END
START -19656 4880 22308 -15160 12889 27908 END
START -20920 3964 26812 -2622 13087 32767 END
START -21276 3472 26892 -734 5523 32767 END
START -21352 232 22204 1021 -2453 32767 END
START -19924 352 25812 2824 -10467 24043 END
START -16704 280 22964 3849 -15758 16357 END
START -13672 2724 20228 3255 -23873 8999 END
START -10396 2468 18984 661 -25623 4755 END
START -4208 276 15984 -2683 -24790 -623 END
START -1304 -1384 13720 -5694 -21990 -4850 END
START 1024 -2540 11612 -5129 -20134 -6370 END
START 3164 -3420 10636 -3016 -15056 -2861 END
START 3840 -2696 11140 -732 -9402 2840 END
START 1968 -408 12340 100 -3743 6354 END
START 280 696 10780 -488 -163 8003 END
START 372 1352 11540 870 1997 7500 END
START -648 2392 11576 624 4146 4346 END
START -396 3380 12952 959 8046 1408 END
START -56 3852 12736 -547 13065 -548 END
START -3268 2860 12552 2657 16187 -515 END
START -4096 3780 13124 2067 16858 -3291 END