START 1292 404 13876 102 -416 267 END
START 1300 1008 15196 2092 -1751 2658 END
START 1808 1072 14608 847 -1422 2637 END
START 2064 2300 15716 1234 -2646 3542 END
START 2124 2808 16644 30 -1731 2422 END
START 2152 2972 16656 -389 -1379 1345 END
START 1936 2712 16528 -621 -196 -50 END
START 1976 2428 16260 -485 765 -1155 END
START 1924 1832 15664 126 1396 -1432 END
START 1952 1636 14884 891 1801 -926 END
START 1940 1860 14652 1693 1779 265 END
START 1844 2304 14744 1467 1904 731 END
START 1680 2424 14504 849 2015 805 END
START 1928 2132 14256 327 2027 496 END
START 2176 1672 13772 -420 2360 -31 END
START 2624 1144 13000 -1071 2857 -567 END
START 2832 588 12424 -1515 3571 -1008 END
START 2428 -416 11428 -1693 4424 -1060 END
START 2136 -1156 10648 -1445 4784 -98 END
START 1648 -1108 10044 -915 5523 957 END
START 992 -532 9468 -954 6858 832 END
START 476 -128 8920 -1089 8321 79 END
START 276 -4 8272 -903 9638 -822 END
START 556 252 8320 -436 10614 -1529 END
START 1192 1084 8532 110 11976 -2112 END
START 796 1580 8880 281 13894 -2464 END
START 1524 1072 8376 2227 15884 331 END
START 304 1876 9148 2099 18146 2158 END
START -1008 2508 8936 1577 18975 3018 END
START -2620 3028 10236 374 18528 2701 END
START -3524 2972 10632 -1014 18282 1537 END
START -4240 2940 12304 -1652 17842 184 END
START -4028 2840 14604 -1289 17433 -1485 END
START -3344 2876 17124 -774 17604 -2904 END
START -2712 3352 19088 -17 16963 -3146 END
START -3160 1396 20656 675 18420 -1762 END
START -5528 2060 24248 -1972 20123 -2637 END
START -8260 1360 22536 -610 18362 -580 END
START -9264 1820 24392 -804 17501 316 END
START -10048 2880 24776 -475 15760 119 END
START -9844 3488 24848 797 13065 131 END
START -9420 4344 26788 1155 11135 -608 END
START -8964 4904 28700 785 9459 -1190 END
START -9304 4788 30276 -779 8392 -1591 END
START -10056 3340 30332 -2650 7079 -1618 END
START -11308 2204 29728 -2825 4715 22 END
START -10912 1676 28992 -2446 1990 2016 END
START -11684 2516 28976 -1893 -543 2879 END
START -11276 2980 28220 -1438 -3676 2467 END
START -10432 2856 28780 -2129 -6437 663 END
START -9224 1680 27824 -2809 -8231 -670 END
START -8324 312 26848 -2598 -9798 -1003 END
START -7968 -568 24920 -1563 -10416 -289 END
START -7772 -856 23148 443 -11305 1011 END
START -7716 -708 22136 1102 -12176 1309 END
START -7780 -528 20464 1124 -12927 1151 END
START -7636 -628 19216 1432 -14110 508 END
START -7240 -996 18540 843 -15544 -1165 END
START -6448 -1528 18696 816 -16979 -2919 END
START -5760 -2640 17864 737 -17156 -4936 END
START -4772 -3552 15488 2457 -16643 -5653 END
START -3856 -3228 13916 4605 -16126 -5305 END
START -3856 -2348 11612 5513 -14781 -4937 END
START -3540 -1392 9760 5841 -13801 -5080 END
START -2956 -1072 9040 4807 -13477 -6544 END
START -2324 -1600 8808 4108 -12832 -8529 END
START -1860 -2392 7924 3586 -11137 -10039 END
START -1356 -2952 6812 4540 -8955 -10711 END
START -564 -2728 5892 5855 -6717 -10955 END
START 72 -1716 5228 7220 -4332 -10366 END
START 788 -456 4812 7900 -1615 -9319 END
START 580 1036 4752 7659 1273 -8503 END
START 1092 2032 4496 7791 3386 -8024 END
START 1144 3012 4624 7460 5336 -7480 END
START 980 4216 4292 6325 7065 -6443 END
START 672 5600 4444 4946 8354 -5483 END
START 656 6612 4672 3711 9790 -5341 END
START 956 8184 4024 2905 8392 -6576 END
START 2160 8580 6812 3084 12027 -5306 END
START 820 10268 8264 2792 12664 -5592 END
START 1100 10904 10036 2461 13272 -4115 END
START 2696 12832 12676 3248 15112 -187 END
START 1832 13696 15564 1322 15376 2786 END
START -536 14492 21676 -2058 21032 6064 END
START -5568 15972 18052 1745 19793 15097 END
START -6920 17252 23788 609 19188 17397 END
START -10964 17964 26164 -4351 15746 16312 END
START -15900 14948 29396 -4394 8499 12226 END
START -16520 11692 30344 -5794 882 7949 END
START -14532 6704 29760 -12039 -1038 3799 END
START -15600 2420 27796 -8853 -8722 3181 END
START -7384 -140 27812 -6871 -13689 5097 END
START -7172 -2264 25080 -5251 -12919 5306 END
START -4444 -4140 20264 -4307 -13335 7366 END
START -2268 -5024 18216 -2643 -14141 8959 END
START -1452 -1400 18636 -807 -15916 8574 END
START -1644 996 19792 -5186 -14108 7438 END
START 1492 168 15984 -5621 -8638 7018 END
START 656 364 14444 -5506 -5073 2841 END
START 1476 -1432 11812 -3566 -2087 833 END
START -144 -1208 11360 -1349 137 -984 END