START -224 5016 11820 -314 4591 1402 END
START -48 4308 12952 -4719 6446 23 END
START -416 3504 11968 -5900 6630 -1358 END
START -36 3104 11756 -5116 6861 -1560 END
START 584 2800 12384 -3313 7987 -1905 END
START 1092 2732 13148 -1611 9749 -2758 END
START 1984 2496 13412 353 11687 -2891 END
START 4812 2452 12468 168 15479 -2870 END
START 1984 2524 12180 -679 20807 -3214 END
START 1636 2016 10448 1963 23021 -1487 END
START 212 2568 11152 515 24359 -3421 END
START 896 1544 11520 -5346 29729 -2802 END
START -620 2484 11632 -10513 32767 -1454 END
START -2324 2792 11612 -12246 32767 1242 END
START -2568 1408 9936 -14119 32767 2438 END
START -4652 388 11536 -13475 32767 -859 END
START -4356 220 9728 -10867 32767 -13 END
START -7116 544 10256 -7026 32767 181 END
START -8448 1500 11424 -4782 32767 -2406 END
START -13612 4268 13500 -9585 32767 -8736 END
START -15080 1720 12936 -18677 32767 -13872 END
START -15932 -2752 12384 -25941 32767 -19083 END
START -16836 -7280 11292 -25078 24129 -13840 END
START -18564 -9156 12868 -13682 16426 322 END
START -16132 -6320 13440 -6856 14328 8266 END
START -21668 -4996 14528 -2278 13270 11070 END
START -23240 -3716 13064 -791 8531 8703 END
START -23736 -3000 13120 -824 4521 5029 END
START -23324 -2696 14236 -243 1997 2194 END
START -23372 -2976 14620 249 -154 -437 END
START -23260 -4064 14288 1323 -3592 -2016 END
START -22396 -4788 13844 2472 -7740 -2887 END
START -20628 -5024 13808 3322 -11360 -2793 END
START -19260 -5056 13716 4086 -14564 -2050 END
START -18156 -5436 12976 4951 -18064 -1013 END
START -16968 -4536 12336 6067 -21967 261 END
START -14968 -4892 12780 7951 -24637 1057 END
START -14856 -4536 12888 8913 -27672 1509 END
START -13748 -3636 12728 9723 -30199 1766 END
START -12284 -4036 12112 10751 -31948 2763 END
START -12088 -3856 11396 13004 -32270 3723 END
START -12924 -2904 9120 14946 -32768 5716 END
START -11868 -2380 7608 13885 -32768 4533 END
START -10376 -444 5788 14589 -32768 3714 END
START -6048 336 7256 14477 -32768 372 END
START -3352 1248 10164 15780 -32768 -2088 END
START -1000 2236 12484 15375 -32768 -4778 END
START 772 3448 15484 8697 -32768 -10938 END
START 3996 1604 14036 3136 -25326 -16000 END
START 4948 976 13980 2002 -20491 -16580 END
START 5644 184 11876 2589 -17476 -15788 END
START 6064 572 11720 8791 -13842 -13316 END
START 4980 1992 11556 11096 -9095 -9976 END
START 4856 2972 12388 10493 -3908 -8674 END
START 3420 4888 12116 9915 -8 -8996 END
START 1968 6436 12308 10194 2637 -10920 END
START 1788 8016 12940 11710 5863 -13848 END
START 1932 8780 13056 12637 8073 -15834 END
START 3132 9316 12312 12342 8684 -17569 END
START 2444 9472 11856 11151 9461 -19718 END
START 3792 9568 12292 7669 15814 -18736 END
START 2368 10388 9940 2204 22183 -17400 END
START 1412 10964 9784 -3134 26093 -17930 END
START -1648 11768 10720 -10190 28914 -17193 END
START -1364 11264 11508 -18249 32767 -14648 END
START -3388 10240 11796 -25507 32767 -12388 END
START -4876 6700 11992 -32338 32767 -11365 END
START -7236 2664 9924 -31424 32767 -3946 END
START -17016 412 11164 -22593 32767 12393 END
START -18216 1584 10736 -14214 32767 26710 END
START -20024 4540 15464 -10928 26502 32540 END
START -21884 5848 17932 -8752 20236 30894 END
START -24940 5512 17548 -10460 13738 28257 END
START -29520 3116 17788 -10691 5217 24698 END
START -28208 216 15560 -6013 -6858 20618 END
START -25212 -628 16048 -1433 -16482 19111 END
START -22412 -1376 15060 3326 -25613 16714 END
START -17028 -784 14448 7147 -32768 13405 END
START -11920 692 14744 7639 -32768 10065 END
START -8768 2004 13568 5506 -32768 6204 END
START -8016 2908 13432 3300 -32768 3596 END
START -4880 2172 11900 -449 -32768 524 END
START -2868 1900 12224 -2839 -32768 -1739 END
START -524 876 12304 -5173 -28978 -4595 END
START 1032 184 12696 -4031 -22932 -4303 END
START 2776 688 12568 -3789 -16040 -3892 END
START 2724 600 12804 -5427 -8975 -4551 END
START 3300 -36 11940 -4423 -4601 -3592 END
START 2916 812 12472 -2451 -1052 -1876 END
START 1708 1184 13636 -993 3659 -1178 END
START 1248 728 13712 601 7773 -401 END
START -164 1752 13596 1758 11096 909 END
START -3196 3796 12516 3434 14608 2085 END
START -4756 5112 14396 2890 16344 3055 END
START -7248 4916 15312 96 15785 3396 END