START 1504 -1316 12512 -1042 1758 2532 END
START -796 -720 13152 1275 3343 3464 END
START -812 -324 13028 -93 4990 3096 END
START -1020 -652 11544 -197 5643 3265 END
START -1248 -520 12144 448 6202 4017 END
START -76 -916 11240 -1388 7306 4575 END
START -716 68 11748 -2514 8940 3634 END
START -940 672 11984 -3287 10106 2864 END
START -56 876 11832 -3761 9815 2015 END
START 1084 960 12796 -5809 11867 1223 END
START 964 948 13228 -6295 14802 784 END
START 900 996 13332 -7184 17070 78 END
START 780 792 12768 -7834 20885 -92 END
START 724 916 11800 -8113 24776 -34 END
START 556 920 11936 -9857 29633 -355 END
START -2664 -100 11300 -7798 32767 1444 END
START -864 -488 12352 -11459 32767 1425 END
START -5152 -340 12100 -11255 32767 2067 END
START -4912 -384 11952 -11431 32767 683 END
START -6804 -288 15092 -12855 32767 684 END
START -6772 -1028 16884 -14779 32767 -2614 END
START -11144 -2552 15436 -16462 32767 -4317 END
START -8964 -4200 14772 -17591 32767 -7532 END
START -14760 -5816 16760 -17018 31864 -6661 END
START -14384 -7272 17216 -14163 25818 -4420 END
START -14736 -7544 17616 -9274 20544 -205 END
START -15232 -6992 18964 -4261 19140 2221 END
START -17884 -7100 18628 -2476 17321 1982 END
START -19356 -6480 17012 -1966 12109 1247 END
START -20288 -6204 17508 -1192 4925 1464 END
START -20220 -6160 17696 -678 -781 1278 END
START -19604 -6496 17640 1218 -4784 1638 END
START -19364 -6264 16768 3313 -8799 1454 END
START -18616 -5368 16592 4749 -12798 833 END
START -17412 -4856 16232 5031 -15532 -590 END
START -16120 -4488 15380 5413 -18126 -1346 END
START -15456 -4800 14644 6044 -20934 -1353 END
START -16052 -5732 14364 7955 -24623 -347 END
START -11776 -5196 13120 9047 -26306 247 END
START -10744 -5456 13176 10212 -28849 840 END
START -9760 -6136 13044 11671 -30470 922 END
START -10888 -6668 13504 14634 -30170 1218 END
START -7912 -6080 12768 16429 -28943 1830 END
START -8556 -3064 12088 17031 -30287 917 END
START -7748 -2412 12112 14748 -31809 -3755 END
START -5964 -1908 11460 11203 -32726 -8436 END
START -3040 -2512 11600 9903 -31520 -11719 END
START -864 -2992 11372 9741 -28502 -12995 END
START -92 -3552 11024 9733 -24191 -13621 END
START 680 -3652 10620 11259 -19292 -13876 END
START 1120 -3124 10552 13405 -15331 -12749 END
START 1364 -964 11148 14885 -12379 -11849 END
START 1440 968 11740 13635 -7844 -12399 END
START 1992 2700 12120 12991 -4059 -13360 END
START 2292 3776 12208 12153 4 -14531 END
START 1976 4272 11616 12217 3099 -15161 END
START 1920 4776 11172 10500 5883 -14787 END
START 1192 5320 9996 9405 7939 -13386 END
START -60 6860 10156 7513 10097 -11762 END
START -1968 9084 10720 4352 12193 -11000 END
START -1000 9860 10096 2144 14263 -7962 END
START -2276 11596 10900 749 15157 -5806 END
START -2044 13276 13500 -2598 19636 -5188 END
START -1616 12788 15312 -8880 22584 -7070 END
START -1764 10136 15644 -14443 26837 -5942 END
START -2828 7552 16680 -16555 30411 -3593 END
START -6060 3600 17380 -14843 31624 4350 END
START -7552 4152 18832 -8419 27756 17991 END
START -11008 5816 21300 -3879 21684 27987 END
START -10892 6128 22212 -2147 15878 31321 END
START -15924 5880 21136 -2080 11752 29193 END
START -17844 5200 24376 1290 8311 23657 END
START -18280 4200 20152 1610 -703 19165 END
START -17576 3800 20176 3444 -8753 15901 END
START -17276 4380 21004 1199 -18934 9401 END
START -13132 2420 19640 -812 -24551 3558 END
START -9772 216 18936 -4176 -28313 632 END
START -5276 592 17296 -5442 -27333 -2050 END
START -3604 -60 17180 -5800 -23878 -3785 END
START -84 -2292 14664 -9533 -16573 -5420 END
START 428 -3048 13624 -7429 -9314 -5225 END
START 676 -4328 12664 -4520 -5008 -2218 END
START 908 -3456 11656 21 -1882 1759 END