START 1024 3044 12272 -254 -2062 3703 END
START 1872 3512 11856 -511 -1613 3869 END
START 1684 3364 12048 -2082 -307 2179 END
START 1944 2412 11144 -2605 781 1806 END
START 1440 1884 10620 -2735 1580 1945 END
START 1332 1540 10120 -2715 2633 2319 END
START 972 1400 9804 -2743 3353 2727 END
START 820 1260 9688 -2598 4234 3108 END
START 576 1548 9440 -2324 5402 3436 END
START 200 1876 9460 -2144 6630 3398 END
START -44 1912 9588 -2411 7641 2988 END
START -412 1660 9776 -2593 8310 2824 END
START -692 1368 10320 -3499 9122 2368 END
START -1448 608 10140 -4001 10022 2209 END
START -1984 -208 10356 -4678 10707 2043 END
START -2564 -968 10012 -4593 11158 1909 END
START -2260 -1112 9280 -3790 10891 1357 END
START -1740 -232 10320 -3069 12016 1087 END
START -2460 432 12764 -3341 13772 -360 END
START -2268 -616 12988 237 15706 2048 END
START -3208 -212 13112 -254 17580 2027 END
START -4064 -584 13524 -2448 18630 129 END
START -5040 -1432 12904 -2245 19107 345 END
START -5944 -2164 13780 -1478 19206 1481 END
START -6444 -1632 14548 -159 18639 1936 END
START -6700 -792 15816 2500 17524 2656 END
START -7276 896 18280 3027 17041 2126 END
START -8972 2108 20484 1445 16449 -9 END
START -7344 2624 21516 -50 15007 -2342 END
START -8100 2416 21968 194 14993 -1572 END
START -8636 1712 23140 -111 13901 -1673 END
START -10092 1940 24500 -708 10596 -1920 END
START -10468 2184 26280 -28 9898 -62 END
START -11044 3408 27684 1898 8345 1972 END
START -12024 4812 29136 2192 6635 2191 END
START -13080 5408 30384 971 4708 1067 END
START -13788 4964 30604 -934 2633 -567 END
START -13920 3788 30040 -1783 98 -1146 END
START -13684 2676 29372 -1856 -2474 -607 END
START -13336 1788 28620 -1416 -4673 406 END
START -13036 1444 27456 -827 -6839 1272 END
START -12524 1384 26600 -493 -9275 1980 END
START -12244 984 25348 -979 -11167 1440 END
START -11564 340 23748 -892 -13095 538 END
START -10844 -448 22376 -871 -14366 -503 END
START -10192 -1920 19744 -518 -15904 -1385 END
START -8196 -2176 18580 321 -16848 -1452 END
START -7276 -2964 17500 984 -17454 -1821 END
START -6620 -3232 16480 1804 -17802 -2374 END
START -5240 -3644 14728 2234 -17509 -3337 END
START -5116 -3532 13504 3315 -16992 -4514 END
START -4124 -3292 11880 4695 -16250 -5558 END
START -3508 -2776 10836 5899 -15361 -6487 END
START -908 -3380 10504 6570 -11815 -6371 END
START -4684 -1476 9232 6712 -12236 -9093 END
START -2136 -2252 7820 6536 -9977 -10114 END
START -1976 -1860 6872 6938 -7906 -10452 END
START -1928 -1312 6004 7634 -5890 -10381 END
START -1648 -792 5112 8438 -4426 -9468 END
START -1532 324 5068 8462 -2692 -8474 END
START -1516 1972 4808 7998 -753 -7510 END
START -1412 3192 4812 7022 1083 -6930 END
START -1336 4284 5016 6013 2647 -6822 END
START -1260 5348 5116 4948 4271 -7026 END
START -624 6176 5420 3925 5943 -7414 END
START -420 6676 5964 3001 7597 -7637 END
START 164 7144 6276 2236 9336 -7272 END
START 388 7588 7224 1280 10540 -6164 END
START 76 8184 8312 335 11788 -4254 END
START -560 8952 9696 -318 12917 -2071 END
START -496 11128 11368 498 13082 -323 END
START 412 11964 13252 1097 13757 1761 END
START -1036 14152 18260 918 15249 2020 END
START -2812 15556 17496 -1273 12025 345 END
START -1432 13368 22320 -2750 14726 2183 END
START -4900 14064 23280 -4696 15106 4485 END
START -8024 13364 26028 -3832 12644 7837 END
START -10120 12724 28908 -4106 9494 8616 END
START -12728 11384 29520 -4733 6606 9669 END
START -13532 9496 29548 -4888 3556 9025 END
START -13292 7272 28372 -5146 177 7554 END
START -12672 5144 27524 -6179 -2766 7047 END
START -11944 2376 26124 -6856 -5635 6367 END
START -10436 -92 24040 -6748 -7522 6176 END
START -8568 -2184 21124 -4595 -8714 6918 END
START -7928 -3268 19704 -4091 -10025 6336 END
START -6804 -4096 17276 -2072 -10538 5636 END
START -5000 -3788 16016 -1312 -10810 5678 END
START -4148 -3460 14388 -987 -10139 5472 END
START -3560 -3408 12328 -1102 -9276 4004 END
START -3676 -4104 10308 370 -5064 6328 END
START -2012 -3040 9788 -573 -8052 2685 END
START -1656 -2704 8884 105 -6221 2681 END
START -632 -2300 8540 1377 -4671 2712 END
START -632 -1084 8836 1231 -2597 1629 END
START -152 -136 9152 1349 -728 15 END
START -244 380 9336 848 650 -1529 END
START 52 960 10088 1048 2460 -2573 END
START -156 900 10572 1675 4442 -3164 END
START -180 1548 11780 2631 6730 -3591 END
START -840 2456 13992 3640 8870 -4575 END
START -1840 3100 15732 3535 10551 -5187 END
START -2736 4720 16224 3589 13179 -5000 END
START -5540 4928 17400 4634 13926 -4749 END
START -7656 5080 19396 3290 12198 -4358 END