START 4320 480 15796 1974 -3171 -1713 END
START 3868 108 15516 3452 -2340 -341 END
START 4084 108 14600 4335 -1370 1179 END
START 3600 692 13628 4621 -850 3097 END
START 2884 1480 13060 4500 -323 4431 END
START 2228 2620 12692 4129 -87 4956 END
START 1900 3476 12480 2570 936 4008 END
START 1452 3560 11772 746 1775 2246 END
START 1936 2896 11564 -655 2018 500 END
START 2656 1920 11360 -1441 2576 -866 END
START 3560 1336 11716 -2516 4195 -2822 END
START 4160 612 11548 -2265 6028 -3921 END
START 4080 224 11708 -1508 8403 -4659 END
START 4740 -284 11448 -326 11254 -5032 END
START 1588 -32 11492 2152 14162 -4933 END
START 2476 -176 11368 3284 15578 -5098 END
START 2672 400 11160 3859 18184 -6048 END
START 1500 -136 10060 3534 21602 -6526 END
START 792 -216 9028 1813 24569 -7548 END
START 104 -984 6732 296 26225 -7891 END
START -932 -112 6388 214 27402 -6079 END
START -312 -404 5712 976 29131 -4071 END
START -4880 1132 9908 -486 32767 -2879 END
START -4056 880 7312 -219 32306 1437 END
START -5856 2924 9924 915 32767 1420 END
START -6636 2908 10228 -2249 32767 -628 END
START -7152 4052 13520 -5568 32767 -4144 END
START -9072 3792 13744 -9791 32767 -8069 END
START -9788 896 13076 -14774 32767 -8672 END
START -15992 -620 14576 -16407 32767 -6490 END
START -17072 -2688 16052 -14350 32767 -2604 END
START -19548 -2432 15200 -12284 29903 1002 END
START -22028 -1292 17460 -6713 23357 4748 END
START -20804 952 20844 -3889 21298 5245 END
START -21456 2624 21724 -4711 20642 1232 END
START -22264 1992 22356 -6625 19635 -3543 END
START -23244 -1156 19956 -9487 14541 -7294 END
START -22080 -2336 18224 -7978 7072 -5691 END
START -20592 -3172 17936 -3341 2008 -637 END
START -20372 -2532 18376 -490 -441 2441 END
START -19584 -1548 17204 137 -3537 2904 END
START -18784 -780 16972 179 -6569 2240 END
START -18244 -380 16656 -189 -8331 1122 END
START -17820 -480 16288 -651 -9505 315 END
START -17704 -1408 14724 -919 -11084 -359 END
START -17108 -2612 13848 81 -13721 -176 END
START -16748 -2364 13056 1553 -16961 1130 END
START -16116 -2768 11796 2622 -21371 2017 END
START -15504 -3128 10952 3807 -27171 3188 END
START -12500 -3696 9748 4599 -32768 4315 END
START -15216 -3468 9088 7109 -32768 4566 END
START -12624 -5644 7820 10116 -32768 2135 END
START -11808 -3996 9008 12241 -32768 455 END
START -8516 -2460 7112 13480 -32768 -2115 END
START -5728 -1112 8576 14352 -32768 -5309 END
START -2632 -280 10492 10570 -32768 -8802 END
START -416 632 12900 5935 -32768 -13238 END
START 860 196 13316 1156 -28601 -17454 END
START 1820 -2064 11744 3176 -22084 -18825 END
START 2448 -1712 12280 7865 -17875 -19728 END
START 3200 -2948 12224 10300 -13855 -20252 END
START 3224 -1532 12484 17480 -8904 -16847 END
START 3816 292 12984 17546 -1694 -14739 END
START 3216 2408 12488 17235 3377 -12749 END
START 1944 4408 11284 18273 5434 -10385 END
START -136 7028 11128 16870 6244 -10294 END
START 944 7556 12700 12946 11560 -13227 END
START 1124 10256 11180 9248 13059 -15979 END
START -124 12028 10420 7887 14507 -18114 END
START -200 13132 10864 3410 19287 -19322 END
START -1820 14052 11564 -3740 25096 -22274 END
START -1320 13820 12980 -11670 32767 -26605 END
START -5884 9212 10236 -22817 32767 -19817 END
START -7960 6664 13080 -23875 30151 -6313 END
START -8016 3484 12880 -19985 18141 14462 END
START -9724 2544 16972 -16203 10801 30376 END
START -10044 532 21248 -12435 11106 32767 END
START -7924 -488 21120 -390 11250 32767 END
START -20468 2096 16392 12278 7560 32767 END
START -19896 6276 20608 24528 10553 32767 END
START -26540 12536 13880 17779 -13382 32767 END
START -18780 14228 18316 13616 -27723 32767 END
START -11268 18396 25424 2530 -31030 10938 END
START -5820 9816 18852 -24832 -27164 -19246 END
START -1868 1648 13772 -26765 -29945 -28037 END
START 3880 -2936 12120 -19142 -30539 -27887 END
START 5668 -4072 11688 -12106 -27214 -25966 END
START 7264 -3852 13500 -5760 -19162 -17071 END
START 7660 -3952 15820 -743 -10469 -3523 END
START 5984 -1956 16672 -1836 -553 2571 END
START 2712 56 14744 19 3764 4233 END
START 3008 1148 13324 3152 4221 5871 END
START 2668 3860 12584 3755 7629 4826 END
START -2356 4004 13372 838 12025 1094 END
START -5244 4208 12256 2298 11560 172 END
START -6220 4304 13100 2168 9261 -508 END
START -5120 5156 13464 3065 7735 117 END
START -5456 6660 15896 4145 7068 855 END
START -5308 7032 18228 1535 6635 849 END