START 680 304 12932 567 3103 -2779 END
START 268 856 13388 1499 4316 -1222 END
START -52 1612 13044 1128 5719 -215 END
START -392 2184 12580 766 6625 1571 END
START -820 3412 12720 47 7464 2867 END
START -1236 4436 12380 -1123 7843 3163 END
START -956 4976 12416 -2803 8446 2953 END
START 1336 5904 13888 -3480 13559 3911 END
START 1392 5428 14356 -6748 12390 1235 END
START 736 3700 14000 -7508 14070 2069 END
START 316 3272 14648 -8365 16111 3472 END
START -456 3612 16268 -9204 20124 5211 END
START -344 3416 16028 -10171 23625 6699 END
START -604 3324 17056 -9945 28536 7032 END
START -1836 2284 14336 -9898 31985 7370 END
START -1924 1960 14888 -8767 32767 7659 END
START -3312 2956 20700 -20200 32767 3851 END
START -5204 308 14720 -28332 32767 -1145 END
START -6972 -3320 13648 -29797 32767 -249 END
START -10932 -7776 10696 -31584 32767 -2268 END
START -13972 -9572 10592 -17887 32767 4916 END
START -19908 -7632 11980 -4978 32767 11050 END
START -25820 -4584 15108 -1724 17308 9082 END
START -26364 -3164 15436 -572 2551 4248 END
START -23864 -4596 16640 1266 -8207 -1240 END
START -20736 -5020 18996 839 -14169 -7163 END
START -17712 -5556 19060 1535 -17342 -9772 END
START -15604 -5892 19256 3467 -19283 -9609 END
START -14836 -6484 19448 2813 -17523 -10046 END
START -13948 -8280 17044 4738 -17022 -8360 END
START -9168 -9956 13372 8595 -22378 -3969 END
START -12516 -8296 12636 13687 -26984 2187 END
START -11112 -5448 12424 17934 -30894 5914 END
START -10000 -1756 13692 19394 -32768 6442 END
START -8976 1020 13248 17698 -32326 2832 END
START -7624 1628 14572 13606 -31398 -3725 END
START -6208 1444 14460 9367 -30425 -11858 END
START -4852 -760 13236 5760 -27341 -19844 END
START -2892 -3788 11688 6862 -25343 -25464 END
START 580 -5276 10224 14421 -25554 -24110 END
START 2364 -4524 11404 17460 -25680 -18756 END
START 1904 -1192 12276 21831 -21188 -14135 END
START 1952 3012 14444 18982 -14168 -14300 END
START 2448 6316 17528 15455 -6282 -15555 END
START 5628 6264 17276 12969 -1322 -18985 END
START 6368 6128 16624 15645 812 -23668 END
START 6004 4188 13740 15440 6427 -23345 END
START 5092 4432 12504 12079 13508 -22747 END
START 3688 6356 8760 7320 20880 -20164 END
START 2368 7324 7416 4988 24641 -16862 END
START 124 10004 9008 971 29464 -13974 END
START -2380 11368 10812 -8428 32767 -17094 END
START -176 9660 11964 -25897 32767 -21791 END
START -2896 4572 10996 -32768 32767 -21428 END
START -6352 1344 8860 -32768 32767 -7033 END
START -7232 -2452 8500 -26266 32767 14342 END
START -12076 -864 10336 -18903 32678 30822 END
START -14580 -768 13112 -8812 27634 32767 END
START -18252 1884 14236 -1489 20408 32767 END
START -20576 3380 14468 -3121 14066 32767 END
START -26872 4812 15204 5622 -7786 32767 END
START -25712 5120 14872 6661 -21110 32767 END
START -23100 5844 10408 11981 -24908 32767 END
START -23372 10564 23148 563 -25573 17130 END
START -13684 7628 18304 3579 -31985 -613 END
START -9800 2572 15096 -5900 -32768 -15014 END
START -2656 -8 14656 -4380 -32768 -19453 END
START -2392 -1716 11828 -2789 -32768 -16811 END
START 1572 -768 13728 -760 -31698 -10651 END
START 1180 964 13172 -3849 -22719 -5994 END
START 1796 1096 12724 281 -17271 190 END
START -224 4076 15368 -2158 -11813 2270 END
START 192 4692 13456 -3219 -8106 -469 END
START 812 4284 14240 -4231 -6127 -4720 END
START 1248 2596 13964 -4287 -3320 -6888 END
START 440 1628 13964 -3085 411 -5913 END
START -340 1352 14116 -1620 3488 -4112 END
START -1868 1276 13808 -604 6073 -2392 END
START -3476 824 13532 1380 6463 -254 END
START -3900 1432 14876 3802 5445 1837 END
START -4888 4372 18436 5524 4092 3465 END
START -4888 6420 19556 2974 5139 3622 END
START -4392 7560 17896 -115 7494 5547 END
START -4608 6624 18368 -1870 7498 5706 END
START -5988 3856 17024 -6108 7119 3931 END