START 1448 1388 13668 201 -6081 71 END
START -92 3480 17376 1590 -5203 948 END
START 388 2636 15760 1100 -3534 -969 END
START 664 2212 15948 845 -3455 -1382 END
START 332 1576 15904 98 -2290 -1386 END
START 132 1044 14408 1068 -2291 57 END
START -776 1324 14480 1840 -1938 1733 END
START -856 2112 14104 2556 -2750 2912 END
START -1032 3028 14584 2393 -3672 2878 END
START -216 3376 15120 2022 -3481 1905 END
START 228 3276 15244 1390 -2733 510 END
START 924 2388 14892 952 -1727 -675 END
START 1328 1884 13780 997 -512 -1000 END
START 1432 1956 12928 1245 856 -747 END
START 1308 2400 12332 1805 1953 -292 END
START 880 3276 12344 1550 2832 -87 END
START 248 4028 12296 803 3465 -99 END
START -96 4432 13064 209 3772 -309 END
START -172 4476 13696 -886 4655 -1048 END
START 8 3980 13780 -2288 5916 -1824 END
START 652 3284 13456 -2587 7061 -2044 END
START 2772 2864 12828 -3770 8908 -2263 END
START 2404 2344 12308 -2672 10337 -1379 END
START 2380 2356 12156 -1247 12500 -366 END
START 2120 3196 11672 -1087 14312 -581 END
START 2416 3368 11096 -406 17192 485 END
START 2524 4196 11672 -2291 21746 220 END
START 460 4348 12572 -5001 27696 -1712 END
START -680 4696 12540 -9520 29368 -3642 END
START 8 3688 12004 -13278 27868 -5473 END
START -248 1432 11988 -15652 32282 -5786 END
START -1680 -808 12868 -15841 32767 -5071 END
START -4356 -2336 13496 -12893 32767 -1584 END
START -7520 -2388 15352 -10779 31935 1628 END
START -8936 -1564 16864 -9481 29864 3012 END
START -9448 -1448 17616 -8843 28525 2637 END
START -11428 -528 18768 -9237 29158 1324 END
START -11636 -932 18004 -10101 29989 -1946 END
START -11860 -1916 17228 -11339 32767 -3798 END
START -15072 -2316 16248 -12324 32732 -5894 END
START -16108 -2892 15612 -10347 27795 -4852 END
START -17136 -3844 16372 -8079 21176 -2424 END
START -16728 -3364 14892 -5698 13835 1013 END
START -18136 -2664 17032 -3404 9756 4362 END
START -18276 -2856 15780 -1618 5627 5542 END
START -19024 -2088 16592 -843 2585 4917 END
START -17896 -1720 15548 498 370 3402 END
START -17696 -1232 15756 22 -1126 848 END
START -17524 -1164 15236 -316 -2316 -1547 END
START -18020 -872 14952 -649 -3878 -3296 END
START -18556 -1860 14368 -1296 -7704 -3967 END
START -18100 -3488 13884 -768 -12735 -3466 END
START -16848 -4432 13764 1047 -17251 -1363 END
START -15584 -4296 13536 3556 -20805 905 END
START -13748 -3652 13216 6337 -22620 3037 END
START -10220 -2904 12228 7371 -24801 4184 END
START -11276 -2964 13104 6911 -26111 2846 END
START -11732 -3948 11772 6956 -29407 1217 END
START -11860 -4192 11308 8817 -32768 1988 END
START -9040 -4492 10148 11340 -32768 2443 END
START -6996 -3408 10792 14838 -32768 2054 END
START -6736 -3052 10604 15684 -32768 -1349 END
START -6012 -1484 8764 15940 -32768 -4569 END
START -3468 -692 9196 13816 -32768 -9021 END
START -2312 -736 10388 11809 -32768 -12390 END
START -236 -404 11980 10413 -32768 -15258 END
START 548 492 12524 9510 -25299 -17886 END
START 2312 448 13556 9489 -20569 -17157 END
START 4520 1672 15420 9420 -17613 -18207 END
START 5540 1796 14904 12778 -14755 -18326 END
START 8316 3028 17736 11992 -9366 -17690 END
START 7756 3620 17920 10901 -23 -16117 END
START 6760 4260 15116 11657 7835 -14525 END
START 4624 5188 12768 13498 12319 -12928 END
START 3648 6796 10824 14256 14086 -10561 END
START -1072 8996 11608 11644 16056 -10105 END
START 1500 9560 9700 6579 15918 -9666 END
START -1064 10724 10036 2058 15789 -9518 END
START -2180 10968 10916 -3330 16244 -10343 END
START -3860 10984 12112 -10721 16143 -11400 END
START -3140 9844 15128 -17803 23457 -10475 END
START -3800 8688 14596 -18720 24679 -7496 END
START -5748 5488 15336 -20061 27190 -2200 END
START -6780 1256 14052 -10875 24737 9931 END
START -8672 3084 16500 -4180 22206 21597 END
START -7884 5072 16456 -3371 19832 28473 END
START -11848 7532 18924 -838 14151 32055 END
START -14412 6372 19000 -982 9421 30282 END
START -13736 5312 17908 1697 3817 28263 END
START -17388 6052 20732 969 -2654 23217 END
START -16352 5656 18720 1964 -10781 18695 END
START -14640 5780 19360 579 -18889 13362 END
START -9680 4468 19400 -969 -22518 7882 END
START -8228 2420 20728 -438 -21354 6584 END
START -5492 1740 19796 -5576 -19120 1035 END
START -4096 204 14952 -6847 -16573 -140 END
START -1728 -560 14680 -2706 -16888 2289 END
START -1016 1384 15012 86 -16511 4163 END
START 584 2368 15704 1160 -12986 6009 END
START 528 2888 15664 -1087 -9073 5690 END
START 2300 3368 14888 -1153 -5250 5269 END
START 1384 4148 15308 -1757 -946 2961 END
START 728 3900 13908 -1164 3289 616 END
START 300 3624 13960 -1709 5399 -1952 END
START -692 2324 13780 -1832 6720 -4035 END