START 1148 -1232 6856 -1320 85 -3474 END
START 1892 -436 7928 2642 893 -466 END
START 1928 1056 9016 1340 1847 -1377 END
START 792 1196 8680 -286 3446 -2043 END
START 828 476 8772 -2917 6455 -3261 END
START -280 -284 7520 -2073 7161 -1554 END
START -748 -624 7336 -1313 8190 -273 END
START -1160 -972 6784 -699 9049 757 END
START -1032 -1124 6568 -9 9682 1389 END
START -884 -708 6636 646 10581 1832 END
START -516 -120 6808 1164 12006 1980 END
START -436 548 6912 1125 13550 1733 END
START -504 1044 7932 880 14624 1477 END
START -752 1280 8704 -117 15897 1030 END
START -964 1436 9812 -1640 16831 138 END
START -996 1068 9884 -2894 18403 -1154 END
START -908 328 10020 -2846 20103 -1792 END
START -952 1120 9540 -2595 21815 -2442 END
START -1312 976 9492 -2614 22337 -2854 END
START -1952 -608 12824 3571 26473 3405 END
START -4688 1492 13580 2155 28537 4446 END
START -7032 2868 13976 -1204 29387 1707 END
START -7524 2632 14232 -196 29080 3711 END
START -9448 4412 15772 1112 24430 3833 END
START -8936 3936 19720 835 23471 5036 END
START -11772 5076 24636 935 21182 3598 END
START -12860 5256 27308 -3212 18804 774 END
START -14612 2908 29264 -6719 15036 -2888 END
START -15516 1236 30588 -5766 12655 -774 END
START -14092 1080 32767 -3345 7122 237 END
START -14384 1632 32767 -581 5459 3627 END
START -13856 2080 32767 -859 1848 3434 END
START -14528 988 32767 -1985 -397 1587 END
START -14284 180 32767 -2307 -2855 637 END
START -14752 -872 32767 -1563 -6025 666 END
START -13648 -1100 32764 -831 -9776 1053 END
START -12132 -1244 30392 -1375 -12038 -92 END
START -11360 -1664 28136 -1962 -14373 -1351 END
START -10524 -2288 25720 -1215 -16551 -1709 END
START -9504 -2832 23616 -909 -18464 -2507 END
START -8344 -3536 20644 -776 -19722 -3158 END
START -7884 -3560 18396 -240 -20845 -3469 END
START -7184 -3476 16116 395 -21468 -3939 END
START -6368 -3236 13588 1081 -22009 -4487 END
START -4432 -5764 15040 1938 -14452 -2703 END
START -6724 -3292 10996 1170 -20060 -6120 END
START -2336 -5384 9188 1957 -22133 -8492 END
START -2524 -4896 8088 4050 -21103 -9086 END
START -1544 -4172 6776 5890 -19285 -10246 END
START -636 -3192 5832 7344 -17116 -11611 END
START 212 -2332 5240 8616 -14915 -12584 END
START 1004 -1600 5036 9909 -12111 -12764 END
START 1380 -1364 5576 10769 -9098 -12393 END
START 1548 -912 4444 11014 -6476 -11242 END
START 1576 480 6084 10776 379 -12310 END
START -864 1280 4352 13324 3383 -11276 END
START 492 2880 4136 14489 5609 -9901 END
START -132 4644 4392 15128 8137 -9174 END
START -84 6652 5212 15463 9254 -8704 END
START 264 8964 5920 15613 8216 -10208 END
START 1268 9800 7980 12278 9794 -12704 END
START 1236 11608 8900 7393 13425 -16069 END
START 1200 11788 8516 1609 16137 -18855 END
START -128 11664 9468 -4220 16981 -17779 END
START 568 14512 14636 -10763 25101 -16768 END
START -920 13140 13852 -14992 25619 -8704 END
START -680 12800 17740 -17326 25977 2125 END
START -2492 12220 19740 -19627 24280 9223 END
START -4284 10396 20916 -18606 22503 19927 END
START -7792 9692 26604 -15449 22615 24318 END
START -10888 8184 28828 -7031 29220 29233 END
START -17192 6136 27508 -2097 23508 29040 END
START -19624 3580 26260 -1012 16543 26750 END
START -24748 2684 26120 4672 1565 23537 END
START -24572 3276 24612 3052 -12719 15574 END
START -18920 2344 22740 145 -23057 7530 END
START -14024 632 21940 -2940 -30461 513 END
START -9428 -1624 19540 -6469 -31897 -6678 END
START -2796 -5160 16540 -7564 -28362 -7194 END
START -3100 -5124 11536 -7108 -24242 -2098 END
START -376 -4020 8616 -2140 -25162 607 END
START 2356 -2852 10328 113 -20440 4603 END
START 1668 -724 11396 -1566 -14723 5997 END
START 1412 520 9804 -1862 -10324 6145 END
START 1216 1392 11152 -1104 -5450 7042 END
START 3012 1988 11360 -1668 -2251 5067 END
START 3664 996 11284 -2210 3059 1484 END
START 3876 380 11348 -1651 7842 1211 END
START 2824 1012 12224 608 11196 2199 END