START 948 4676 14596 3158 3739 637 END
START -548 6004 14632 -297 1790 -2930 END
START 568 4800 13144 -2581 2703 -4384 END
START 1024 4808 13440 -4089 4604 -4072 END
START 1088 3996 12140 -3722 5368 -1692 END
START 1148 4320 12656 -3551 7192 942 END
START 1252 4936 12192 -4031 9613 3529 END
START 612 5064 11744 -5329 12938 5530 END
START 924 4136 8804 -4580 15400 8199 END
START 588 5336 10860 -8114 18200 8941 END
START 860 5236 10280 -10134 25240 7327 END
START -860 2668 8436 -10499 25616 4389 END
START 312 1756 10088 -7852 27398 3515 END
START -536 1108 9844 -5452 31100 2341 END
START -1904 1060 8796 -4087 32767 1453 END
START -2856 1028 14120 -4307 32767 -213 END
START -3092 3196 14676 -17439 32767 -3019 END
START -6844 636 7748 -22033 32767 -3046 END
START -9292 -3560 10080 -18596 32767 -357 END
START -12968 -4496 11244 -18481 32767 -635 END
START -14564 -4480 14004 -9177 32767 5854 END
START -16396 -4608 17804 -6486 19912 6299 END
START -17756 -3524 19860 -6811 7620 3817 END
START -18504 -3704 21716 -7176 3633 2844 END
START -15484 -4388 24020 -3890 5827 1600 END
START -18024 -3900 23216 -4172 6959 -774 END
START -18220 -4480 20980 -938 839 -149 END
START -16124 -4232 22692 -230 -3549 -1298 END
START -14992 -4316 22712 -631 -5643 -2748 END
START -14976 -5220 21584 -542 -8425 -2692 END
START -14780 -5948 20248 -52 -12003 -1643 END
START -13748 -6148 19560 1963 -14316 814 END
START -12896 -5652 18784 4981 -15760 2648 END
START -15620 -4116 19284 6637 -18028 2480 END
START -12728 -4240 17288 5340 -20297 718 END
START -11576 -4112 16436 4061 -23340 -1321 END
START -11640 -5372 15156 4457 -25776 -2228 END
START -9052 -6276 14364 6438 -28864 -3137 END
START -7856 -6108 14152 9670 -27674 -1456 END
START -7124 -5628 12508 10684 -29896 -3235 END
START -5924 -4748 12308 11745 -28856 -5343 END
START -3772 -3368 11224 11180 -25834 -8819 END
START -2416 -2596 11328 13095 -24227 -11797 END
START -2180 -1864 10052 15496 -22402 -13227 END
START -896 404 11976 18241 -20369 -14686 END
START 976 2564 14284 17043 -15331 -18082 END
START 2792 2588 13836 15615 -10801 -20721 END
START 1952 2224 13976 16401 -5913 -25099 END
START 5020 3084 13096 20929 -3345 -28561 END
START 7340 3284 14068 22333 3374 -27385 END
START 5392 3044 11392 20679 9326 -25672 END
START 2400 3168 9700 17812 13713 -23280 END
START 832 5340 8740 14276 18232 -17988 END
START -1164 6656 7184 7516 19814 -14756 END
START -2872 7392 6476 2563 19893 -11176 END
START -4628 9848 7724 -1916 18793 -8127 END
START -5644 13052 11256 -8566 22464 -9699 END
START -5376 11120 8720 -11390 19767 -4377 END
START -3132 9432 14536 -15610 21944 -2609 END
START -5444 9556 13896 -18163 24473 -1807 END
START -7232 8392 17780 -23837 29232 -1523 END
START -8400 5280 17672 -24208 32767 3381 END
START -11176 108 17980 -17987 32767 14704 END
START -13128 -1532 18944 -8690 28966 25771 END
START -18088 464 20396 4053 21805 32767 END
START -22444 2464 17500 8652 12153 32767 END
START -26760 5636 18340 10715 -1469 32767 END
START -24868 4504 15156 8420 -12868 32100 END
START -21664 6880 22704 3486 -27565 13885 END
START -16772 4924 18052 -1603 -32768 -1243 END
START -9504 1536 18048 -5701 -32768 -11132 END
START -4032 -1352 16648 -5739 -32768 -14894 END
START -716 -3604 14260 -3145 -28773 -13085 END
START 2476 -4420 11008 -519 -24879 -8065 END
START 2100 -3160 11384 -1407 -20050 -4985 END
START 3712 -2004 10280 -1292 -13517 -2139 END
START 3376 480 11468 -1343 -7505 1856 END
START 3128 2340 13520 -293 -2814 4556 END
START 668 3700 14324 -484 3293 3483 END
START 2828 4608 14220 -1318 8799 2372 END
START -1684 4040 13000 -3544 15282 1099 END
START -4812 1904 11092 -6587 16856 227 END