START 1236 120 13980 -4559 -4609 -368 END
START 540 -260 12520 -251 -6999 3064 END
START 140 728 14352 -2005 -4890 715 END
START 432 -612 12060 -2658 -3357 -663 END
START 124 -1116 11368 -2019 -1664 -1446 END
START -484 -2192 8652 -1647 -210 -1224 END
START -2428 -1592 7812 423 227 398 END
START -2528 -532 6384 1236 1643 1400 END
START -1660 -304 5228 3045 1208 3161 END
START -1576 844 6080 2871 2732 2818 END
START -1512 1324 5712 3241 3650 2706 END
START -1588 1432 5184 3372 6765 3709 END
START -772 1392 5344 1749 6577 2499 END
START -552 1904 5612 1029 8198 2496 END
START -264 1556 5056 327 9129 2709 END
START 84 1284 5164 -28 9836 3037 END
START 280 1280 6236 -630 10525 2969 END
START 212 1164 6912 -910 11403 2885 END
START -60 1032 7720 -1641 12800 2372 END
START -388 684 8144 -2474 14422 1716 END
START -760 580 8512 -2410 15233 1034 END
START -812 -180 8896 -2955 16997 500 END
START -1092 -1184 8820 -1765 18036 1319 END
START -760 -1392 10096 -915 18071 1934 END
START -1424 -1420 13240 -1207 18515 1956 END
START -2292 -36 13292 -2521 18211 629 END
START -1552 -3160 14512 -2687 20922 1156 END
START -4216 -3900 15352 1951 21629 4131 END
START -4808 -2688 16028 3674 21029 2542 END
START -4220 -1572 17444 4822 20558 1761 END
START -4616 804 20524 6442 19513 1815 END
START -4744 2112 23444 6532 20331 3776 END
START -6452 2924 24592 4925 21044 3499 END
START -9160 2528 24532 2435 19845 2733 END
START -11400 2788 25704 783 17620 1228 END
START -11980 2940 26112 1409 15207 2113 END
START -12328 4752 28592 2461 12136 3285 END
START -13188 6720 30900 1628 8811 3009 END
START -13152 7100 32767 -853 6001 1573 END
START -13844 6048 32767 -4822 4184 -951 END
START -14904 3840 32767 -6378 2519 -1914 END
START -14536 1304 32767 -5736 -232 -1373 END
START -15752 420 32116 -4628 -2413 146 END
START -14692 -344 31052 -2706 -5318 1672 END
START -13680 144 30556 -2863 -8104 1272 END
START -12856 -484 29768 -2910 -10433 796 END
START -12248 -848 28800 -3463 -12531 -471 END
START -11624 -1916 26828 -3829 -14373 -1707 END
START -11752 -2852 24352 -3010 -16213 -2103 END
START -10808 -3628 21840 -2694 -17903 -2931 END
START -10004 -4368 19164 -2061 -19488 -3574 END
START -9168 -4864 17448 -1591 -20744 -4687 END
START -7948 -5800 15400 -899 -21692 -5930 END
START -7004 -6648 13340 -161 -22024 -7583 END
START -5688 -7064 11684 727 -22068 -9077 END
START -4384 -6760 10268 2302 -21337 -9407 END
START -6676 -5280 8284 5645 -19207 -8496 END
START -2824 -5032 8108 4171 -18895 -11076 END
START -2152 -5392 7376 5445 -17362 -11045 END
START -2148 -4668 7508 6350 -15312 -11391 END
START -2032 -4416 6336 6852 -12672 -12115 END
START -1404 -3596 4964 8571 -10395 -11885 END
START -520 -2192 4328 9539 -7869 -11542 END
START 68 -464 3140 10371 -5258 -10942 END
START 540 1108 3004 10873 -2865 -9536 END
START 476 3256 3304 10263 -1598 -8875 END
START 456 4736 3960 8800 -382 -8776 END
START 608 6068 4628 6775 1434 -9070 END
START 684 6296 4528 5274 3292 -9334 END
START 816 6172 4720 4015 4972 -9354 END
START 892 6096 4784 2570 6721 -9424 END
START 1188 6220 4936 2021 8232 -9115 END
START 272 6828 6264 2775 8935 -8431 END
START 1756 8048 6620 3288 10728 -6463 END
START 780 9852 8268 4378 12604 -4707 END
START 600 11548 9176 4571 14314 -2751 END
START -132 12828 10160 3016 16006 -1508 END
START 300 13396 11820 1273 15860 -59 END
START 936 14112 15980 -3724 19623 277 END
START -1340 16100 14064 191 16467 3618 END
START 816 15660 20580 2124 15817 5581 END
START 160 16300 23848 232 16300 8235 END
START -1848 16720 27604 666 16538 10451 END
START -4676 16284 31256 -3255 13913 10420 END
START -6372 12956 32348 -6849 10718 9655 END
START -9052 8172 32767 -8218 5299 8856 END
START -11192 4604 32767 -9340 1459 4954 END
START -8964 264 32767 -8870 -1509 1872 END
START -11188 -1344 32767 -3227 -4918 4047 END
START -10364 -1724 30060 595 -6761 7116 END
START -8920 -960 26820 5103 -7373 11330 END
START -7936 1352 23624 6508 -7615 13794 END
START -6272 3092 19588 4686 -6024 16727 END
START -7212 3748 14540 1754 -8755 13510 END
START -5596 1148 12888 -1608 -9304 10484 END
START -4532 -652 10916 -3963 -9225 7408 END
START -3680 -2468 8264 -6053 -10404 3194 END
START -916 -4656 6820 -6268 -8819 793 END
START -88 -6176 5404 -4786 -5717 2218 END
START 488 -5700 6168 -3770 -3540 3517 END
START 1260 -5708 5796 -2089 -1576 2155 END
START 1376 -4168 7924 -450 931 1791 END
START 1084 -2656 9592 1689 4420 1274 END
START 1896 -196 10476 2147 10035 -374 END
START -916 1664 12468 2074 14539 -4015 END
START -2992 772 10512 2441 14674 -4334 END
START -4052 -244 12216 3706 13325 -2934 END