START 2312 -484 13440 -718 -1628 -3066 END
START 1324 -256 13940 642 78 -1604 END
START 408 584 13832 1053 1766 -1129 END
START 104 800 13476 1471 2598 -2241 END
START 740 1132 13548 1948 4552 -2478 END
START 108 2212 14024 1658 6848 -3693 END
START 764 2580 13456 765 9198 -4779 END
START 36 2608 13524 -1063 10861 -5711 END
START 328 1584 11888 -1657 11953 -6165 END
START 2324 1044 11400 -2302 13668 -5726 END
START 440 804 10656 -296 14413 -3781 END
START -68 1964 11480 622 16102 -1152 END
START 352 3140 11504 806 19085 -1730 END
START -484 2692 11360 -356 21785 -2711 END
START -1792 3012 10212 -794 23597 -2144 END
START -1616 2584 12224 -6085 27653 -3987 END
START -1640 2524 12940 -9007 32767 -4186 END
START -3396 1660 11924 -16338 32767 -6057 END
START -8632 -364 8644 -16247 32767 -5872 END
START -10892 -2140 9916 -10331 32767 -1770 END
START -12896 -1656 12004 -3959 21617 711 END
START -12204 -160 14564 -1233 10151 1467 END
START -14108 2704 17952 -5198 -449 -3206 END
START -8904 -36 19892 -9172 -4579 -6156 END
START -5848 -696 21996 -8007 2883 -6591 END
START -7604 -1624 25904 -13427 15171 -9251 END
START -10580 -4528 18664 -7289 12578 -4311 END
START -11176 -4624 20100 -4649 7717 138 END
START -11092 -3760 21364 -3116 5657 1720 END
START -11720 -2404 21504 -321 3721 3833 END
START -11968 -2136 22020 -604 2392 3788 END
START -12764 -2436 21656 -1601 93 2852 END
START -12872 -3048 21184 -1704 -2787 2272 END
START -12876 -3608 19900 -18 -5537 2500 END
START -12736 -3664 19220 2850 -8158 3267 END
START -12560 -2928 18896 4420 -11253 2730 END
START -11940 -3132 18156 4778 -14097 1104 END
START -11496 -3780 16932 5773 -17049 -1090 END
START -11644 -4208 15440 7455 -20889 -2025 END
START -11160 -3444 13776 11325 -21907 1003 END
START -9176 -3628 12156 13291 -28380 -597 END
START -7732 -2164 11028 14475 -31805 -1468 END
START -5008 -948 10812 13897 -32768 -4582 END
START -2496 -1264 10476 11917 -32768 -8037 END
START -80 -32 11056 9981 -31824 -11014 END
START 2028 -200 11076 7627 -26431 -13481 END
START 3748 540 12860 7165 -23816 -13710 END
START 6664 1628 14388 8022 -19479 -13787 END
START 7008 1788 16100 8300 -12217 -15393 END
START 4680 2060 15296 10230 -4423 -16711 END
START 5848 3152 15060 11772 4591 -17670 END
START 6024 4412 13884 13625 11122 -16604 END
START 3260 5620 11540 13622 15862 -13448 END
START -1868 7056 9124 14519 18336 -11152 END
START 132 7732 9096 11468 19699 -10797 END
START -1108 8968 7868 7638 21309 -8149 END
START -4316 10708 8340 2538 18787 -8344 END
START -3952 12236 11280 -5858 19078 -8155 END
START -3692 11664 11768 -15883 19308 -6067 END
START -2200 10656 13896 -21500 22503 -810 END
START -1936 8788 14536 -22149 22141 6339 END
START -2636 4420 16424 -18713 28248 15625 END
START -4916 4352 16264 -14673 32767 23130 END
START -10320 2356 13136 -9639 32767 30106 END
START -17128 2788 17672 -277 30341 32767 END
START -21624 4056 13204 6649 13824 32767 END
START -24348 6808 16912 9448 489 32767 END
START -25252 8964 17636 4188 -15535 23852 END
START -19644 9460 20596 -392 -29903 7848 END
START -12336 6968 22432 -9727 -32401 -6548 END
START -6572 2900 23516 -12303 -31110 -18058 END
START -3692 -2332 18120 -14504 -24277 -23414 END
START 324 -7024 12548 -6937 -21139 -17882 END
START 4708 -8768 13580 3224 -20407 -4517 END
START 1888 -4088 16448 5043 -14178 1984 END
START 896 248 15560 3924 -10883 7840 END
START 168 3080 17084 1109 -7228 8521 END
START -752 4776 16484 -997 -4793 5554 END
START -1204 4940 15368 -2614 -3227 2882 END
START -1016 3560 14692 -3130 -931 852 END
START -752 2000 14404 -3888 1954 -1581 END
START -1172 600 13892 -2628 3927 -2339 END
START -1448 336 14864 -346 5053 -1546 END
START -1844 352 15148 1650 6045 19 END
START -2920 812 16208 3552 7368 1778 END
START -2884 2284 16520 4963 8726 1992 END
START -4096 4640 18596 5377 10264 2429 END
START -4268 4528 19072 2498 9704 2756 END