START -256 -2068 9984 2189 -1307 -3970 END
START -1368 -804 9252 4034 -1512 -1232 END
START -1716 696 8428 3679 -518 -1149 END
START -1688 1420 7216 2888 563 -933 END
START -1600 1804 6184 2415 1378 -462 END
START -1752 2636 5696 2137 2200 -166 END
START -1936 2984 5140 928 3770 -434 END
START -2248 2780 3948 -168 4723 -540 END
START -1492 2052 3300 -849 5180 200 END
START -1012 2016 3488 -1000 5850 1753 END
START -544 1720 4008 -1249 7124 2787 END
START -120 1432 4800 -1779 8626 2900 END
START 344 964 5276 -2094 10165 2844 END
START 268 664 6028 -2194 12084 2432 END
START 132 120 6380 -2101 14492 1619 END
START -504 -296 6576 -2016 16845 974 END
START -1012 -620 6100 -1647 18865 510 END
START -1524 -776 6276 -412 20383 1127 END
START -2044 140 7792 -45 21342 2457 END
START -1752 540 6036 2871 22798 3217 END
START -3256 380 8972 208 23368 2354 END
START -4092 -292 10652 -976 24693 1154 END
START -6752 -264 13272 -3604 25475 -1024 END
START -6504 -2304 12904 3899 26001 4372 END
START -6360 -1404 15452 4334 25798 6943 END
START -7564 1672 16396 2848 24457 4471 END
START -6468 2008 19224 5466 22218 4681 END
START -7348 3420 24396 5336 20418 4949 END
START -9264 2992 29436 2420 19318 927 END
START -10808 2052 30532 -648 20103 839 END
START -13620 1676 32372 -526 16919 748 END
START -13880 2344 32767 639 14903 2605 END
START -15136 4448 32767 3043 11629 4473 END
START -14580 5244 32767 2869 7424 4202 END
START -14564 5380 32767 -1149 4057 1759 END
START -15264 3772 32767 -2899 589 1046 END
START -15444 2392 32767 -3842 -2646 604 END
START -15176 396 32767 -4121 -5972 107 END
START -14352 -412 32767 -3909 -9336 -561 END
START -12616 -1128 31004 -2968 -12195 -929 END
START -11136 -1196 29136 -1831 -15033 -882 END
START -10084 -1012 27260 -1781 -16853 -1182 END
START -9668 -1532 24076 -1874 -18451 -1971 END
START -9044 -2448 21612 -2180 -19962 -3254 END
START -8612 -3232 18504 -2178 -21022 -4325 END
START -7884 -4240 15560 -107 -22204 -4402 END
START -6416 -5416 16032 1221 -19021 -3586 END
START -7692 -4804 12300 1654 -22115 -6588 END
START -4480 -5392 11308 2666 -24897 -8764 END
START -3104 -5332 9712 3104 -24445 -10244 END
START -2608 -3696 8076 3703 -23123 -11597 END
START -3276 -1020 7408 3649 -20774 -13954 END
START -3072 -1448 6584 4079 -19092 -17555 END
START -1840 -2704 6788 6356 -16916 -20686 END
START 1916 -3944 4616 9304 -13732 -20932 END
START 652 -3376 3888 14451 -9968 -17864 END
START 1236 -1200 3052 17234 -4889 -14833 END
START 2040 648 2168 17677 -285 -12587 END
START 2532 3008 2084 19320 1803 -9456 END
START 2736 4364 2424 18381 3902 -8721 END
START 2584 5888 3680 16923 5124 -9249 END
START 2368 7204 4292 13626 6362 -10901 END
START 2500 8064 5396 10263 7467 -12879 END
START 2880 8456 5268 7321 12731 -12758 END
START 1552 10108 5248 6403 16233 -12691 END
START 988 11556 6188 5329 19309 -11398 END
START -460 13896 7208 4532 21321 -9235 END
START 968 15996 8620 1755 25097 -9191 END
START -3040 16364 9232 -8199 24958 -9007 END
START -3400 16240 13504 -7524 20759 -2605 END
START -4484 16820 16096 -15068 19709 2884 END
START -6772 16232 19576 -18386 20396 7750 END
START -7236 15316 20832 -14680 16976 15141 END
START -8904 13964 24300 -13516 20086 19733 END
START -15052 13124 31972 -6579 17762 23441 END
START -16064 12452 32528 -5531 12952 20572 END
START -22856 10736 32767 -8793 6083 14062 END
START -19784 6720 30660 -6962 -3066 12415 END
START -16472 4132 28696 -7112 -11614 10425 END
START -13608 1140 27448 -9135 -17275 4641 END
START -10044 -4392 25424 -8744 -20529 1483 END
START -9012 -6332 21428 -7227 -20752 2180 END
START -7560 -6316 18824 -2977 -18502 5762 END
START -6164 -5088 15252 179 -19051 7216 END
START -3524 -4900 13268 900 -18836 5823 END
START -628 -4072 11224 748 -16452 3758 END
START 800 -3648 10156 -141 -14349 1341 END
START 2820 -3740 8212 884 -9399 2410 END
START 3872 -2412 7400 1186 -4478 1480 END
START 4440 -1860 7036 2732 2404 1475 END
START 4852 52 6596 4444 8448 2183 END
START 3760 1104 6132 5249 15596 2760 END
START 2164 1384 5556 4261 20948 2615 END
START 296 1736 5852 2189 23499 2430 END