START 2388 1408 13380 1157 -3057 2055 END
START 1360 1736 13016 1374 -2411 1921 END
START 1352 1604 11976 785 -2107 768 END
START 968 1152 11572 -74 -1573 -182 END
START 932 736 10736 -693 -622 -572 END
START 396 464 9476 -538 233 -901 END
START 1128 320 8616 -733 1315 -1891 END
START 1448 -52 7496 -115 2932 -2436 END
START 1568 -180 6796 1666 4506 -2046 END
START 1676 628 6092 1803 6820 -1951 END
START 1056 1004 5628 2046 8325 -1330 END
START 528 1528 5084 2232 9937 -53 END
START 436 1988 4836 1852 11720 1174 END
START -332 2428 3968 1288 13240 2243 END
START -1272 3140 3856 774 14419 3137 END
START -1548 3716 4284 -52 15100 3625 END
START -1884 3808 5028 -1637 16094 3190 END
START -2200 3612 5744 -3086 16678 2201 END
START -2040 2980 6928 -4162 17689 715 END
START -1864 2752 8356 -4669 19145 -204 END
START -1852 2640 9268 -4537 20407 -247 END
START -2324 2924 11128 -4695 22134 235 END
START -3476 2856 13612 -6664 23239 -1659 END
START -4716 -308 14392 -3196 24349 2999 END
START -3860 316 15936 -3158 23830 4721 END
START -7172 1620 18692 -2424 22532 4765 END
START -7224 4084 20292 -3439 19986 2246 END
START -7928 3460 24068 -1029 18937 2416 END
START -8700 3332 26592 -1157 16908 2423 END
START -11064 3136 30376 -3536 14903 -1176 END
START -12816 1544 31100 -4911 12482 -3100 END
START -12200 220 31828 -3495 8853 -1815 END
START -13192 744 32767 -1446 5530 362 END
START -12672 1528 32767 -285 2718 1996 END
START -12204 1984 32767 -462 177 2322 END
START -13152 1612 32767 -1124 -1562 1718 END
START -13980 172 32767 -1011 -4492 935 END
START -14108 -952 30512 -881 -6980 -65 END
START -13124 -1944 27840 337 -9694 118 END
START -11616 -2240 26028 1612 -11940 723 END
START -10108 -1876 24340 2635 -13852 585 END
START -8556 -1124 23504 2577 -15277 56 END
START -7640 -1324 23084 2682 -16395 -933 END
START -7368 -2396 21500 1750 -16770 -2583 END
START -7008 -3680 18436 1748 -17261 -3677 END
START -6264 -4044 15720 2930 -17667 -4685 END
START -2532 -5244 12356 5020 -17406 -4461 END
START -4216 -3464 11836 6272 -17481 -5343 END
START -3728 -4020 11664 6250 -17290 -7076 END
START -2752 -4220 11436 5103 -15604 -8296 END
START -1992 -4400 9544 5672 -14155 -9070 END
START -2036 -4024 8720 6861 -12209 -9366 END
START -1632 -2844 6976 7545 -10324 -9792 END
START -1192 -1724 5840 7899 -7960 -10376 END
START -296 -532 5192 8340 -5607 -10581 END
START -8 596 4476 8175 -3056 -10817 END
START -92 2116 3836 8085 -1060 -10480 END
START -48 3516 3956 7396 1065 -10484 END
START 12 4572 3676 6580 3316 -10702 END
START 80 4864 3624 5904 5396 -10584 END
START -240 5660 3400 5212 6738 -10057 END
START 184 6444 3448 4606 7729 -8540 END
START 156 8472 3628 4647 6706 -7181 END
START 1676 10336 5320 5287 10840 -3002 END
START 1020 13396 6532 4589 13157 -815 END
START 644 15588 7892 3903 13956 615 END
START 516 17460 9620 2155 14515 902 END
START -1008 19580 14456 -1874 17016 -1975 END
START -728 18228 13612 -2712 15714 1223 END
START -1280 19648 19040 -3658 15171 2024 END
START -2044 16568 20056 -2207 14057 8313 END
START -6936 17092 27756 -6655 13099 11567 END
START -10896 15440 28032 -9104 10738 11696 END
START -8752 10844 27988 -10678 7237 9889 END
START -14092 8264 28112 -11314 3882 6631 END
START -11676 3780 26216 -7602 -2404 6373 END
START -10796 -72 28236 -8988 -5327 5170 END
START -8188 -2648 27784 -8486 -7501 4236 END
START -7556 -5308 25164 -6781 -8797 5208 END
START -5224 -6568 23744 -5516 -8921 5696 END
START -3960 -6628 21012 -2414 -8360 6104 END
START -1732 -5976 17996 -152 -6520 6995 END
START -556 -4136 15620 2168 -4050 6586 END
START -1304 -2156 15764 3541 -2353 5918 END
START -1720 544 14060 2015 2144 3071 END
START -2588 1660 11660 827 4821 398 END
START -3852 2144 9100 615 7359 -1713 END
START -5324 1440 9428 1305 7131 -2734 END
START -5632 896 9592 453 7181 -4550 END