START 1736 -2268 9820 3354 7306 -5957 END
START 1216 -2832 9712 3144 9010 -4797 END
START 336 -2388 9156 1859 10940 -4067 END
START -540 -2108 8108 753 11835 -2478 END
START -1516 -1776 7840 835 12347 -577 END
START -3640 -916 8008 335 13894 -192 END
START -4044 -72 8032 310 13273 -551 END
START -4460 536 9092 -14 13733 -1801 END
START -4484 532 9416 -838 13945 -3536 END
START -4780 536 9976 -978 14904 -5151 END
START -4620 732 10124 -1976 15336 -6719 END
START -5092 808 11196 -2527 17498 -7120 END
START -5964 -212 10676 -428 18051 -4524 END
START -6216 -168 11440 2626 20322 976 END
START -8312 1636 12520 851 21212 1430 END
START -9656 2228 13080 -1045 19985 85 END
START -9368 1888 13532 -419 19578 2124 END
START -9900 2548 14984 162 18681 1505 END
START -9676 3188 16220 184 16075 -722 END
START -8540 3220 17268 329 18170 -288 END
START -9496 3776 19576 256 18124 -1258 END
START -10872 4748 20940 -2140 15775 -4186 END
START -8880 2840 22416 -4078 15852 -3643 END
START -9320 2800 22880 -3764 15524 -1183 END
START -9984 1976 26772 -4266 16027 -1062 END
START -11936 1636 27092 -3859 14911 39 END
START -11984 704 27116 -3343 13190 899 END
START -13432 1728 27812 -1001 10594 2777 END
START -14456 3120 27776 -265 7813 3483 END
START -14256 4104 28068 -201 4470 3230 END
START -15220 4464 27568 -2784 1056 1168 END
START -14952 3500 26928 -4122 -2909 436 END
START -14332 2420 26976 -5679 -5946 110 END
START -14024 520 26396 -5574 -8131 366 END
START -13816 -948 25652 -4658 -10665 797 END
START -13136 -1644 25404 -2847 -13193 1343 END
START -12616 -1972 24172 -460 -15037 1329 END
START -12736 -1696 21904 1032 -17251 737 END
START -12824 -1976 19468 1703 -20066 337 END
START -12172 -2732 17584 1673 -23333 -253 END
START -11516 -3980 15888 847 -26806 -947 END
START -10572 -4392 15212 1653 -29725 -1345 END
START -8740 -4536 14732 2114 -28815 -1781 END
START -8808 -3956 12096 2858 -24792 -2337 END
START -3200 -3780 11816 3066 -28538 -7025 END
START -2272 -3248 11024 3519 -26143 -9335 END
START -640 -4496 9780 5476 -23825 -9855 END
START 136 -4656 9996 6357 -20303 -9823 END
START -148 -3472 6880 8032 -17676 -9605 END
START -448 -3184 7312 10530 -14951 -11662 END
START -168 -2068 6236 11060 -11199 -12679 END
START 136 -1120 5536 12911 -8061 -12784 END
START -436 180 5956 13557 -4980 -12904 END
START 68 1620 6172 14092 -1714 -13191 END
START 616 2656 6572 14688 1333 -12963 END
START 1520 3580 6808 14792 3947 -11834 END
START 2024 4592 7508 12882 7501 -10993 END
START 1196 5920 6380 11987 10035 -10763 END
START 2384 7212 7680 8926 14202 -8724 END
START 708 8612 6936 8037 15824 -9391 END
START -468 9828 7152 3959 15981 -9312 END
START 1760 12516 11304 -2203 22683 -11051 END
START 32 10508 9920 -14564 29207 -11951 END
START 1404 8840 13452 -12544 32767 -3901 END
START -1396 10084 14304 -11864 32643 5520 END
START -3312 11968 15412 -6976 26986 18515 END
START -4544 13484 19112 -7187 24603 28288 END
START -7532 12980 20632 -8727 21815 32405 END
START -7832 8804 22392 -1136 25628 31003 END
START -16880 9628 22664 -1130 22589 28269 END
START -20200 10436 23784 6399 17173 32767 END
START -24204 10636 22124 8909 -269 31299 END
START -19320 9668 20552 1018 -10413 25163 END
START -17168 7228 20796 873 -18799 18755 END
START -13448 5648 20992 -2859 -22698 11100 END
START -8536 2400 19316 -9138 -19531 4482 END
START -9444 848 13896 -9582 -17102 3156 END
START -3564 1248 14752 -7079 -16284 -462 END
START -1932 800 17148 -8010 -9283 -2005 END
START -1804 824 14512 -6521 -4480 -4206 END