START 1896 -60 13944 782 -1671 106 END
START 980 504 14684 387 -613 126 END
START 424 596 14652 -328 -416 -395 END
START 136 668 15096 -304 -1065 -188 END
START 184 1100 15980 -542 -1045 -378 END
START 380 1436 16568 -915 -663 -783 END
START 652 1536 17236 -459 -462 -615 END
START 828 1748 17644 -255 316 -387 END
START 672 1812 17560 -331 1077 -538 END
START 3160 2132 17160 75 3236 495 END
START 192 2008 17544 -359 1852 -374 END
START -428 1588 16884 -865 959 -918 END
START -332 1168 16316 -319 -25 -379 END
START 440 1444 17408 -427 -371 -306 END
START 844 1316 17980 -478 -376 -225 END
START 1000 1388 17828 -435 -421 226 END
START 976 1568 17800 -276 -492 300 END
START 976 1352 17260 -84 -401 434 END
START 788 1296 16924 149 -267 466 END
START 628 1336 16504 202 -86 389 END
START 848 1216 15988 232 28 441 END
START 1032 1276 15216 174 203 782 END
START 1052 1248 14616 201 427 1313 END
START 1308 1372 14296 286 675 1738 END
START 1440 1832 14232 225 1306 1619 END
START 1352 1680 13828 -305 2274 1181 END
START 1196 1312 12960 -695 3390 993 END
START 892 1288 11932 -740 4409 1266 END
START 516 1268 11124 -651 5516 1603 END
START 172 1492 10240 -498 6628 2154 END
START 64 1912 9564 -381 7865 2439 END
START 48 2124 9336 -618 8952 2222 END
START -252 1760 9400 -1251 10015 1822 END
START -492 1060 9204 -1951 11216 1560 END
START -812 372 8896 -2372 11923 1478 END
START -1216 -48 8940 -2335 13047 1567 END
START -1384 -152 8876 -1636 14472 2246 END
START -1600 320 9528 -1059 16132 2807 END
START -2200 1200 10724 -884 17265 2984 END
START -3180 1124 11756 -1347 17800 2170 END
START -3760 436 12904 -1747 18221 1699 END
START -4544 -76 14072 -2498 18698 1219 END
START -5108 -448 14808 -2231 18101 1011 END
START -5108 -316 16804 -2056 17158 885 END
START -5812 372 19024 -1080 17020 2008 END
START -6268 1032 20980 -1488 16883 1821 END
START -7240 1576 23444 -1958 16367 1114 END
START -8224 1540 25048 -3122 15337 -89 END
START -8684 912 26076 -3460 13542 -672 END
START -9104 448 27392 -3389 11336 -433 END
START -9620 384 29332 -3077 9098 -74 END
START -10748 920 30900 -2825 6775 307 END
START -11624 636 31624 -2390 5087 617 END
START -12120 400 31176 -2184 2935 699 END
START -12200 280 30964 -1765 388 737 END
START -11476 60 30152 -1141 -2069 862 END
START -10952 16 29540 -1438 -4270 597 END
START -10280 -232 28124 -1535 -6149 259 END
START -9332 -892 26360 -1506 -7956 -256 END
START -8488 -1716 25056 -943 -9461 -344 END
START -7512 -2120 23556 -116 -10397 79 END
START -7284 -2240 22320 177 -11067 113 END
START -7220 -2340 20816 507 -11732 105 END
START -6836 -2180 19860 1043 -12614 121 END
START -6768 -2048 18536 1010 -13066 -655 END
START -6168 -2348 17188 1353 -13395 -1511 END
START -5928 -2508 16536 1803 -13398 -2153 END
START -5948 -3276 15348 1993 -13441 -2899 END
START -5772 -3960 14632 2098 -13641 -3889 END
START -5216 -4424 13412 2768 -13621 -4617 END
START -4668 -4256 12640 3853 -13378 -4968 END
START -4360 -3504 11972 4757 -12570 -5361 END
START -3636 -3188 11792 5551 -11609 -5485 END
START -3476 -3032 10928 5280 -10356 -5961 END
START -3476 -2984 10236 5794 -9287 -6349 END
START -3476 -2876 9256 6336 -8181 -6747 END
START -3236 -2304 8408 6739 -6964 -7209 END
START -2708 -1948 7468 6766 -6021 -7849 END
START -2164 -1296 6860 6876 -4950 -8094 END
START -1424 -512 6528 6956 -3251 -8123 END
START -936 524 6068 6929 -1355 -8104 END
START -668 1140 6000 6787 636 -7809 END
START -504 1880 6024 6508 2450 -6948 END
START -816 2716 6056 5857 4206 -6260 END
START -692 3336 5912 5186 5634 -5615 END
START -340 4460 6252 4737 6696 -4653 END
START 320 6028 7004 4110 7938 -4132 END
START 548 7240 8300 3306 9342 -3969 END
START 652 8548 9268 2608 10383 -4010 END
START 540 8596 10300 1923 11853 -3505 END
START -292 9220 12536 1614 12984 -2433 END
START -568 9924 13216 1087 13812 -1519 END
START -772 10508 15440 1865 13272 869 END
START -1880 11712 18212 1022 13898 2783 END
START -1032 13660 19144 1542 13726 4177 END
START -1900 14776 22516 349 14368 4475 END
START -3508 15048 23116 -1541 12993 5359 END
START -4984 15040 25584 -3786 10993 5336 END
START -6032 13152 26120 -6418 9453 5442 END
START -6592 11164 26624 -6863 6779 7133 END
START -9720 9528 29176 -7326 4811 7572 END
START -8152 5868 28788 -7376 1479 8279 END
START -7088 3048 29452 -7807 44 8100 END
START -8204 1144 29064 -6465 -1821 8457 END
START -8364 -400 27308 -5304 -3835 8528 END
START -8280 -1312 25408 -4510 -5525 8016 END
START -7956 -2080 22876 -4367 -6829 7303 END
START -7288 -3064 20300 -3895 -7452 6190 END
START -6428 -3924 17788 -3516 -7429 5030 END
START -5492 -4408 16184 -3378 -7294 4228 END
START -4416 -4996 14348 -3059 -6241 3750 END
START -5252 -5428 12844 -1954 -5555 3025 END
START -4880 -5744 11020 -1347 -4703 1709 END
START -4292 -6232 9968 -602 -3673 764 END
START -3096 -5656 9500 950 -2248 487 END
START -2848 -5136 9676 2712 -551 319 END
START -2740 -3812 9684 4159 1748 -21 END
START -3224 -2676 9680 4708 3650 -553 END
START -3720 -1452 9492 5038 4643 -194 END
START -3924 188 10236 5183 5351 47 END
START -5120 1580 10724 3828 6437 -429 END
START -5572 3300 12316 3977 6473 -857 END
START -7700 3024 14040 3143 4117 -1997 END