START 1516 792 14872 -1007 -9590 4414 END
START 2352 1396 15312 -2183 -9475 3322 END
START 2152 1704 15832 -2796 -9054 2097 END
START 1616 1392 15896 -2636 -8212 705 END
START 512 808 15216 -2539 -7369 -1076 END
START 924 -304 14436 -2126 -6503 -2032 END
START 1048 -1152 12252 -413 -4891 -1623 END
START 564 -304 12020 563 -3873 -924 END
START 1352 364 10744 828 -2390 -756 END
START 392 920 8888 397 -1474 -1247 END
START 712 472 7336 -1156 432 -2015 END
START 40 140 6500 -1237 724 -893 END
START -492 8 5776 -2050 2006 -221 END
START -1936 -56 4896 -1666 2805 747 END
START 56 -384 3276 -1350 5783 2868 END
START -1272 -152 4032 -2320 4374 845 END
START -340 -644 3592 -1240 5558 1267 END
START 284 -552 3968 -338 6504 2038 END
START 732 -332 4608 -437 8521 1991 END
START 296 180 5008 -739 10504 1452 END
START -364 656 5040 -764 11669 1073 END
START -968 716 4780 -1222 12995 822 END
START -2124 604 5228 -1981 14168 770 END
START -2972 116 4876 -2122 15349 1163 END
START -3888 264 5408 -1777 16102 1118 END
START -3156 596 6480 -1576 16285 709 END
START -2644 1024 7736 -1405 16592 530 END
START -2120 1632 9600 -208 16767 2111 END
START -2328 2420 11468 419 17613 2933 END
START -2784 2340 13644 -1971 19516 1662 END
START -6612 1352 15120 -4863 20633 -1820 END
START -3504 -1068 13888 -583 22348 2680 END
START -2420 -20 17156 2600 21397 6278 END
START -2644 2516 19404 3342 22180 5264 END
START -3984 4448 22396 2149 21287 3418 END
START -5516 5164 24900 -972 18252 -1115 END
START -7912 3824 25840 -1539 21362 1026 END
START -9872 2256 26740 -2835 19777 -585 END
START -11544 2160 30056 -2316 16425 -1672 END
START -10388 2104 31492 -1493 13453 -1689 END
START -10200 2504 31676 -298 9960 -1133 END
START -11040 4156 32767 991 8988 1279 END
START -11960 4904 32767 -1261 7535 1064 END
START -14220 4096 32767 -2695 5550 1117 END
START -16528 2480 32767 -4803 2440 -161 END
START -15080 840 30624 -3469 -1233 302 END
START -13456 -100 29508 -1994 -4326 1143 END
START -11868 736 28796 -1102 -7033 979 END
START -11000 1044 29064 -844 -8326 358 END
START -10612 268 27596 -988 -9526 -262 END
START -10512 -816 25692 -1239 -10702 -593 END
START -9944 -1724 23500 15 -11990 128 END
START -9392 -1964 22208 1002 -13505 746 END
START -8932 -2056 20248 1371 -14577 -99 END
START -7920 -2080 18996 2250 -15674 -772 END
START -7028 -2404 18384 2155 -16467 -2146 END
START -6488 -3568 18240 1754 -16863 -3950 END
START -6676 -4436 16892 2076 -16537 -5440 END
START -5388 -5188 14700 3625 -16434 -6140 END
START -4248 -4900 12384 5523 -15493 -6608 END
START -3528 -4184 9976 8010 -13501 -5122 END
START -1692 -3000 8832 7608 -13045 -6753 END
START -2364 -1648 8480 7585 -11130 -7757 END
START -2524 -1556 8116 7283 -9635 -8604 END
START -2964 -1204 7208 6667 -8230 -9311 END
START -3356 -1176 6220 6739 -6362 -10140 END
START -2952 -1284 5028 7449 -4637 -10213 END
START -1904 -1176 4324 7730 -3298 -9792 END
START -748 -248 4032 8048 -1907 -8849 END
START -328 1072 3948 7889 -416 -8063 END
START 428 2732 3940 7634 1463 -7842 END
START 1272 4128 3664 7273 3672 -7207 END
START 372 6460 3588 6561 5594 -5981 END
START 600 8232 3892 6239 6884 -4446 END
START 944 10188 4260 6167 7915 -2601 END
START 2088 12824 3920 5508 7120 -1533 END
START 2612 13732 7164 5376 9542 241 END
START 2292 15836 8832 3117 11676 1265 END
START 2376 16956 11472 1572 12169 2028 END
START 28 18448 16612 -2081 13223 674 END
START 1024 17432 18776 -1440 11775 3019 END
START -1832 18148 23388 -3907 9220 4451 END
START -1708 17472 26316 -3348 9207 6514 END
START -7600 14460 30992 -6280 10097 7376 END
START -11320 11212 28808 -6841 7402 5830 END
START -10560 6208 28856 -8280 2627 3442 END
START -10216 3200 27884 -6575 -448 4597 END
START -9960 1444 27044 -3616 -3724 7712 END
START -8604 584 26696 -3745 -5147 8095 END
START -7420 224 25200 -1924 -6310 7926 END
START -6304 -176 23404 -3140 -6440 6541 END
START -5628 -1464 20708 -3428 -6573 5178 END
START -5064 -2288 17816 -2698 -6521 4898 END
START -3748 -2208 15628 -1864 -6776 5186 END
START -3444 -2620 14052 -1088 -6052 4829 END
START -3276 -2076 12252 -1587 -6395 3980 END
START -1964 -2108 11564 -1989 -5823 2396 END
START -912 -1968 10160 -1890 -3441 182 END
START 1256 -1804 10664 126 281 -927 END
START -1220 -828 10664 2805 3754 -993 END
START 1208 -664 9144 3369 7870 -1341 END
START 660 744 8380 3250 13484 -2358 END
START -3020 2064 9280 3828 13987 -2844 END
START -4260 988 10372 3875 12608 -2520 END