START 4248 -160 5300 6338 55 -1920 END
START 3856 1136 7168 6809 3110 -1139 END
START 1816 2824 7036 6225 3649 -46 END
START 1308 3544 8564 3981 7191 -1490 END
START 1104 2532 6876 2953 7578 -342 END
START 548 2848 6020 1400 8969 480 END
START -184 2712 5008 -790 10239 326 END
START -428 2100 4344 -996 9858 440 END
START -136 1208 4376 -1333 10072 515 END
START 140 180 4504 -1163 10888 810 END
START 220 -556 4916 -484 11564 1527 END
START 608 -232 6180 195 12535 1976 END
START -20 132 7136 87 14047 1657 END
START 184 512 7884 -284 15626 1191 END
START 592 580 8228 -479 17378 420 END
START 616 784 8308 -787 19291 -200 END
START 680 1236 8420 -958 21435 -605 END
START 792 1464 8376 -914 24068 -1575 END
START -44 1620 7976 -128 26700 -1592 END
START 936 1040 9156 513 29126 -487 END
START -1784 1432 9708 -311 31355 -694 END
START -3804 -1212 10688 1854 32767 2940 END
START -2412 -1040 14612 1285 31173 4940 END
START -7492 2196 14892 816 31121 5954 END
START -8280 2736 18132 2006 29741 5865 END
START -9400 4112 21288 2468 24123 3378 END
START -7608 2684 24552 -2274 27679 156 END
START -11604 2552 27692 -7039 27184 -6811 END
START -13476 -80 26912 -8426 26853 -9418 END
START -14524 -2668 25368 -7409 23054 -8725 END
START -14520 -3416 28512 -4944 17299 -5296 END
START -17812 -2088 29444 -1802 13697 -365 END
START -16940 -284 30420 202 11635 -543 END
START -18272 792 30692 361 8451 -2072 END
START -19152 1472 30896 -566 4529 -3398 END
START -18680 1612 31460 -1388 1209 -3695 END
START -18176 1100 31840 -2387 -1071 -4037 END
START -17676 112 30400 -2028 -3507 -3593 END
START -18480 -632 30116 -1499 -6853 -2926 END
START -18304 -924 29144 286 -10129 -1909 END
START -17880 4 27280 2174 -13634 -1375 END
START -16744 1316 24812 3154 -17405 -1533 END
START -15424 2392 23424 3658 -21600 -1810 END
START -13412 2628 21656 2476 -23784 -3157 END
START -15024 2724 20536 4567 -25869 -2469 END
START -11612 1952 18056 4381 -27401 -963 END
START -9400 1948 15376 4396 -27492 677 END
START -7348 1652 13984 5728 -26691 4290 END
START -6920 3468 11464 6269 -28037 6141 END
START -4896 4284 9048 6081 -26119 8571 END
START -3952 6224 7664 5726 -19562 11420 END
START -4032 6668 6464 588 -19566 9008 END
START -2296 6384 3944 1456 -19078 9389 END
START -1028 5544 4724 1094 -19072 9238 END
START 72 5720 8000 -1654 -16760 9657 END
START -652 5284 6740 -2950 -13729 11120 END
START -196 4400 6836 -3526 -8280 11910 END
START -264 3016 4816 -4292 -3744 12192 END
START 280 2204 3004 -2267 -1102 14825 END
START 824 1636 2432 -2943 2220 15879 END
START 988 1108 1296 -2670 4525 17495 END
START 1344 864 2508 -2307 6381 19249 END
START 1220 568 4344 -3764 8479 19160 END
START 1048 -120 5840 -6322 10386 18242 END
START 1916 -1284 10080 -10438 15122 18404 END
START 1164 -2556 10396 -17765 16878 15467 END
START 444 -4328 12880 -25333 19779 10637 END
START 432 -9360 9528 -31831 26357 5907 END
START 252 -14020 9604 -30470 32767 1767 END
START -4656 -18780 8708 -23626 32767 -6257 END
START -8796 -22424 8912 -13948 32767 -15927 END
START -5520 -26608 15736 -5067 30706 -20872 END
START -11808 -20676 22056 -2712 21809 -22156 END
START -13416 -18432 24436 5513 7588 -22244 END
START -14776 -12944 28312 3359 -6843 -28611 END
START -14652 -10388 27264 2216 -18506 -32083 END
START -16900 -6972 29112 4532 -32768 -32326 END
START -9744 -3712 32767 9196 -28270 -32380 END
START -8460 -6308 31128 9892 -24944 -30200 END
START -6096 -6880 25072 15689 -23599 -20521 END
START -4108 -3716 18188 29904 -20912 418 END
START -4888 2256 22588 23977 -15017 6887 END
START -5812 6808 12996 21738 -10461 13954 END
START -7292 8652 12132 18683 -13897 14050 END
START 2248 10800 11836 9540 -12595 10571 END
START 888 10632 12984 3691 -7780 7785 END
START 900 9004 13736 -5073 -2761 2350 END
START 932 3880 12100 -6589 255 976 END