START 756 52 14972 6508 -1602 -1457 END
START -8 148 14916 6756 -851 -757 END
START -76 432 14728 6135 -362 -78 END
START -136 788 13828 5755 -441 1003 END
START -268 1368 13068 5093 -91 1709 END
START -24 1980 12040 4757 803 1718 END
START 248 2160 10868 4930 1696 1813 END
START 696 2420 10988 4831 2597 1854 END
START 1072 2760 11576 2948 3909 1111 END
START 1204 2244 10960 1235 5616 287 END
START 1312 1740 10508 497 6858 -142 END
START 1640 1392 10032 390 8229 -188 END
START 1840 1040 10064 559 10004 -106 END
START 2496 952 10140 794 12345 388 END
START 2684 1036 10264 1165 14871 1313 END
START 776 1164 11376 1115 18351 2698 END
START 1500 1356 10908 -521 20309 3051 END
START 2596 1288 9748 -1039 22747 3471 END
START 144 1040 8352 2398 24966 4848 END
START -416 2268 9756 -389 26362 2749 END
START -976 952 10676 -4082 32057 -652 END
START -1540 2000 9568 -6688 32767 -5244 END
START -220 -448 9756 -9245 32767 -8083 END
START -2548 -692 10060 -9111 32767 -5234 END
START -7124 -788 10676 -10735 32767 -4080 END
START -8848 -2404 10736 -11877 32767 -559 END
START -10972 -2212 11652 -11270 32767 1894 END
START -15712 -1532 12636 -8525 32285 3838 END
START -15828 -1780 14396 -4924 25840 6522 END
START -16812 -240 16340 -3795 24318 5501 END
START -17364 1052 18528 -4433 24078 -75 END
START -17868 328 18316 -5672 25112 -4844 END
START -20436 -1708 18836 -7680 21465 -8707 END
START -22548 -3400 17944 -8244 12940 -9118 END
START -23360 -5964 18436 -5542 4545 -6390 END
START -22588 -7560 18452 273 -761 376 END
START -21752 -4868 20028 3784 -3388 3329 END
START -21196 -3428 20676 4902 -5454 3187 END
START -21380 -2320 20116 5731 -8513 1628 END
START -21708 -964 19892 5547 -11899 -1325 END
START -21548 -1072 19060 5048 -16251 -4649 END
START -20804 -1868 17388 5004 -22862 -6252 END
START -19416 -2752 16420 6389 -29518 -5913 END
START -16960 -2836 15652 9500 -32768 -2692 END
START -16716 -824 16824 14061 -32768 2407 END
START -10388 -516 14820 15368 -32768 7193 END
START -9008 1520 19200 11648 -32768 6659 END
START -8436 -76 15756 8657 -32768 7193 END
START -8836 -352 12780 7936 -32768 9700 END
START -2356 476 12212 3438 -28424 15637 END
START -4680 3316 11060 4190 -28810 17450 END
START -3764 4476 10616 4073 -27887 17287 END
START -1772 5360 13056 873 -26068 15817 END
START -976 5124 10332 -373 -25059 12690 END
START 1368 4552 13428 -5188 -21683 7751 END
START 3056 3548 12496 -4107 -19182 8068 END
START 4776 2244 14212 -2827 -12298 15078 END
START 4736 3792 11324 -2135 -9253 14513 END
START 3584 2668 10624 -613 -3004 13408 END
START 3788 2120 8964 -148 1381 13331 END
START 3048 1720 8204 -754 5160 13655 END
START 2172 1072 7748 -2168 9213 13892 END
START 2040 -280 7288 -2976 11715 14401 END
START 1612 -564 8440 -3536 14652 15656 END
START -20 -484 9852 -6176 18740 16292 END
START -1372 -636 9188 -9148 20264 15101 END
START -1632 -1700 11204 -11123 20921 12752 END
START -1780 -2668 12616 -13436 24118 8178 END
START -4792 -4780 11572 -11715 30932 2772 END
START -7152 -8760 8740 -9942 32767 -5807 END
START -9248 -12928 9748 -5083 32767 -12409 END
START -9040 -15600 11512 1687 25274 -16168 END
START -11356 -14428 16424 3503 20378 -21416 END
START -13036 -14396 17960 14930 9255 -19137 END
START -11908 -12104 25956 8257 3418 -20351 END
START -14444 -8716 24092 5962 -3999 -23003 END
START -15380 -5572 22976 9850 -14807 -20836 END
START -12932 -1228 21104 13246 -23287 -19206 END
START -11848 3292 23312 12179 -25543 -21243 END
START -8324 6780 24984 6029 -24692 -24672 END
START -6988 4884 21836 3417 -21990 -22402 END
START -4228 4484 20836 276 -16116 -17946 END
START -1360 2868 16432 2070 -12637 -8572 END
START -116 4400 16708 4546 -8184 1216 END
START -244 6844 14536 2495 -647 9795 END
START -708 10516 14836 2022 5196 12383 END
START -3520 10004 14456 -499 7149 12091 END