START -404 2708 15212 -2126 -1550 -1666 END
START -2584 1148 11392 -1497 468 -1905 END
START -2304 908 10212 1246 817 -547 END
START -1756 1996 10080 2328 1628 749 END
START -1520 2840 11452 2226 1372 1360 END
START -1212 2884 14552 173 150 1611 END
START -848 2812 16224 -2206 -189 1261 END
START -84 2560 17520 -2253 -1228 1477 END
START 764 3396 18284 -994 -1273 1223 END
START 1436 5212 20040 1570 -1452 1441 END
START 1440 7592 22116 2064 -1494 1661 END
START 864 7772 23616 900 -606 1738 END
START -844 6840 24060 437 -524 2486 END
START -2904 5536 21960 160 1327 1336 END
START -4788 3568 18952 541 -889 3683 END
START -5452 4264 17528 2843 -1293 5761 END
START -5328 5584 16552 2982 -1783 7689 END
START -4492 7092 15480 2119 -2322 8904 END
START -3732 7304 15040 298 -2034 9195 END
START -2544 6696 13656 -1141 -1618 10029 END
START -1488 5676 12404 -2908 -453 11065 END
START -752 4256 10660 -4507 783 11890 END
START 8 2688 10040 -6112 1945 12635 END
START 228 976 8616 -7650 3588 12862 END
START 968 -680 7068 -7803 5129 12997 END
START 1748 -2476 6400 -8035 7489 12161 END
START 1652 -3868 5660 -7234 9871 11565 END
START 1504 -5216 6992 -6619 12243 11108 END
START 1680 -6912 9820 -8426 15578 9362 END
START 432 -8180 11712 -8976 19615 6032 END
START -700 -9072 14140 -9822 23463 -335 END
START -1096 -12412 15188 -8905 24741 -8391 END
START -1784 -15272 14872 -6472 26084 -17535 END
START -3040 -21808 19384 -4762 19408 -23967 END
START -4780 -23484 27412 1723 10642 -19673 END
START -7276 -17524 31840 6829 4051 -13362 END
START -11508 -5684 32452 9500 -6551 -9375 END
START -13576 616 32767 6596 -16777 -8716 END
START -13788 5796 32767 -3943 -26359 -17632 END
START -10236 3820 32036 -1744 -20853 -23218 END
START -5588 952 27128 4815 -19070 -18920 END
START -4940 1844 23724 7682 -16280 -9569 END
START -6404 4396 19836 12419 -15069 1311 END
START -5892 7428 16652 9633 -14695 5148 END
START -3176 8532 13676 6087 -11643 6686 END
START 1428 9300 12672 2262 -16408 4205 END
START 2292 7872 12984 -368 -16271 361 END
START 3424 4488 12000 -4860 -13238 -2575 END
START 4716 296 10872 -4164 -8574 -3213 END
START 4388 -1296 8832 -1927 -5299 -2587 END
START 5564 -2480 6932 287 -3025 593 END
START 4072 -1888 6484 1455 -771 2064 END
START 3844 -1808 5144 1316 639 2100 END
START 3504 -1128 4860 1032 1767 2259 END
START 3096 -312 5428 470 3421 1543 END
START 2632 -188 5208 -722 5976 508 END
START 2312 -512 4852 -627 8255 -137 END
START 2632 -164 4888 368 11029 -449 END
START 2888 172 4960 899 15404 -755 END
START 2380 1064 4388 963 20173 -688 END
START 1960 2236 3408 1619 24842 52 END
START 1604 3464 4992 2793 28642 595 END
START 1116 3692 8256 1211 32767 410 END
START -672 4452 9636 -1927 32767 -1087 END
START -3420 3632 9320 -3644 32767 -3526 END
START -4128 596 4548 -2810 32767 -7687 END
START -11464 -296 15720 -4428 32767 -13876 END
START -6416 -4324 17668 -11942 32767 -12497 END
START -11992 -6016 19960 -13785 32767 -5950 END
START -21532 -6180 23556 -10402 31693 1143 END
START -22508 -6616 25008 -7604 20340 5073 END
START -21636 -3680 25912 -602 9599 10999 END
START -22932 -108 31520 5561 6886 8039 END
START -20212 540 30428 4494 1975 4633 END
START -17804 2692 30344 7150 -3610 1356 END
START -15556 2464 31276 2474 -4728 -5062 END
START -12088 660 28336 -1869 -4767 -6207 END
START -10432 -1136 25432 2351 -5240 -700 END