START -36 -36 13740 3254 2802 -728 END
START -600 -412 13004 2893 4653 -1066 END
START -904 -1044 12904 2822 5784 -638 END
START -1964 -776 13424 3592 5946 578 END
START -2860 -28 13636 3100 6242 724 END
START -3336 560 13684 2269 5249 716 END
START -3392 1516 14836 1186 4226 251 END
START -3468 1480 16744 -648 3889 -1327 END
START -3420 1192 18100 -1994 3086 -2854 END
START -2504 460 18836 -2012 2726 -4114 END
START -1984 176 19564 -493 2404 -3384 END
START -1880 1136 20720 1016 2099 -1933 END
START -2504 2680 22364 1573 2101 -1026 END
START -3732 3600 23816 1291 1720 -672 END
START -4684 3700 23804 205 865 -1083 END
START -4200 4160 22568 568 -621 -828 END
START -4148 5392 23596 2850 -2353 749 END
START -3756 7032 22756 4107 -2674 1572 END
START -3960 8100 21612 4217 -3092 2409 END
START -4324 8652 20268 4562 -3454 3709 END
START -4672 8340 19084 4189 -3614 5455 END
START -5004 7676 17964 3176 -4202 7046 END
START -4960 6876 16372 1248 -4571 8153 END
START -4824 5776 14524 -406 -5073 8619 END
START -4744 4976 12672 -1304 -6077 8582 END
START -3288 3868 12084 -2390 -6637 7740 END
START -1796 2752 11704 -4045 -5976 7111 END
START -460 2192 11476 -5205 -5089 7384 END
START 280 1076 10972 -6451 -2756 7896 END
START 924 292 10040 -7182 -241 8582 END
START 1124 204 9260 -7661 2390 9328 END
START 1232 -132 8752 -7559 5758 9245 END
START 1728 -528 7848 -6928 9108 9397 END
START 2208 -644 8952 -6048 12021 9274 END
START 1976 -1052 11028 -6579 15785 8415 END
START 1724 -1876 12304 -8276 20045 6945 END
START 1044 -3460 13132 -9673 23606 3575 END
START -1260 -5316 12920 -8332 26377 -1639 END
START -2664 -8200 12728 -3531 27668 -8743 END
START -4836 -12080 13416 2794 29516 -17379 END
START -7292 -14576 19980 2228 26161 -24030 END
START -8092 -14764 23520 2298 24699 -24200 END
START -13148 -11908 20460 7169 13652 -21270 END
START -18144 -5376 23392 12125 -3388 -16404 END
START -16232 -1796 24148 12123 -23320 -12959 END
START -16068 3604 31072 7862 -32768 -18286 END
START -8232 4424 32767 2080 -22332 -24510 END
START -9012 176 25408 9560 -24518 -22495 END
START -10568 1448 23116 8383 -19954 -13655 END
START -7708 5792 19268 12287 -20601 1910 END
START -4620 9188 16008 11780 -24689 7257 END
START -2524 12824 16712 4887 -21180 8706 END
START -668 12840 15324 -71 -22758 2943 END
START 5620 10184 13880 -181 -21807 1126 END
START 6428 8276 18160 -8708 -17145 -3908 END
START 5496 2996 14264 -6611 -10306 -2662 END
START 4768 264 12060 -2927 -3144 2819 END
START 680 1056 10200 335 -913 8057 END
START -388 2436 9812 1473 -152 10635 END
START -2152 3560 10248 472 863 9759 END
START -2660 3824 10376 -412 -380 7516 END
START -2300 2736 10832 -3425 -496 2745 END
START 360 728 12164 -5257 1331 -413 END
START 972 -2428 12236 -5712 -622 -442 END
START 1624 -4876 13108 -4824 594 -148 END
START 1720 -5564 13828 -2770 1599 1985 END
START 1292 -4456 14000 -833 2731 3490 END
START 784 -3152 14188 150 3403 3379 END
START 392 -1892 13996 669 3604 1884 END
START 808 -1192 13864 807 3709 -255 END
START 1720 -1276 13352 357 4832 -2210 END
START 2240 -1412 13436 627 5259 -2613 END
START 2612 -1824 13260 770 6303 -2966 END
START 2164 -1600 13216 1367 7331 -2182 END
START 1024 -740 13248 2155 9114 -1748 END
START -504 604 13104 2170 11522 -2046 END
START -2412 1556 12276 1129 12908 -2733 END
START -2888 2860 12068 1117 14534 -3567 END
START -2904 3564 13388 249 17846 -4827 END
START -1076 3036 14544 -1378 21348 -5870 END
START 184 2100 15492 -2110 24320 -5517 END
START 1552 1792 15880 244 27153 -4267 END
START -824 2208 15440 -508 32767 -6103 END
START -9928 -60 13208 3509 32411 -10366 END
START -2260 732 22644 -11219 32767 -9656 END
START -6460 -2956 24328 -17437 32767 -16194 END
START -13068 -9636 21316 -19129 32767 -15379 END
START -26420 -10428 17740 -9194 32767 -4624 END
START -27168 -3664 15092 6984 13613 19812 END
START -28380 4480 21512 15786 -16065 28533 END
START -20848 6732 23624 14480 -32768 24261 END
START -8288 7196 26692 21743 -27002 4582 END
START -10712 3440 25252 -6872 -13601 -8190 END
START -9092 2124 21944 -4480 -8359 -12930 END
START -7704 1476 17064 -3785 -8084 -10174 END
START -5044 36 16880 1567 -6321 737 END