START -624 384 2824 -624 10970 1301 END
START -1632 596 4564 -26 11379 1776 END
START -2004 1076 4288 -758 13580 1086 END
START -2308 520 3472 -1116 14512 952 END
START -3388 492 4024 -722 15834 1148 END
START -2712 -4 3816 -730 16164 1479 END
START -2348 204 4696 -399 17048 2170 END
START -3360 756 5460 -325 18378 2312 END
START -3160 520 5808 -469 19358 2061 END
START -4360 928 6748 -517 20143 938 END
START -2972 640 7496 -1242 20872 -303 END
START -4544 320 9100 393 21392 -663 END
START -4080 -56 10336 -21 21642 -1084 END
START -3060 808 12676 -323 22196 -2260 END
START -4112 1696 13704 -2048 24617 -1907 END
START -2104 1232 18192 210 23982 -2166 END
START -2848 648 17336 3858 23494 -639 END
START -3664 1652 21628 4700 25260 613 END
START -5436 2488 24868 2210 24360 -4389 END
START -6452 1192 26092 1548 27285 -6448 END
START -8364 732 28344 2721 27563 -6727 END
START -8664 1628 28436 4006 27266 -6322 END
START -11576 4044 28796 7675 24819 -1260 END
START -13356 6172 28084 8392 20639 1360 END
START -14632 8424 29780 7973 15572 2491 END
START -16208 10076 31512 4621 13081 -161 END
START -16944 9544 32304 407 10520 -3749 END
START -17412 7860 32767 -1735 8272 -5232 END
START -17488 7364 31588 -1740 5980 -5421 END
START -17808 6040 28972 -529 4305 -4266 END
START -18552 5872 27800 101 -383 -3037 END
START -18752 5316 25936 -481 -6892 -1317 END
START -17740 5264 26032 -813 -13601 752 END
START -15932 5784 25728 -536 -16170 1444 END
START -13860 6112 24736 158 -17815 1400 END
START -11732 7464 23736 578 -19273 572 END
START -10428 6968 22788 -131 -22756 -874 END
START -10052 5760 21644 -1410 -21503 -1555 END
START -9396 4292 19648 -776 -23512 826 END
START -9020 3064 17476 342 -24604 4118 END
START -8652 3108 15924 3048 -25403 8681 END
START -6872 4432 14068 3697 -26136 11605 END
START -5032 5824 11644 3763 -25760 13324 END
START -4128 7688 9744 4707 -25248 13979 END
START -3044 8208 7888 3539 -24461 13031 END
START -1368 8024 7236 -1134 -21517 11826 END
START -80 6336 7516 -5172 -17193 10534 END
START -592 5196 7012 -5625 -17406 9028 END
START 1376 4152 6880 -6182 -14091 10877 END
START 1228 3612 6264 -7921 -9879 12726 END
START 880 3636 5188 -7064 -6969 14806 END
START -244 3804 5120 -7940 -4421 15163 END
START -1440 3256 4428 -8661 -1455 16000 END
START -2032 2892 4464 -8812 1533 16143 END
START -1340 1692 4012 -7682 7549 18241 END
START -3732 1040 3228 -7819 5540 14104 END
START -2820 -1212 4836 -6576 7083 12692 END
START -1780 -2740 6456 -6793 8080 11572 END
START -2068 -3296 7596 -7668 9383 10687 END
START -1704 -3784 8916 -9761 11952 8749 END
START -1728 -5168 9136 -11228 16612 5667 END
START -1084 -7760 8740 -10328 20761 2717 END
START -1328 -9104 10116 -6657 24143 -97 END
START -2464 -10512 11436 -5047 28797 -4954 END
START -2992 -12840 12444 -4154 32679 -8203 END
START -1476 -14184 16132 -873 32767 -11310 END
START -8172 -13236 18988 -4009 32767 -16832 END
START -5836 -15904 18236 -1681 32767 -16906 END
START -11900 -16304 19644 3801 32767 -15081 END
START -11204 -13872 20888 10662 32767 -14497 END
START -20432 -10600 21700 19812 20051 -13448 END
START -20820 -4208 24424 24044 6988 -15150 END
START -21768 4708 27240 23825 -8735 -20234 END
START -18748 6956 32376 16359 -7702 -27444 END
START -17276 7164 27540 11162 -16467 -29158 END
START -14820 6268 23844 9890 -21233 -23572 END
START -14624 6552 22472 12461 -25302 -15172 END
START -11936 7212 19648 13884 -27307 -6145 END
START -8272 8700 17028 15004 -26851 2010 END
START -5944 8140 13952 14770 -26489 9915 END
START -4584 9944 13056 11567 -27182 12537 END
START 440 8564 12784 7229 -21315 11650 END
START 804 8444 12688 2136 -16543 10541 END
START 2188 5744 10828 619 -11314 12020 END
START -604 6284 11952 -1038 -4565 12567 END
START -144 5640 11948 -5886 3971 7565 END
START -492 3332 10532 -5409 11005 6598 END