START 2100 -1272 12688 -520 -8925 -4272 END
START 1600 -1444 13360 583 -7244 -5154 END
START 2068 -2048 10636 1341 -4286 -6570 END
START 2736 -2564 8704 3082 -1773 -7173 END
START 2464 -2804 7512 4285 439 -6552 END
START 1996 -3172 5544 5242 2081 -4290 END
START 1216 -2536 4664 6172 2715 -628 END
START 724 -648 4592 6382 3461 2444 END
START -240 1436 4824 5150 4394 3120 END
START -340 2848 5004 3104 5961 2251 END
START -408 3592 5060 1030 7158 689 END
START -388 3212 4524 -680 8469 -874 END
START -468 2216 4528 -2217 10254 -2666 END
START -384 788 4164 -2785 12607 -3602 END
START -1104 -208 3956 -2515 15413 -3627 END
START -1824 -972 3544 -1163 18302 -2786 END
START -3120 -916 4228 -209 20791 -1373 END
START -3916 -264 4856 877 21766 523 END
START -2380 28 4564 3056 22049 1765 END
START -4492 600 6248 3645 22319 2118 END
START -3064 800 9496 4055 23600 2081 END
START -5188 2892 10188 3767 23411 656 END
START -3692 2844 11856 5380 23106 -362 END
START -2164 1728 14588 4928 24264 -13 END
START -3424 3608 17832 2863 24138 -1248 END
START -6292 4648 22400 687 21464 -3838 END
START -5420 3628 24108 4115 22200 -730 END
START -8624 6336 26144 4701 22207 1815 END
START -8412 7356 27796 3345 21233 1524 END
START -9012 7224 29024 1807 18671 -605 END
START -10824 7004 30460 1047 16598 -2521 END
START -10820 5980 31768 -649 13580 -4814 END
START -12176 4868 32632 -235 12695 -4310 END
START -12156 4320 32767 658 10567 -2682 END
START -13240 4860 32256 1208 8189 -1161 END
START -13876 5724 30932 805 5233 -207 END
START -13732 6056 30280 146 2249 547 END
START -13200 6196 30364 -896 -813 840 END
START -12364 5664 30032 -1979 -3373 484 END
START -11540 5164 29848 -2278 -5519 69 END
START -10856 4432 28916 -2195 -7463 -550 END
START -10084 4200 27572 -1748 -9546 -647 END
START -9408 4280 27148 -1225 -11932 -273 END
START -8896 4148 27116 -1909 -14150 -392 END
START -8208 3344 27772 -2464 -16675 -217 END
START -8532 2688 27796 -2675 -18155 -714 END
START -8796 2288 27192 -1373 -19673 -816 END
START -9396 2560 25060 836 -20556 -808 END
START -9140 3380 22548 2854 -21973 -443 END
START -8744 5188 19944 4002 -23163 -71 END
START -7080 6492 16928 3833 -24315 471 END
START -5376 7412 14272 3765 -25315 1919 END
START -3504 7804 12364 2262 -25059 2497 END
START -1824 7828 10364 171 -23675 2039 END
START 532 7072 7548 -1094 -18717 4513 END
START -436 7104 6788 -1964 -19535 889 END
START 712 5904 5656 -2177 -16120 1773 END
START 120 5244 4892 -1531 -12219 3864 END
START -464 5152 3524 -1182 -7866 6402 END
START -1384 4604 2336 -754 -3698 9357 END
START -2488 5296 1004 -1051 -1551 11245 END
START -2720 5560 -104 -2354 554 11750 END
START -2732 5444 -1252 -3745 2021 11834 END
START -2572 5092 -1344 -5197 2807 12462 END
START -2856 4804 -360 -6939 4079 13164 END
START -2492 3592 292 -9100 5617 13007 END
START -2212 1860 1236 -11197 6940 12190 END
START -2528 -12 2012 -13278 8606 10843 END
START -916 -2852 2260 -13828 10566 11114 END
START -1012 -5560 3948 -14486 11661 9239 END
START -1160 -9096 5908 -15930 12789 5709 END
START -3092 -12656 7608 -14903 13730 1209 END
START -3924 -16264 10548 -11886 14722 -4985 END
START -3908 -19940 13188 -8544 15682 -11516 END
START -2672 -22956 15908 -6242 15467 -18693 END
START -6132 -24168 22524 6116 15651 -16261 END
START -1108 -23988 26108 6969 15493 -18167 END
START -2216 -19904 28684 9260 12683 -18543 END
START 1776 -15792 32767 13511 8663 -15854 END
START 1064 -10308 32767 17880 10375 -11252 END
START -5668 560 32767 22148 9164 -5948 END
START -13388 9172 32767 27195 7876 -2577 END
START -16668 17660 30384 23661 3556 -5176 END
START -15100 21428 26332 18102 -2084 -6850 END
START -13720 24428 22072 11985 -8163 -6891 END
START -9792 21528 20592 5511 -13021 -4492 END
START -5700 17204 19736 -1864 -12890 -4013 END
START -1532 13060 15448 -8474 -7929 -1299 END
START -1652 8952 14684 -7613 -1977 2279 END
START -2976 5812 13292 -8027 -722 3981 END