START 2932 260 4740 -622 -1384 -1803 END
START 1708 56 5860 2122 -38 -50 END
START 2236 -40 4964 2256 1677 114 END
START 1396 -568 4748 2128 3864 -468 END
START 1228 -588 4468 1358 6154 -1251 END
START 812 -756 3748 1452 8097 -529 END
START 376 -176 3568 2210 9163 493 END
START -136 204 3784 2811 10290 699 END
START 116 784 4288 2935 11759 584 END
START 404 996 4344 2715 13563 195 END
START 336 1156 4556 3022 15261 252 END
START 52 1412 5368 3057 17282 402 END
START 256 2032 6096 2744 21139 877 END
START -1308 1924 6144 1641 22113 232 END
START -1768 1292 6356 1396 22522 -262 END
START -1676 28 8080 2206 24111 174 END
START -4048 1292 8248 2792 24841 -791 END
START -3828 -248 8716 6463 25123 1423 END
START -4388 1336 11852 7945 25351 2867 END
START -4948 2992 13016 7208 24468 444 END
START -4740 3100 14924 7095 24633 -1146 END
START -5388 3448 17432 4421 26242 -3455 END
START -7628 4140 20444 3233 23045 -5225 END
START -5032 3496 22260 2325 24690 -3338 END
START -8576 5284 24648 2578 22661 -3066 END
START -11020 6448 27752 2495 22373 -1585 END
START -11672 6704 29696 3815 21139 770 END
START -17164 8596 32252 2120 16597 -288 END
START -18436 9000 32767 543 13252 -1342 END
START -18932 8856 32767 -1603 8080 -4320 END
START -19000 8348 32767 -1441 4147 -3958 END
START -17552 7320 32767 -1377 -689 -3951 END
START -17368 7608 32767 -1050 -4919 -2804 END
START -16464 7332 32767 -807 -7725 -1242 END
START -15832 7200 32767 -305 -10370 -125 END
START -14788 7324 30728 -75 -14000 382 END
START -13128 7772 28724 -975 -16959 -133 END
START -11220 7628 27872 -1718 -19761 -296 END
START -9448 7344 26952 -2896 -21500 -384 END
START -8376 6648 25100 -2277 -22313 375 END
START -4452 6304 21364 -1654 -22905 2397 END
START -9388 7816 19216 83 -22664 3926 END
START -6712 7036 15936 -72 -22010 5271 END
START -5956 7808 13252 -622 -20921 7278 END
START -4276 8772 10760 -1918 -23645 5638 END
START -1448 8756 10144 -3290 -21581 6365 END
START -2908 9820 7700 -5460 -22388 5072 END
START -1660 7736 8468 -6718 -19907 4353 END
START -2316 7116 7044 -7085 -16856 4952 END
START -2268 5272 6568 -5848 -13145 6928 END
START -2268 3828 4780 -5665 -9702 8283 END
START -2736 2824 2648 -4318 -6394 10601 END
START -2888 2308 996 -3318 -4258 12683 END
START -2536 1636 436 -2899 -2154 13628 END
START -1148 852 576 -2841 1493 15674 END
START -1476 1116 168 -3854 1209 14847 END
START -528 -340 648 -4964 2300 13935 END
START -436 -1044 880 -6609 4744 13041 END
START -952 -1892 972 -7138 6842 12134 END
START -1348 -3104 1292 -8293 9271 10496 END
START -1600 -5116 2152 -8606 11410 8403 END
START -1884 -7292 3060 -8020 13016 6166 END
START -1736 -9732 5172 -6313 14847 3903 END
START -2456 -11772 7244 -5246 16932 1186 END
START -2972 -13488 8692 -1528 18567 -104 END
START -3868 -14556 11976 694 19589 -3676 END
START -3296 -15604 15512 791 19638 -9144 END
START -5636 -15536 19756 -2194 21619 -13870 END
START -6052 -15264 22192 556 19004 -16167 END
START -4396 -15588 27340 2955 15144 -16727 END
START -8644 -11804 32032 8610 4091 -9685 END
START -3572 -5912 32767 14144 1592 -9227 END
START -9512 916 32767 13295 2429 -10099 END
START -9428 6068 32767 16958 420 -7905 END
START -13264 11784 31216 18439 -2084 -8417 END
START -12208 15748 26860 16249 -2774 -7676 END
START -11796 18016 24508 11359 -3063 -3931 END
START -8340 18696 20000 6465 -959 1782 END
START -7196 18024 15004 5074 4988 6713 END
START -7888 15408 14472 -468 6274 6361 END
START -7968 10496 12780 -2411 3592 4057 END