START 2244 1912 21304 2349 -4247 -1214 END
START 1908 2864 21172 3407 -3285 -991 END
START 1968 4124 20400 4102 -2752 -1805 END
START 2128 4696 19812 5277 -2260 -1777 END
START 1928 6312 20404 5501 -2361 -630 END
START 2488 7008 20356 4815 -1950 337 END
START 1768 7812 19956 3675 -1951 1468 END
START 732 8372 18656 2495 -2688 2727 END
START 108 9068 17940 1836 -3515 3813 END
START -1008 9396 17108 945 -1998 4777 END
START -408 9976 16164 251 -3759 4205 END
START 1220 9024 15028 637 -4299 5022 END
START 1888 8928 15164 252 -3866 5830 END
START 2196 8976 14680 -232 -3536 6642 END
START 1868 8520 13632 -1234 -2860 7147 END
START 1504 8216 12804 -1535 -2024 8107 END
START 992 7752 11864 -2308 -1006 9043 END
START 296 7072 10776 -3396 388 9549 END
START -148 6080 9460 -4721 1578 9779 END
START -940 4764 8632 -5598 2475 10327 END
START -916 3396 7784 -6245 3844 10915 END
START -1772 2232 8164 -6312 9123 12099 END
START -3468 1504 6704 -7254 8389 9772 END
START -1596 -416 6100 -6252 8901 10434 END
START -1260 -1756 7884 -6398 11313 9959 END
START -1276 -3008 9396 -6650 14171 8824 END
START -1580 -4696 9900 -8015 17288 6990 END
START -2236 -6384 9872 -9071 19665 5268 END
START -1688 -8208 10040 -9470 24500 5816 END
START -2976 -9504 9896 -8116 23608 4063 END
START -7784 -8864 10636 -7840 27244 1378 END
START -5884 -12812 8984 -3504 26196 710 END
START -8200 -12308 13680 2782 22564 692 END
START -8800 -12312 17596 2186 19203 -3330 END
START -7340 -11260 22272 1978 16496 -5979 END
START -5388 -9972 25276 3374 14387 -4606 END
START -8376 -6344 29268 4311 9370 -7397 END
START -6380 -4260 31112 3517 4378 -9064 END
START -6616 -568 32767 6760 1163 -9673 END
START -5636 1412 32767 4242 -4303 -15089 END
START -6708 3472 32767 4510 -2424 -15691 END
START -8632 5996 32767 3032 -5911 -15287 END
START -10336 8180 32767 2646 -8599 -13042 END
START -11056 10212 32668 3578 -11710 -9970 END
START -8620 10532 29908 4029 -15098 -7885 END
START -8184 10756 27628 4231 -16561 -7589 END
START -6824 9732 24288 3104 -18840 -6199 END
START -6972 9996 21944 681 -20042 -6563 END
START -2712 7220 19380 1076 -19694 -3873 END
START -3688 6952 17532 2075 -20532 -1516 END
START -1308 5344 15772 344 -19624 -1787 END
START -988 3868 12448 62 -18464 -864 END
START -164 3020 10936 75 -16990 874 END
START -768 3496 8860 -453 -19072 -758 END
START 2052 2308 7628 -128 -18303 700 END
START 1560 2352 6644 763 -16653 2348 END
START 3100 1268 7016 152 -14301 1702 END
START 3156 1512 6240 -586 -11703 1618 END
START 3448 1516 5676 -223 -9320 1605 END
START 3832 1704 5104 -233 -6488 1782 END
START 2748 1568 5520 -785 -3764 259 END
START 2720 996 3336 -627 -993 -241 END
START 2896 516 3088 -398 1951 -234 END
START 2088 588 2420 -102 4770 -812 END
START 2072 -100 1784 562 7493 -1086 END
START 1884 -280 2140 691 10464 -1270 END
START 1576 -536 1832 683 13085 -1324 END
START 1524 -544 1952 1090 15986 -1278 END
START 1692 -728 1572 1433 19415 -861 END
START 1740 -500 1988 2303 23706 -308 END
START 1420 328 3056 2924 28258 126 END
START 1448 1588 4836 3378 32767 -108 END
START -204 1904 4964 6662 32767 2238 END
START -928 2092 5928 5197 32767 1784 END
START -2648 1804 4924 6477 32767 215 END
START -7624 2476 7444 11368 32767 0 END
START -7592 4004 15104 10464 31796 570 END
START -11400 3080 23556 5147 29218 -859 END
START -13440 3268 26992 -2430 29613 -6755 END
START -16928 3820 32344 512 23572 -455 END
START -18900 4804 32767 -2231 20111 -1975 END
START -20212 3548 32767 -815 14825 1056 END
START -20180 3468 32767 1349 11661 1256 END
START -20404 3720 32767 3526 6504 1307 END
START -18432 4620 32767 4092 2436 752 END
START -15096 6372 30344 3485 502 1199 END
START -14712 6512 27092 5132 1162 2885 END
START -14444 5352 23684 5428 -672 4532 END