START 1276 824 9492 4180 -1181 -226 END
START 1144 1352 8804 4476 631 147 END
START 1052 2284 8148 3788 1928 33 END
START 1068 2380 7292 2607 3163 -942 END
START 1056 2080 7084 1849 4202 -1483 END
START 1572 1784 6808 667 5966 -1697 END
START 1904 1556 6268 346 7596 -1038 END
START 2248 1716 6680 219 9770 -209 END
START 2176 2000 6604 -276 11997 192 END
START 1632 1880 6612 -514 13770 914 END
START 1040 2116 7020 -993 15748 1191 END
START 1288 1748 7700 -2163 21023 1855 END
START 228 2564 7640 -3066 20378 932 END
START -640 2272 7836 -4534 23378 1455 END
START -28 572 7636 -4458 25493 2811 END
START -80 932 7940 -3741 27708 4562 END
START -780 2400 10216 -3998 29098 6112 END
START -456 2992 12136 -5665 32150 6563 END
START -2372 2644 14408 -7007 32767 5772 END
START -2016 2556 14244 -7267 32767 3244 END
START -3936 64 15844 -6480 32767 -1507 END
START -3000 -2520 16532 -5061 32767 -2147 END
START -8900 -972 16856 -4754 32767 -5186 END
START -9000 -2052 18416 -3967 32767 -5142 END
START -11424 -2128 20700 -1284 31999 -1668 END
START -16848 2928 23712 -536 26138 -2520 END
START -16040 3652 24656 -1018 20190 -2628 END
START -18992 4072 27560 -3900 16939 -3471 END
START -16932 2972 27596 -6380 15802 -6562 END
START -19580 2044 27924 -5934 12494 -10509 END
START -18124 -188 26724 -6466 9120 -10974 END
START -17556 -2724 29140 -4759 7673 -6767 END
START -19448 -2676 27792 -4177 6301 -6270 END
START -19168 -2724 26568 -496 3625 -5024 END
START -19412 -2324 26580 1212 -193 -2958 END
START -19068 -1192 24332 2090 -4181 -2791 END
START -18152 -876 23252 3014 -9108 -2193 END
START -16788 -980 22344 3549 -13414 -2005 END
START -15776 -736 21320 5030 -16873 -1626 END
START -14156 -284 20576 6194 -19615 -1673 END
START -13032 1152 20108 6270 -22146 -2177 END
START -12096 1936 18796 4596 -25022 -3175 END
START -10912 1104 16824 4036 -27660 -2736 END
START -9860 240 15012 5845 -30640 69 END
START -6928 -616 12984 8645 -32279 5329 END
START -6784 1580 13536 10218 -30451 7723 END
START -6080 2792 12172 9889 -28721 9731 END
START -5472 3180 10704 8247 -28397 10396 END
START -4004 3680 9892 6587 -27874 10747 END
START -2520 3648 9612 4930 -27315 10488 END
START -1636 4536 10036 4405 -23151 11567 END
START -1020 4112 11068 172 -13532 12568 END
START -2508 4216 8532 -887 -10422 12564 END
START -1852 3572 7464 -984 -11069 12990 END
START -864 3212 6692 -564 -8985 15886 END
START 28 3004 6604 -1136 -5773 17298 END
START 228 2444 6000 -1472 -2541 18174 END
START 1356 1164 6844 -658 2323 20551 END
START -84 2336 6472 -1303 3285 19560 END
START 140 1444 7404 -3304 4765 17001 END
START 580 324 8032 -5591 6084 15016 END
START 648 -920 8992 -8047 7920 13859 END
START 916 -2620 9816 -10546 10597 12093 END
START 1076 -5212 11368 -12473 15146 9620 END
START 348 -7644 10504 -14582 20047 6825 END
START -2532 -8892 11228 -11759 26475 5115 END
START -4212 -12332 11720 -9761 27681 -902 END
START -6420 -14616 12020 -5313 27956 -5824 END
START -7888 -15740 13212 1112 25112 -8926 END
START -8032 -13700 17352 4746 19398 -13365 END
START -11632 -11140 18804 5049 14939 -17522 END
START -11580 -11672 21948 5279 2709 -23177 END
START -11464 -8256 22376 8782 -6375 -22608 END
START -10036 -4360 24432 12874 -23995 -23583 END
START -2720 -56 28332 16385 -26629 -24635 END
START 864 3708 29708 17824 -22852 -23520 END
START -1444 6424 32192 16503 -18173 -21051 END
START -504 5772 26976 7743 -10581 -16563 END
START -3360 5512 20348 7506 -8647 -6187 END
START -3884 8512 15656 8158 -9027 4717 END
START -4532 11104 12684 8522 -11080 9639 END
START -3768 13212 15384 4486 -8843 7660 END
START -4396 12032 15520 -2515 -13452 1906 END
START 2928 7488 19236 -8527 -17022 -4775 END
START -84 4384 18464 -11349 -10446 -6784 END
START 1616 -628 15424 -5490 -8498 -432 END
START 2920 -1236 15104 -4180 -792 1796 END
START 424 -768 13112 -662 2663 5058 END
START 1472 -1216 12344 1034 4096 7691 END
START 624 132 12496 1628 4041 8243 END
START -816 412 12776 1178 3491 6206 END
START -1508 648 14016 612 3857 3928 END
START -1744 508 15168 1227 4239 1898 END
START -1200 572 16308 1524 6334 347 END
START -568 336 17520 2745 9802 229 END
START -1208 544 18224 2341 9520 -988 END
START -420 -1000 18620 1750 9947 -1369 END