START 1676 488 12900 3336 -4807 1999 END
START 1352 844 12684 2191 -2917 1040 END
START 744 1228 11184 1039 -1778 -465 END
START -32 820 9708 39 -988 -2120 END
START -160 204 8664 -264 -270 -2908 END
START 200 -568 7600 217 1022 -2875 END
START 140 -964 6748 917 2505 -2015 END
START 96 -880 6020 2030 3392 -436 END
START 4 -532 5624 2899 4162 1637 END
START 56 640 6124 2871 5337 2753 END
START -276 1304 6064 1994 6471 2986 END
START -384 1656 6388 781 7309 2994 END
START -556 1680 6136 -651 7906 2358 END
START -544 1072 6064 -1857 8310 1463 END
START -452 440 6328 -2435 8643 759 END
START -316 -164 6724 -2424 9221 540 END
START 28 -660 7080 -2264 10212 409 END
START 24 -832 7844 -2034 11029 399 END
START -64 -1104 8456 -1652 12075 762 END
START -592 -620 9556 -1704 13323 1101 END
START -1592 -856 10608 -1918 15144 1020 END
START -2424 1804 8884 -1551 15823 192 END
START -1220 -520 11080 314 17288 1404 END
START -2108 -904 11916 1605 19931 3888 END
START -3528 -436 11772 2947 21185 4746 END
START -5584 516 14616 2947 21193 4445 END
START -5636 592 15940 2168 20431 4381 END
START -6152 652 16780 934 19710 3607 END
START -7164 748 18264 1039 18920 1765 END
START -7064 920 19860 1727 17240 23 END
START -6752 900 22952 776 16298 -2013 END
START -6816 256 24852 287 15635 -2560 END
START -6700 -552 26288 -133 14344 -2145 END
START -9296 -424 29596 1079 13066 -487 END
START -9888 -452 30752 1013 10661 -1089 END
START -11712 216 32767 897 8816 -1505 END
START -10944 572 32767 1771 6755 -2688 END
START -11952 1608 32767 1682 4659 -3343 END
START -12252 1944 32767 2211 2817 -3017 END
START -12644 1776 32767 2911 552 -1553 END
START -13556 2248 32767 1833 -1599 -985 END
START -14548 3044 32767 1321 -4506 -1183 END
START -13712 3168 31532 1494 -7605 -1307 END
START -12396 4088 29540 829 -10354 -1728 END
START -10224 4844 27336 1034 -12694 -1737 END
START -8504 5128 27072 424 -14298 -1090 END
START -7944 4748 26604 -906 -15140 -856 END
START -7708 3980 24676 -1795 -15478 -393 END
START -6876 3604 22004 -115 -16045 598 END
START -6012 4032 20208 803 -16353 1075 END
START -4868 4944 17636 1525 -16160 1268 END
START -3844 5864 16412 2418 -16260 2248 END
START -3064 6080 14984 695 -15707 2279 END
START -2620 5580 13396 -762 -15707 2068 END
START -2236 4692 12012 -2342 -15675 1490 END
START -3120 3528 10576 -3309 -14050 923 END
START -3012 2328 8644 -2435 -12410 1483 END
START -3100 1852 7328 -1380 -10621 2588 END
START -2596 1784 5620 62 -9279 4712 END
START -2236 2212 5144 179 -7112 6242 END
START -2260 2440 4092 422 -5541 8448 END
START -2204 2784 3844 -194 -4101 9770 END
START -2332 2724 3768 -1162 -2541 10737 END
START -2204 2264 3224 -1869 -713 11562 END
START -1868 1440 3028 -2900 803 11725 END
START -1684 508 3128 -4375 1917 11407 END
START -620 -1152 3184 -5347 3380 10852 END
START -176 -2388 3716 -6188 4905 11004 END
START -508 -3100 2672 -6069 7106 11350 END
START -748 -4224 3752 -3762 9360 11854 END
START -988 -5144 4908 -3688 12060 10728 END
START -1620 -6336 5816 -2668 13724 9087 END
START -2340 -7004 7260 -2163 14558 6916 END
START -2524 -8132 8500 -3618 15539 3486 END
START -4740 -8672 10964 -4540 17139 -1146 END
START -3872 -12172 11088 -3462 16843 -4461 END
START -7228 -12796 13756 -847 13199 -9324 END
START -5232 -17928 16808 1908 12232 -9867 END
START -5112 -17604 23312 6775 10128 -8590 END
START -5448 -14332 29072 6691 7717 -11617 END
START -4640 -11416 32767 9862 3768 -11634 END
START -3940 -7972 32767 11116 -1730 -12104 END
START -3240 -2024 32767 9580 442 -13305 END
START -9708 1604 32484 11338 880 -11720 END
START -9704 6640 29432 13683 -43 -9563 END
START -11624 12224 27908 9839 501 -7197 END
START -12920 13760 23200 6052 1614 -3304 END
START -12028 14092 19536 3473 931 341 END
START -14344 12508 19016 1407 -4211 3776 END
START -8296 12316 18244 -1670 -4697 2129 END
START -8240 10848 16972 -3232 -6023 2140 END