START 184 1252 15772 1560 -2552 -263 END
START 100 2628 16804 2926 -1904 722 END
START -124 3556 16680 2613 1245 223 END
START -736 3148 15652 1849 1342 -705 END
START -1848 3324 14976 1401 1989 -1489 END
START -2612 2796 13372 629 1780 -1223 END
START -2552 2460 12816 431 1385 -689 END
START -2172 2444 12720 576 1313 93 END
START -1608 3016 12588 724 1603 703 END
START -1032 3432 12952 440 2469 705 END
START -316 3388 13036 -439 3930 759 END
START -92 3324 12604 -1317 5346 710 END
START -60 3300 12808 -1665 6749 518 END
START 196 3016 13108 -2272 8518 125 END
START 296 2600 13276 -2901 10583 -619 END
START 320 2556 13768 -2797 12704 -851 END
START 372 2896 14476 -3147 16413 -1618 END
START 132 2452 14168 -2770 18884 -2635 END
START -428 2420 13856 -2040 21674 -4192 END
START -1368 2864 14096 -3379 24053 -5228 END
START 556 1960 16120 -7966 29413 -5056 END
START -928 1964 16844 -12541 32767 -5025 END
START -4476 340 14072 -15399 32767 -6753 END
START -6376 -1404 10760 -16440 32767 -4575 END
START -9840 -2500 9744 -13663 32767 1793 END
START -10744 -416 11352 -7829 32767 8293 END
START -11964 2124 13864 -5624 32397 8882 END
START -14676 2488 16548 -7097 29721 2915 END
START -15400 1248 17012 -9480 30637 -4122 END
START -16124 1256 16688 -11480 30935 -12691 END
START -17844 -2748 14912 -9904 31458 -14502 END
START -18360 -3176 14248 -5912 23198 -12191 END
START -19328 -3552 14852 -2763 15137 -9619 END
START -18316 -3124 16384 -1197 6326 -6320 END
START -18428 -4456 16488 -1942 718 -5520 END
START -18004 -5376 15752 20 -2986 -2867 END
START -17520 -4668 16264 2481 -4250 -1053 END
START -16980 -4968 14460 5377 -4615 -1924 END
START -18652 -2408 14364 8440 -6784 -4292 END
START -18480 -860 13412 9247 -9845 -8347 END
START -17412 356 13856 9335 -15132 -11238 END
START -17256 48 14720 7719 -20190 -14219 END
START -15652 -1712 14536 8822 -25193 -14129 END
START -14188 -3048 13456 10906 -30679 -11152 END
START -12640 -4076 12212 15319 -32768 -5364 END
START -10560 -3160 11400 20232 -32768 2976 END
START -7744 -3356 10252 22422 -32768 9979 END
START -4424 -3216 8968 23338 -32768 17679 END
START -1788 -1892 10060 23618 -32768 26942 END
START -1072 -676 8988 22033 -32768 32767 END
START 2576 1740 12096 21245 -32768 32767 END
START -1752 9284 14580 1217 -21996 32767 END
START -5412 13028 12268 2444 -18361 22945 END
START -4372 12776 17800 -6852 -21658 7432 END
START 532 6816 15928 -9604 -23697 -2826 END
START 3384 1508 15696 -8010 -21920 222 END
START 3244 404 15432 -1703 -12823 10544 END
START 3452 -1224 14876 1093 -3723 17029 END
START 524 844 13776 2498 4453 18199 END
START 604 2468 10544 2615 5145 20834 END
START -672 3680 11684 1026 6936 19103 END
START -552 2928 10644 -1960 7253 16908 END
START -744 2340 12300 -3299 7774 13343 END
START -64 1104 14100 -5535 10686 11800 END
START -168 -52 14636 -9796 11013 7241 END
START 1284 -1536 17192 -15649 16291 5014 END
START 1624 -3892 17684 -14061 17959 3069 END
START 2708 -4640 17864 -16352 22292 1783 END
START 868 -6300 16396 -15660 28662 -945 END
START -1956 -9980 13368 -10896 32767 -6832 END
START -5276 -11332 13960 -1026 32767 -14983 END
START -5840 -9648 15032 3594 32767 -21265 END
START -13764 -4200 14092 4456 31893 -23729 END
START -17328 -1764 12680 10208 22321 -28482 END
START -13220 -3524 16988 11926 2509 -32768 END
START -11540 -4164 18584 7257 -3357 -32768 END
START -12168 -3868 17588 11142 -15740 -32768 END
START -8224 -4648 18016 14874 -19780 -26589 END
START -1436 -3252 16772 16993 -25844 -9306 END
START -6536 1488 19304 17813 -22346 2391 END
START -1424 6372 24316 23440 -10330 8449 END
START -4128 6864 17816 23332 -7764 18301 END
START -4568 10812 22384 10450 871 12461 END