START 4412 -3132 9456 3508 -2638 -2736 END
START 4760 -1620 9452 5048 -518 -1085 END
START 4464 -248 9264 6308 446 1037 END
START 4224 936 10972 6050 1342 1621 END
START 3328 1576 11704 4023 3180 548 END
START 2392 1348 10780 1198 4367 -1096 END
START 1400 368 9132 -324 5563 -2326 END
START 1380 -320 7944 -756 6493 -2533 END
START 1312 -724 7148 -1013 8053 -2088 END
START 1200 -436 6412 -1345 10304 -1163 END
START 780 84 5796 -698 12333 -664 END
START -768 804 4812 1145 13178 -672 END
START -724 1540 5944 1579 13823 -1808 END
START -1228 1432 6484 827 14517 -2932 END
START -1380 928 7072 -1875 17046 -4182 END
START -1780 -912 5616 -3644 19566 -4477 END
START -2200 -2108 4364 -3524 20908 -2808 END
START -1996 -2120 3464 -1273 22286 667 END
START -2564 -408 4468 857 22418 4532 END
START -2240 576 5352 3692 22458 7607 END
START -3320 2608 9104 1708 23438 7472 END
START -4868 3648 10532 -1434 25663 5893 END
START -4636 2492 12300 -3105 27778 3003 END
START -4888 1496 13616 -4558 28449 -2671 END
START -6848 -1688 11720 -3633 25597 -5274 END
START -3084 -4760 18616 -2624 28319 -891 END
START -7664 -2492 19116 -248 25733 2481 END
START -10000 -904 21544 2402 19944 2770 END
START -11204 836 25476 2614 21215 4036 END
START -12556 1884 29124 959 19124 1803 END
START -12172 528 30944 -3337 17280 -2576 END
START -11672 -1256 31296 -3395 14029 -4610 END
START -11820 -1000 32496 -1032 12973 -5009 END
START -12472 -84 29924 3289 11918 -2362 END
START -15196 1848 29752 5906 5259 1388 END
START -15912 3240 31440 2915 634 1181 END
START -14924 4264 31924 2454 -2519 1303 END
START -14820 4816 31644 2423 -3943 290 END
START -14688 5192 29852 2775 -5848 -1007 END
START -11776 5320 26160 2491 -9823 -2680 END
START -12524 6152 23212 2725 -11597 -2844 END
START -11872 5144 21784 1271 -14936 -1513 END
START -10548 5096 20436 458 -16616 1418 END
START -9632 4812 20796 745 -17320 4146 END
START -8636 4324 20172 1242 -16075 6557 END
START -7916 4288 17644 2642 -16423 7133 END
START -6116 4200 16212 3365 -15844 7795 END
START -6684 3976 15380 3645 -12587 8217 END
START -6196 3028 13768 656 -15531 5219 END
START -6440 1552 11908 49 -13048 8032 END
START -6340 1792 9980 847 -19123 9708 END
START -4864 2100 11376 1613 -18374 11847 END
START -4812 3612 11456 2521 -16300 13183 END
START -2936 4372 10644 1720 -13979 12540 END
START -2592 3816 9988 270 -12261 10185 END
START -1280 2384 8564 -945 -9442 8828 END
START -520 1172 8856 64 -7909 10929 END
START 72 1156 9276 -1410 -5468 12628 END
START 0 772 8608 -2970 -2492 13283 END
START 28 788 8304 -3555 380 13171 END
START 508 -148 7840 -3179 3302 13543 END
START 844 -900 7948 -2618 7488 13064 END
START 2240 -2172 9920 -2200 10902 13235 END
START 2696 -1216 11444 -1029 15901 16042 END
START 2324 -1900 15292 -6488 14714 10204 END
START 2372 -2340 18364 -13323 22717 4034 END
START 112 -4864 17888 -13189 27811 -3006 END
START -2132 -10544 12532 -7586 32485 -13407 END
START -4936 -11568 20604 -5362 32767 -25373 END
START -5552 -15104 23756 -16969 32767 -32768 END
START -5712 -18704 19356 35 31313 -30292 END
START -18256 -13512 20832 6135 20606 -25052 END
START -22740 -7012 19348 13570 -2817 -19060 END
START -22288 1780 24020 16970 -32768 -12858 END
START -19264 7264 25148 10403 -32768 -13052 END
START -8080 6940 24984 13644 -32768 -18728 END
START -9780 3212 23468 -4382 -32768 -26455 END
START -3960 496 16976 2492 -30258 -19091 END
START -4712 2824 10232 3625 -32150 -9631 END
START 1740 4204 13108 9366 -23445 6152 END
START 2872 6724 12136 10810 -12719 14461 END
START 624 9344 11144 4009 -2130 20333 END
START -204 9836 8748 -982 -3986 17077 END
START 1188 8384 9236 -4420 -5974 13065 END
START 696 6208 8268 -10536 -2763 8811 END
START -1072 3984 8824 -12915 1673 8271 END
START 28 2024 6040 -15106 734 6405 END
START 384 -1984 7916 -14405 4244 8131 END
START -128 -3672 9536 -11648 8967 8676 END
START -748 -6280 11188 -10033 16554 9730 END
START -2520 -6516 12432 -1159 21439 11488 END
START -4860 -4848 15476 1995 18747 8688 END