START 3564 -1208 14140 2392 -7318 -3615 END
START 3856 -1500 13188 2916 -4992 -3434 END
START 3564 -152 13936 4625 -4948 -229 END
START 2388 1300 14336 4075 -3834 203 END
START 1292 2172 13548 3529 -2823 244 END
START 1236 3528 13300 4077 -2547 436 END
START 2780 5472 13416 5016 -2242 656 END
START 4644 8228 13796 6189 -1488 2116 END
START 6232 10744 15480 6758 -666 4461 END
START 5412 12148 17536 4254 219 6509 END
START 2840 12308 17332 962 1443 7695 END
START 48 11680 16076 -1109 1527 8814 END
START -2428 10116 14544 -3223 1652 9027 END
START -3708 7784 12636 -4310 1401 9646 END
START -4184 5820 10824 -4594 1100 10660 END
START -3980 3880 9480 -4953 1102 11621 END
START -3788 2436 8720 -5031 1660 12463 END
START -3168 1360 7456 -4935 2598 13708 END
START -2020 -240 7116 -4664 4781 15310 END
START -1980 -1276 6124 -5038 7301 16098 END
START -1900 -1788 5136 -5785 8895 16384 END
START -884 -3532 6160 -7008 11063 17094 END
START -2376 -5068 6296 -8702 13310 15579 END
START -708 -7800 5520 -8206 14336 13831 END
START -16 -9672 6376 -7792 16005 11497 END
START 48 -10608 5792 -5286 17060 10240 END
START 236 -10960 6712 -2774 18049 9484 END
START 188 -10208 8200 -2875 19593 7999 END
START 20 -9872 10432 -4138 20867 6762 END
START -1580 -10088 12472 -6423 22230 4540 END
START -1532 -12368 13672 -7675 23236 658 END
START -4452 -14424 16800 -8016 21230 -5694 END
START -4112 -17680 20116 -777 19698 -6184 END
START -4884 -17940 26720 2623 15629 -7523 END
START -6020 -16644 31700 855 13306 -12125 END
START -5652 -16200 32767 3394 8770 -13212 END
START -7548 -13844 32767 3511 4919 -12307 END
START -7772 -10200 32767 1818 2069 -15326 END
START -9884 -7316 32767 5008 -513 -14998 END
START -11132 -3648 32767 8161 -7769 -14757 END
START -12812 20 32767 8336 -7215 -15249 END
START -12248 2352 32767 9648 -12109 -14251 END
START -11324 4312 30068 9338 -13130 -13851 END
START -9704 4220 26576 9528 -15637 -11540 END
START -8868 5200 23836 8983 -16751 -9774 END
START -6632 5356 20332 8825 -15736 -7219 END
START -5708 5924 16764 8644 -17218 -6303 END
START -4472 6076 13864 8280 -16918 -5377 END
START -2180 5940 11144 8537 -16693 -3719 END
START -760 6456 9668 8313 -16009 -2223 END
START 1404 6060 9672 6241 -15449 -2135 END
START 1976 5120 8648 4382 -13591 -1110 END
START 3732 3820 7164 3237 -11042 519 END
START 3520 3428 6108 2248 -8103 1612 END
START 3548 3040 4268 2437 -5783 2870 END
START 3676 2696 3564 2216 -2679 2888 END
START 2684 2980 3024 1882 -857 2438 END
START 2492 2984 2868 336 369 1056 END
START 2388 1964 2384 3 951 114 END
START 2540 840 2472 -694 2181 -419 END
START 2536 -176 2520 -1276 3914 -568 END
START 2940 -980 2688 -1386 5771 -250 END
START 3148 -1444 3024 -1545 8171 -114 END
START 3008 -1736 2592 -1340 11109 229 END
START 2488 -1736 2072 -744 14709 445 END
START 1564 -1176 1344 25 17714 263 END
START 492 -200 1208 317 20322 -423 END
START -292 484 1448 246 22392 -1340 END
START -160 -460 3352 -107 24302 -1715 END
START -3768 -52 5100 -1443 24304 -3799 END
START -2924 -3848 7940 1059 26112 -1541 END
START -4092 -3376 12900 1776 27109 307 END
START -6640 -796 18652 2071 28031 -248 END
START -8556 -220 23284 6540 23219 2914 END
START -9932 2156 32767 6152 19953 3188 END
START -11740 700 32767 -23 18884 -1213 END
START -14808 -1276 32767 -1305 15572 -4253 END
START -11380 -2468 32767 841 11435 -6953 END
START -16804 308 32767 5808 8371 -3860 END
START -15232 1764 32767 7942 4840 -868 END
START -13500 2880 32767 6052 2556 -216 END
START -12324 4724 32767 5939 2053 903 END
START -14528 5184 32767 5966 -1171 801 END
START -10696 5580 29364 6344 -1175 4258 END