START -464 -792 13084 7677 1964 -1067 END
START -1576 -132 12328 9124 -171 2806 END
START -1836 1128 12776 7473 4309 472 END
START -428 3148 14904 8516 3607 3572 END
START -1216 4120 16764 5747 2653 1359 END
START -1284 3992 16844 3637 2494 -716 END
START -1852 3768 17024 1919 2706 -2664 END
START -1404 3628 16212 1715 3660 -4697 END
START -632 2964 15992 2800 4146 -5474 END
START -1036 2600 16804 3287 4939 -5437 END
START -1028 1608 17200 2689 5458 -4679 END
START -2740 1028 17368 3186 5638 -3260 END
START -3108 1736 17544 4618 4904 -1767 END
START -3664 3252 17656 5468 3953 -834 END
START -3376 5220 17852 5530 2561 -281 END
START -3224 6960 19136 4848 856 -1373 END
START -3612 6620 21032 2083 13 -3813 END
START -4536 3688 20332 -133 -322 -6312 END
START -5256 812 19524 224 -1847 -6395 END
START -5420 400 18744 3915 -3745 -2207 END
START -2900 3900 20576 7730 -6423 3815 END
START -3532 8828 20676 8015 -6112 5617 END
START -2492 12420 20128 7043 -7013 5458 END
START -2348 12048 19284 3210 -7498 4023 END
START -2300 9880 18104 -1086 -8373 4166 END
START -3016 7424 15256 -2450 -8530 7291 END
START -3732 6776 13832 -1158 -8964 11292 END
START -3640 7292 12988 -382 -8888 14284 END
START -2812 8216 12916 -1588 -8403 14314 END
START -1640 7728 12248 -3451 -7272 12242 END
START 100 6452 11972 -4540 -5915 10789 END
START 1868 4708 11448 -6059 -3302 10393 END
START 3020 2928 10384 -6475 -85 11124 END
START 2464 2468 10108 -7140 2365 12652 END
START 2788 1796 9380 -7353 5586 13172 END
START 2988 696 9696 -6528 8053 14806 END
START 3040 876 10208 -7415 11894 15271 END
START 2348 684 10148 -8662 16201 15337 END
START 1448 796 9960 -9125 18160 15174 END
START -448 1204 11164 -10185 20026 12643 END
START -1104 188 11416 -10590 21292 7350 END
START -2644 -1720 11372 -10220 22693 292 END
START -3408 -4788 11728 -9523 22436 -5578 END
START -3484 -6572 12536 -7849 22352 -8603 END
START -6840 -7452 14472 -8565 23907 -8532 END
START -5256 -8356 13456 -7848 20701 -7677 END
START -4420 -8956 13500 464 20098 -356 END
START -5412 -5932 17588 -316 22147 223 END
START -7112 -4660 16848 -2011 25499 -3126 END
START -8248 -3504 16976 2488 21532 -4465 END
START -9788 -3160 18308 2474 24390 -6833 END
START -10356 -4096 18384 -933 22718 -11969 END
START -11172 -4568 18504 -204 18784 -13025 END
START -13772 -5512 17640 1777 14372 -11737 END
START -11944 -4932 16644 6148 8530 -7322 END
START -11228 -1804 18576 8086 4374 -4746 END
START -11140 -148 20020 8168 3446 -4610 END
START -10048 880 21976 5309 2248 -9782 END
START -11684 1096 20720 5126 4384 -12060 END
START -12088 452 20044 3687 3722 -14693 END
START -12916 604 19392 3567 58 -14921 END
START -14836 1436 18844 5433 -5232 -12647 END
START -11816 3644 18084 5171 -12986 -11772 END
START -13416 6736 19572 6514 -18428 -10931 END
START -11936 5768 20808 1299 -19715 -14202 END
START -10628 4476 19900 -929 -20125 -15575 END
START -9904 912 19056 -1578 -21202 -14963 END
START -8092 -220 18240 993 -21701 -11156 END
START -7752 -76 17908 4818 -21083 -5594 END
START -7012 1744 17520 8668 -20679 -152 END
START -7664 3252 17188 9515 -19472 2567 END
START -5448 4460 18704 4392 -13046 3560 END
START -7844 5104 14756 455 -16446 -399 END
START -5784 4104 14112 1276 -19284 -209 END
START -4144 4384 14144 2832 -20769 465 END
START -2724 3684 13964 355 -19136 -879 END
START -1388 3044 13672 1331 -17963 -1690 END
START 324 2508 14712 1904 -16532 -1199 END
START 1468 1696 15072 533 -13321 -871 END
START 2400 156 13692 -277 -9988 84 END
START 2300 -404 12508 670 -7118 1833 END
START 1876 336 11180 2256 -5090 4319 END
START 1388 1628 10308 2833 -2842 4911 END
START 1204 2388 9508 2029 -985 3996 END
START 984 2352 9408 1387 -207 3114 END
START 860 2724 9760 433 643 2197 END
START 1044 2544 9624 -134 2059 778 END
START 976 1812 9600 -228 4793 -834 END
START 1572 924 9884 -466 7991 -1220 END
START 1276 48 8824 -935 11362 -629 END
START 768 -516 7760 -578 14048 566 END
START 576 -456 8532 814 15644 1997 END
START 416 -56 10352 1760 17537 3233 END
START 376 1164 12256 1580 20421 3802 END
START -4 2372 13948 2946 23770 3892 END
START 1560 4180 16128 4552 27937 3865 END
START 1556 6560 14952 137 32767 -599 END
START -7068 2668 9824 -1903 32767 -3135 END
START 1004 1344 19636 -13429 32767 -1300 END
START -2128 -1288 15748 -19257 32767 -10209 END
START -12904 -8408 9116 -18731 32767 -9233 END
START -18908 -8980 9128 -11893 32767 -720 END
START -24924 -4384 9852 2054 29116 14442 END
START -28544 1832 12032 4058 1374 16338 END
START -24908 3368 15860 1199 -15931 14454 END
START -20232 3372 20000 -1149 -29950 6688 END
START -11000 -2216 20392 822 -18546 -3995 END
START -12936 -308 21036 -17310 -1692 -16353 END
START -13128 -4620 22832 -13609 -1187 -15996 END
START -9560 -8516 19352 -5113 344 -9194 END
START -11936 -6612 20016 2960 1333 -743 END
START -11024 -4100 19940 5506 2419 4167 END
START -14212 -2292 18108 5960 2947 6314 END
START -11312 -572 16444 6239 2582 7926 END
START -12708 1368 17420 5533 1690 7575 END
START -13824 1372 16916 3853 883 6880 END
START -13024 776 16292 2161 -1096 4921 END
START -12824 616 16236 1473 -2534 3881 END
START -13400 836 16696 1567 -5385 3209 END
START -12492 844 16512 1231 -8304 2594 END