START 2512 2500 9232 1257 6412 -1618 END
START 2156 2704 10812 1356 9518 -1846 END
START 2092 3380 11180 -509 12796 -3737 END
START 2360 3004 11000 -1894 16190 -5223 END
START 2500 1256 9184 -3105 18980 -6124 END
START -1648 452 8688 -2520 24517 -4369 END
START -1568 -2164 4048 -4123 24257 -3830 END
START -1200 -1556 4580 -3821 24745 -2100 END
START -2308 -2040 4736 -2909 25098 437 END
START -3088 -468 5460 -2023 26147 2437 END
START -4088 416 5936 -1507 26880 3293 END
START -4176 1580 6888 -712 27932 3707 END
START -4384 2708 8868 -1170 30075 2006 END
START -3720 2520 10788 -4536 30434 -3566 END
START -2232 596 12016 -8271 32767 -5742 END
START -4748 -2880 13664 -12948 32767 -8693 END
START -8012 -5600 12128 -12028 32767 -7989 END
START -4396 -7616 13388 -4913 32617 1867 END
START -10548 -2936 17128 4336 26504 10546 END
START -11868 1760 21108 6953 22386 11391 END
START -12536 3204 22956 6877 17935 10084 END
START -11980 2788 28224 5568 15996 -302 END
START -11180 4624 31452 -2059 26721 -8699 END
START -11496 1288 28972 -6288 29717 -14111 END
START -16356 16 26228 -5723 25414 -10626 END
START -16588 -876 24556 -2354 19133 -5078 END
START -16992 620 24604 1200 12311 14 END
START -18292 2000 25856 387 7999 1249 END
START -18400 1320 26452 -709 4014 595 END
START -18100 1008 27228 -3161 2936 -2387 END
START -18100 -756 26700 -1917 3241 -3282 END
START -17880 -1020 24920 -1598 1557 -3437 END
START -18168 -1316 23056 -314 -3233 -2750 END
START -17508 -1840 21716 907 -8792 -1777 END
START -16556 -1224 20696 2619 -14040 -563 END
START -15332 -264 19904 3716 -18359 25 END
START -14876 348 19392 4704 -21767 186 END
START -13348 140 19836 4333 -24983 -182 END
START -11668 -964 19460 5052 -27435 -126 END
START -10484 -1016 20040 6352 -29344 1084 END
START -9464 -72 19268 8387 -29884 2478 END
START -10156 1072 18064 11772 -30298 4715 END
START -7148 1076 14712 12448 -30952 6108 END
START -7200 2224 13888 14332 -32316 9617 END
START -4912 4052 12984 11200 -32768 7645 END
START -5312 4312 13312 8050 -32768 7080 END
START -3564 3896 13740 6782 -32768 7066 END
START -1972 4976 14072 6074 -26861 7976 END
START -1656 5208 12140 2709 -23148 5162 END
START -444 3704 9904 4402 -17277 7503 END
START -304 4692 8512 6197 -17950 7744 END
START 1540 5164 7632 6606 -14663 9528 END
START 2796 5424 7664 4833 -9997 10605 END
START 2632 5856 6284 4435 -6209 12681 END
START 2504 5852 5840 2376 -2721 13119 END
START 1804 5596 5048 -271 -238 12312 END
START 1808 4856 4168 -2165 1448 11811 END
START 1784 4212 4428 -2960 2568 11913 END
START 1556 3824 5572 -4358 4482 12226 END
START 2488 1680 8688 -5550 12153 15031 END
START 800 2656 6452 -9582 10557 13077 END
START -572 380 8292 -11034 12997 13629 END
START -284 -1380 8624 -12532 12154 13418 END
START -408 -2080 10964 -15705 13060 13043 END
START -784 -3396 12136 -18720 15269 12303 END
START -1376 -5576 11864 -22609 17925 12121 END
START -2684 -7072 13252 -23579 20423 11271 END
START -5828 -9328 12532 -21479 22310 7249 END
START -8324 -11704 13496 -13965 22495 1417 END
START -8556 -12740 16652 -7184 22575 -6852 END
START -9300 -15040 19080 3301 20343 -10423 END
START -8392 -14212 22084 1235 18509 -17624 END
START -4460 -16272 21680 1493 14787 -21338 END
START -7096 -13948 22344 5571 7050 -20127 END
START -8532 -9560 24384 9867 406 -20414 END
START -7856 -6720 24256 11662 -7561 -21927 END
START -6272 -1472 28808 12691 -6489 -21808 END
START -2732 984 30760 12569 -2648 -21441 END
START -2944 2824 30132 11562 -1574 -23901 END
START -4504 4556 27800 11306 3331 -22128 END
START -7816 5004 23692 12527 1069 -17676 END
START -11012 6716 20608 12773 -4304 -11408 END
START -11764 9032 18252 13558 -11142 -4524 END
START -8620 9348 16556 12616 -15722 2854 END
START -7208 11028 15536 11365 -20187 5130 END
START -2036 9796 16048 6412 -18449 6181 END
START 928 10048 17004 3403 -14132 7432 END
START 172 9168 15356 -2211 -4239 7339 END
START 796 5792 13600 -4774 1678 7254 END
START -588 3288 12332 -4093 2858 6176 END