START 1736 1292 12964 5009 3855 311 END
START 1324 -320 13420 2465 6698 -656 END
START -144 -1048 14264 2598 8439 620 END
START -368 -1760 14148 2544 13798 2685 END
START -4888 -1480 14440 3640 13393 3237 END
START -6748 -576 14560 5060 7360 2515 END
START -7284 900 15736 5073 3911 933 END
START -6608 2284 19284 2868 491 -1767 END
START -5948 2576 21468 -483 -1232 -5494 END
START -5600 1476 22552 -2376 -1825 -8671 END
START -5504 -340 23396 -953 -2638 -10052 END
START -5820 -1212 23196 969 -3196 -9428 END
START -5596 -192 22140 4558 -3791 -5598 END
START -4256 3764 21460 6494 -4919 -1704 END
START -6188 6816 22120 5911 -5626 1751 END
START -5172 10292 21484 6815 -7258 3524 END
START -6100 11476 21484 1720 -7122 1807 END
START -6704 9468 19224 -1392 -7946 1138 END
START -7608 7560 17272 -2854 -9460 2323 END
START -6984 5700 14928 -2559 -9913 4320 END
START -6212 5588 13712 -610 -10204 6857 END
START -4100 5808 12764 467 -9371 8974 END
START -2780 5880 12068 510 -7619 10646 END
START -1652 5464 11000 802 -6307 12391 END
START -640 5352 11476 -3 -4374 13634 END
START 212 4708 10944 -1282 -2254 15022 END
START 524 4236 10156 -2704 -91 16305 END
START 848 3620 9292 -4601 1920 16612 END
START 632 2812 8612 -6793 3871 16494 END
START 744 1936 8480 -9033 5436 16128 END
START 340 616 8932 -11476 6701 15185 END
START 456 -1352 9964 -14329 8241 14382 END
START 520 -3640 11132 -17373 10776 12374 END
START 192 -5200 10912 -18495 13419 12160 END
START 28 -6392 11608 -19283 15788 10560 END
START -204 -7752 12152 -19412 18885 7612 END
START -2072 -9372 11572 -16458 23122 3241 END
START -3960 -10980 12976 -9582 26072 -5148 END
START -4536 -13584 13836 -3942 26113 -15568 END
START -3052 -16744 15360 -3576 25966 -19591 END
START -8808 -15560 25104 -7618 28463 -23261 END
START -11012 -18376 19568 -6509 20748 -24175 END
START -17744 -13316 19916 -334 12661 -23564 END
START -15644 -13204 22920 10180 -5437 -16619 END
START -15664 -5528 24644 17392 -24063 -13694 END
START -10776 -1044 26988 11814 -32768 -17996 END
START -2432 200 32767 7564 -25997 -22344 END
START -5212 -2384 28264 8685 -22613 -22284 END
START -7704 -2916 22320 7437 -20610 -18149 END
START -4584 -1664 21056 15901 -19533 -4698 END
START -3960 2580 20236 19269 -16873 3396 END
START -3744 5152 15960 19037 -15599 8368 END
START -1344 6668 13148 11171 -14901 5935 END
START 44 7468 12436 5773 -13188 2259 END
START 732 6908 12196 4184 -16375 1754 END
START 3176 5280 12500 -2365 -15847 215 END
START 4104 3392 10332 -5692 -13921 -339 END
START 3792 1756 9352 -5236 -10230 394 END
START 3720 796 8296 -2515 -6335 1141 END
START 3464 728 8244 -368 -2152 1168 END
START 3500 532 6644 677 887 1906 END
START 3560 484 7096 1314 3212 2653 END
START 3236 356 6664 1746 5019 3211 END
START 2788 580 6196 1412 6676 3167 END
START 2428 -628 6020 2182 8489 3439 END
START 1848 -472 5944 1107 11266 3155 END
START 1084 -156 5088 853 13948 3341 END
START 464 -136 5176 738 16712 3582 END
START -456 348 4784 -135 19920 2764 END
START 788 -588 5024 -238 24099 3993 END
START -88 -160 6516 1717 26698 5664 END
START 48 840 8504 562 30027 5391 END
START 344 1328 8836 484 32767 5198 END
START -592 664 8404 3229 32767 6017 END
START -7008 1492 12108 3697 32767 3992 END
START -5256 1104 15752 -6980 32767 -3701 END
START -1912 -1536 21628 -11546 32767 -7773 END
START -8776 -3988 23348 -15745 32767 -10329 END
START -16908 -8268 18560 -22870 32767 -11433 END
START -25476 -9740 19368 -11463 32767 1347 END
START -30168 -8960 21260 -7133 29736 11659 END