START 2588 -480 6584 1949 3622 -1231 END
START 2368 -476 7564 1744 5553 -229 END
START 2260 -196 7576 1161 7579 -245 END
START 2152 -480 7612 1237 8463 528 END
START 1428 -300 8244 1002 9934 1073 END
START 1072 -20 8320 446 11548 1410 END
START 216 -200 7916 -105 12649 1179 END
START -500 -388 7636 -365 13608 811 END
START -576 -456 7552 -416 14605 411 END
START -712 -452 7656 -191 15570 -216 END
START -552 -844 7480 132 16758 -116 END
START -836 -424 7924 658 17838 626 END
START -1404 140 9020 322 18743 1132 END
START -2436 156 9960 -581 19603 1237 END
START -2960 -260 9508 -1504 22188 1994 END
START -3396 332 11692 -2953 20703 391 END
START -6564 -208 11228 -2945 21359 -2489 END
START -3944 -2464 10844 2322 22337 183 END
START -3660 -644 13788 3393 21633 2123 END
START -3828 1460 15264 4303 22453 2088 END
START -4196 3200 17404 3137 22562 1358 END
START -4152 3588 19940 2291 22670 205 END
START -5400 3184 21920 980 22165 -1222 END
START -6256 2376 23996 1192 20743 -2305 END
START -6400 2628 26776 1554 18279 -2817 END
START -5992 2664 28340 1111 16238 -2829 END
START -7740 3856 31208 2798 14828 -1687 END
START -8196 4848 32767 1661 13054 -1502 END
START -9980 4344 32767 149 10295 -2243 END
START -11476 3648 32767 -1535 7021 -3108 END
START -11864 2556 32767 -1700 3507 -2800 END
START -10648 1800 32767 -1164 1176 -2358 END
START -12832 2892 32767 1166 -935 -1410 END
START -12612 3720 32252 2651 -3376 -891 END
START -12028 4656 30796 2760 -6187 -124 END
START -10976 4844 29280 1850 -8993 890 END
START -9776 4364 28556 382 -11589 1325 END
START -8380 4068 27704 -294 -14048 1028 END
START -7384 4128 25792 -41 -15312 598 END
START -6100 4564 23976 965 -16368 337 END
START -5416 5400 22392 1927 -16865 613 END
START -5052 6592 20356 2407 -16972 1560 END
START -7636 8204 17760 2813 -16788 3075 END
START -4176 7476 15212 305 -16826 3903 END
START -4692 7348 15400 -544 -17280 4812 END
START -3400 6888 14124 -2860 -18492 3684 END
START -2016 5688 13284 -3752 -18335 3682 END
START -128 5244 11352 -3547 -17126 4525 END
START -1112 5544 9832 -2233 -15613 5364 END
START -544 5164 9684 -3315 -13613 5568 END
START -1808 4904 9044 -3147 -11520 6753 END
START -2416 3944 8408 -3976 -8813 7776 END
START -3032 2832 7228 -4585 -6287 8899 END
START -3272 1492 5500 -5280 -4483 10015 END
START -3072 472 4912 -5493 -3365 11306 END
START -2480 -492 4448 -5812 -1939 12224 END
START -1860 -1160 4128 -6000 -60 13044 END
START -1284 -2160 4220 -6297 1402 13165 END
START -1260 -3248 5480 -6922 2554 12682 END
START 376 -5164 7180 -7428 5065 12569 END
START 20 -6400 7676 -7669 8007 12075 END
START 424 -7356 9240 -6677 11067 11128 END
START 1404 -8616 9988 -7604 15507 10446 END
START 340 -10300 9416 -6400 19693 9899 END
START -436 -10936 11320 -2444 23223 6802 END
START -2412 -11396 12060 1925 26616 -408 END
START -4668 -11904 12720 7121 28072 -8323 END
START -5692 -9016 16048 8983 30576 -14592 END
START -5736 -8532 19524 5967 32767 -21893 END
START -4280 -8244 21956 3821 32767 -32768 END
START -9264 -9596 17852 5506 30207 -32768 END
START -8900 -6932 19256 11654 22238 -32768 END
START -13904 936 19308 21475 3305 -25441 END
START -12956 7992 23940 18228 -12684 -25489 END
START -10556 6576 25992 8007 -23174 -29720 END
START -10396 5408 23940 4878 -24293 -25267 END
START -12208 3320 25028 1598 -22837 -18952 END
START -8192 2936 21268 6890 -22594 -4371 END
START -5644 2396 19956 9592 -18677 5834 END
START -4108 3348 18228 11737 -12325 13710 END
START -3376 5252 18048 10452 -4549 16907 END
START -4224 6464 15576 8632 -4847 19783 END
START -4388 7764 16528 5334 -6004 19476 END
START -4044 7448 17500 -458 -2722 17914 END
START -3804 8000 17096 -7033 -702 12759 END
START -1676 3632 15108 -6643 4389 8892 END
START -780 1988 14660 -5290 7143 6143 END