START 656 2960 14732 3681 2779 -406 END
START 72 4372 17832 3867 1733 980 END
START -468 5992 18192 3162 847 -17 END
START -196 6164 18872 2354 255 -1709 END
START 972 6076 19940 575 634 -3512 END
START 1580 6008 20072 889 382 -3570 END
START 2500 6716 21288 3192 -805 -1528 END
START 3092 8532 23252 4351 -802 25 END
START 2560 9684 23520 4498 -455 1464 END
START 1212 10928 22872 4286 -341 3618 END
START -1512 12576 22084 3632 1441 5120 END
START -1616 12736 19624 3085 -1124 5565 END
START -492 12712 18360 2100 -2905 6376 END
START 32 12112 17784 -355 -3701 6526 END
START 532 11232 16932 -2250 -4010 6554 END
START 996 9864 15108 -3484 -4093 6807 END
START 1484 8820 13692 -3937 -3477 7324 END
START 1768 7364 11876 -3699 -2024 8590 END
START 1744 6580 10416 -3465 371 9735 END
START 1400 5600 8504 -3333 3084 10939 END
START 1192 4652 6788 -2871 5824 12395 END
START 836 3772 5200 -3067 8389 13642 END
START -32 3320 4444 -3690 10924 14417 END
START -900 1916 4308 -5509 13030 14366 END
START -1816 420 4400 -7970 14237 13780 END
START -3064 -1144 4700 -11070 15792 12339 END
START -4348 -3088 4984 -14418 17682 9870 END
START -4864 -4752 5520 -17023 19217 6401 END
START -3208 -7136 6788 -20187 21849 3507 END
START -6128 -9956 7740 -20983 20701 -2324 END
START -6828 -12896 9272 -18538 20770 -6973 END
START -6984 -17688 10208 -14353 22697 -14250 END
START -5088 -21400 14060 -9796 21112 -21024 END
START -6400 -19360 22372 6599 14096 -17419 END
START -2704 -19148 31696 5973 12205 -15892 END
START -3476 -12824 32767 3733 8673 -15155 END
START -11220 -8856 32767 955 5927 -14186 END
START -2948 -6776 32767 10323 1259 -10590 END
START -6636 -304 32767 15642 -653 -10684 END
START -10532 3720 32767 16232 -1613 -14603 END
START -14656 9352 32767 13425 -9785 -15281 END
START -14672 12776 32767 11193 -14285 -12993 END
START -10716 12780 29336 8479 -18971 -11011 END
START -8548 11820 25352 8066 -22075 -8621 END
START -8272 11116 20492 6561 -25453 -5817 END
START -5140 10184 19660 3628 -21334 -4426 END
START -2616 7976 14848 1605 -23102 -4604 END
START -900 6848 13780 -187 -21403 -4343 END
START 908 4420 11252 -749 -21143 -3460 END
START 1552 3528 10768 608 -19870 -1814 END
START 3596 1528 10124 110 -18236 -1659 END
START 3364 1336 9560 1822 -14856 708 END
START 4568 444 9800 3267 -12790 2475 END
START 2712 1152 9488 3510 -9606 3337 END
START 3184 1168 9476 2367 -7552 3139 END
START 2444 1332 9124 1992 -6632 2670 END
START 2252 524 9472 513 -5721 1986 END
START 1852 152 8436 -291 -4766 1714 END
START 1680 -284 7684 -214 -3793 1324 END
START 1648 -372 6868 484 -2840 1109 END
START 2032 0 6368 1016 -2041 1104 END
START 2396 376 6524 1222 -950 1037 END
START 2620 688 6992 1276 523 1047 END
START 2892 676 7168 559 2369 827 END
START 2936 900 6856 111 4457 615 END
START 2064 1084 6936 1000 8678 2070 END
START 2620 1844 6296 -159 8728 480 END
START 2436 1332 6060 -103 11626 -296 END
START 1976 912 5028 -739 13555 -1111 END
START 1408 216 3960 -528 15653 -1110 END
START 700 16 3416 -218 18196 -1208 END
START 364 376 2960 -413 21067 -1137 END
START -824 656 3436 -740 23994 -2453 END
START -760 -152 3792 2010 26428 -679 END
START -1172 716 6660 577 28909 -840 END
START -1336 132 8356 -244 30633 -2360 END
START -6724 -204 9820 -811 31541 -4224 END
START -6344 -1544 13044 -1038 30795 -6175 END
START -5928 -2004 19024 -1305 31925 -7763 END
START -5848 -2412 23516 1904 32767 -7851 END
START -8108 -1676 27736 2530 32767 -6296 END
START -13248 1340 28624 8610 29036 1302 END
START -14840 6248 32767 5694 22676 2509 END
START -13060 4104 32767 3599 19097 3371 END
START -19824 3912 32767 6841 11859 8635 END
START -20560 6716 32767 7507 8980 9384 END