START 528 1716 18304 -2247 -11051 -1230 END
START 1220 660 16636 -720 -9606 -563 END
START 1232 200 16812 -94 -8234 -4 END
START 1524 -208 16392 18 -6601 182 END
START 500 -384 15252 747 -5264 767 END
START -632 -672 13916 836 -4686 1399 END
START -1224 -684 13108 567 -4063 1683 END
START -1676 72 11728 341 -4132 1507 END
START -1476 736 11804 37 -4823 853 END
START -1000 928 11796 -966 -5237 -157 END
START 404 760 12492 -1149 -2331 63 END
START 588 1012 12684 -2700 -4374 -1871 END
START 1056 -784 10752 -2497 -3505 -1838 END
START 892 -1376 9584 -1564 -2496 -1394 END
START 924 -1892 8912 -692 -1501 -902 END
START 872 -2036 8508 -97 -482 -864 END
START 1200 -2300 8088 477 552 -717 END
START 1384 -2372 7468 1236 1661 -8 END
START 1720 -1916 6736 1804 2863 752 END
START 1748 -924 6480 2096 4057 1333 END
START 1852 -252 6256 1768 5073 1496 END
START 2160 192 5876 711 6396 1236 END
START 2048 268 5308 -415 7890 748 END
START 1796 -116 4492 -784 8967 827 END
START 1736 -8 4188 -852 10518 629 END
START 1472 -192 4204 -347 12053 530 END
START 1500 -204 4580 -138 13798 435 END
START 852 -288 4808 -413 16156 250 END
START -52 -368 5100 415 17853 1233 END
START -888 40 6084 892 19588 1802 END
START -988 152 7712 1102 21686 1978 END
START -3636 1876 7380 700 22873 1034 END
START -816 1096 8304 1109 23058 2449 END
START -3236 2340 10700 -511 24413 1768 END
START -5200 1288 12300 -1015 26130 2216 END
START -6128 76 14884 -906 23523 3327 END
START -7488 -28 17776 -2958 23434 1806 END
START -9912 -232 19632 -140 21537 1052 END
START -10404 232 24412 2018 19486 1304 END
START -9796 2044 26992 726 17593 -363 END
START -10808 584 28004 -277 17200 -1282 END
START -12996 -300 31716 -1384 13725 -2259 END
START -12864 -1536 32767 -2088 11300 -3934 END
START -13372 -3120 32767 -738 8824 -3821 END
START -13740 -2772 32767 2710 7120 -2438 END
START -13536 -1064 32767 6417 4969 -121 END
START -13256 1776 32767 6885 2822 687 END
START -13092 3452 32767 4872 401 550 END
START -13988 3120 32767 2071 -1585 -1014 END
START -14176 1920 32767 595 -4667 -2618 END
START -14112 1628 32592 117 -7593 -4205 END
START -13444 1700 30624 301 -9769 -5669 END
START -11660 1892 28128 1524 -12039 -5114 END
START -10328 3736 26720 1755 -13682 -2961 END
START -9304 5268 26204 2493 -14652 -649 END
START -8476 6372 25796 2119 -15304 1010 END
START -8244 7144 23284 1158 -15029 1357 END
START -8548 7132 20504 1185 -15505 1755 END
START -8892 7560 17480 957 -15949 2121 END
START -8132 7676 14680 432 -16489 2715 END
START -7180 7504 12736 -317 -16851 3622 END
START -6312 7512 11192 -646 -17168 5011 END
START -5480 6912 9508 -1550 -16694 6372 END
START -4888 6052 8276 -2469 -15162 7532 END
START -4404 4792 6176 -2444 -14088 9559 END
START -3668 4028 5164 -3111 -11664 10147 END
START -2956 2268 2976 -3661 -9497 10607 END
START -1576 1008 2020 -3101 -7118 12004 END
START -640 -172 1520 -2748 -3933 13497 END
START 20 -1228 1320 -2423 -1205 15012 END
START 256 -2220 1472 -2763 1712 15984 END
START 172 -3296 1060 -3768 4893 16133 END
START 752 -4636 428 -4555 8017 16248 END
START 608 -6336 1420 -4742 11030 16560 END
START -220 -7004 2548 -6233 14134 15025 END
START -512 -8240 4736 -7070 16743 14029 END
START -1588 -9504 7840 -8476 20189 11498 END
START -5008 -11540 9776 -7815 24877 4544 END
START -9292 -13596 12576 -2433 25961 -5136 END
START -10668 -16520 14952 1984 24609 -17496 END
START -9948 -17216 20136 2436 16093 -24728 END
START -7812 -13288 29244 -5814 10620 -32768 END
START -6472 -9812 29840 1091 8776 -27119 END
START -8008 -8736 28072 10635 1655 -19089 END
START -10280 -6724 29792 14110 -9646 -15246 END
START -16016 -3108 28408 3550 -26161 -16825 END
START -11180 1408 26968 13026 -26139 -10814 END
START -9624 4436 27296 11556 -23320 -10236 END
START -8540 5156 23536 11498 -22344 -9327 END
START -6488 5308 18912 9567 -18053 -6616 END
START -4880 5672 16404 7402 -11017 -1244 END
START -2480 7004 13528 8482 -8823 1980 END
START -1696 8512 10340 9475 -5066 6730 END
START 2484 9660 8748 7501 -409 8940 END
START 3752 8112 8976 4648 2808 8675 END
START 5384 7600 8056 2924 7233 10707 END
START 5148 5384 11116 278 15386 14229 END
START 2064 6484 10304 -2564 18699 15039 END