START 692 272 15976 6645 -5437 4233 END
START 308 2040 15568 7071 -4832 4648 END
START 396 3244 15024 6618 -4247 3723 END
START 740 3868 14304 5402 -3800 1885 END
START 1300 3864 13932 4427 -2224 242 END
START 2168 3208 13276 4587 1696 -10 END
START 2212 2884 12636 2648 1821 -2353 END
START 2568 1844 11504 3028 2918 -1059 END
START 2700 1296 10948 1852 4300 368 END
START 2504 1224 10488 1529 5553 1931 END
START 2196 1480 10248 1090 7018 2728 END
START 2028 1908 9928 1290 8636 2597 END
START 2476 2288 9996 1229 10189 1839 END
START 2408 2480 10652 1042 12434 390 END
START 2704 2072 10824 403 13845 -688 END
START 3088 2468 11576 169 15321 -1921 END
START 3244 2124 12300 -1241 17917 -3473 END
START 3320 1732 12288 -2022 20456 -5180 END
START 3268 508 11340 -1678 23701 -6594 END
START 712 -1508 10652 -672 28883 -8341 END
START -1224 -1116 15864 -5846 30075 -11527 END
START -32 -2112 13148 -12118 32767 -7754 END
START -1416 -3412 10508 -9892 32767 -3207 END
START -2920 -2540 10356 -8018 32767 1052 END
START -5548 -880 9764 -7256 32767 4615 END
START -7884 952 11636 -4769 32767 8180 END
START -10088 3252 13112 -7197 32767 6182 END
START -11836 2312 12736 -13068 32767 1326 END
START -14240 300 13736 -16501 32767 -6450 END
START -17576 -2620 12044 -14813 32767 -6944 END
START -17200 -3592 11248 -9667 27504 -4982 END
START -19176 -1828 12764 -2838 20690 -2308 END
START -19872 -1912 14184 -2350 16594 -3574 END
START -19088 -2508 14644 -1435 12966 -5553 END
START -19452 -2740 15056 -2527 10773 -8234 END
START -17216 -4360 14952 -1944 8132 -8597 END
START -19628 -4036 15692 -787 6505 -7864 END
START -18824 -5548 14664 2124 5199 -5936 END
START -18764 -5120 15440 3643 4572 -5621 END
START -18960 -4868 15020 5074 3159 -5653 END
START -20296 -2832 15176 5831 736 -5959 END
START -21136 -2204 14360 5429 -4659 -6344 END
START -20792 -2780 13940 4744 -11190 -6937 END
START -19588 -3704 13888 5535 -15759 -6822 END
START -18040 -3248 14032 8144 -18067 -5989 END
START -18668 -1744 14984 11878 -20563 -4694 END
START -15032 -3000 12924 11407 -24119 -4030 END
START -14660 -2380 13912 11014 -27306 -2965 END
START -13292 -3404 12464 11723 -30953 890 END
START -12136 -4928 11516 14381 -32768 5928 END
START -10564 -4092 10704 19183 -32768 13237 END
START -9608 -1380 9860 24450 -32768 23232 END
START -8944 2568 10720 24612 -32768 29608 END
START -3320 4852 18360 21847 -32768 25580 END
START -6668 4120 13944 8858 -32768 20955 END
START -5336 6676 15956 36 -24119 18061 END
START -5904 6244 13148 -2608 -20595 12950 END
START -1144 5632 13104 -3002 -22903 9744 END
START 1000 4920 15588 -6554 -20746 6172 END
START 2544 2588 12056 -7972 -16146 5752 END
START 3720 1976 12332 -6790 -12214 8401 END
START 3884 2060 11984 -5513 -7155 11382 END
START 3292 1824 10464 -4004 -1903 14114 END
START 2764 1880 10136 -4059 1123 14783 END
START 1884 1704 9644 -3412 4859 15946 END
START 1220 1380 9724 -3323 6957 15113 END
START 1004 768 10188 -3265 9074 13836 END
START 752 188 11596 -2986 10295 12569 END
START 992 -104 13720 -4816 11971 11015 END
START 780 -352 14936 -8365 14352 9213 END
START 992 -1108 15244 -11665 17350 7991 END
START 1288 -2840 15440 -14684 21144 6163 END
START -456 -4732 13424 -16426 27673 2902 END
START -3492 -7184 12776 -7719 29420 460 END
START -3560 -8772 13836 -2006 32767 -4895 END
START -6372 -9844 14048 -51 32767 -9557 END
START -11804 -8756 16740 994 32767 -10654 END
START -10368 -10312 13896 2559 28019 -12924 END
START -18372 -8272 15848 6699 15741 -11483 END
START -17988 -5604 15768 11784 1849 -11134 END
START -16920 -3144 17884 15463 -10540 -11371 END
START -16736 16 18564 18675 -19935 -14360 END
START -11392 1824 20572 15840 -18704 -16478 END
START -11184 4884 17792 15588 -18149 -17569 END
START -10932 6420 16184 10685 -21457 -20294 END
START -8152 5864 16120 6932 -25468 -18649 END
START -3892 5284 17024 3445 -22229 -15008 END
START -2944 4472 16868 1865 -16586 -9022 END
START -2280 3448 17500 1745 -11103 -2103 END
START 32 4208 17264 1792 -5416 5618 END
START -208 3276 15388 483 -1601 10357 END
START -828 3420 15912 -2199 932 12544 END
START -604 2896 15000 -1981 4538 13050 END
START -1224 1864 14120 -3857 10004 14610 END
START -3648 2756 13944 -1272 11374 14515 END
START -5220 2696 15040 450 10968 12116 END