START 500 5040 15084 1541 -1225 -1114 END
START 2008 6276 17020 3521 177 2147 END
START -8 7688 17600 2196 -2337 483 END
START 1300 7440 17796 76 -3292 -656 END
START 1264 7468 18652 -2160 -3233 -2111 END
START 1600 6760 18844 -2198 -3207 -2131 END
START 2508 6576 19288 -1590 -2705 -1665 END
START 3040 6892 18820 -94 -2231 -698 END
START 3128 7836 18944 1956 -1548 781 END
START 2628 9316 19044 3082 -1032 2126 END
START 1556 10580 19324 2857 -1162 3079 END
START 536 11516 19064 1491 -2059 3632 END
START 60 11800 18400 -234 -2925 3619 END
START 612 11672 17688 -1352 -4121 3825 END
START 1304 11052 16996 -2128 -4388 3896 END
START 1980 10512 15668 -2445 -3288 4102 END
START 2512 9964 13960 -2023 -1622 4941 END
START 2340 9348 12368 -1645 98 6646 END
START 2348 9200 10608 -1805 1459 8337 END
START 1836 8864 8948 -2779 2650 9528 END
START 1124 8336 8032 -4494 4198 9742 END
START 1108 7220 7132 -5442 5178 10829 END
START 504 6468 6988 -7683 6559 10715 END
START -652 5392 6168 -9780 7835 9294 END
START -1036 4108 5348 -11693 9527 7331 END
START -912 2232 5040 -12295 11805 6190 END
START -524 148 5056 -11963 14093 5750 END
START -524 -1272 6408 -12387 16794 4753 END
START -1112 -2952 7220 -12818 20061 4118 END
START -1260 -5044 8012 -12409 23648 3223 END
START 880 -6236 7932 -13085 32597 4099 END
START -3136 -7732 7004 -11355 32767 1018 END
START -7744 -9772 7604 -1297 32767 2722 END
START -10160 -10432 9928 2392 32198 -604 END
START -11872 -10840 14816 2694 28614 -7156 END
START -13472 -11760 20368 -772 18954 -15244 END
START -12844 -10236 26684 -4443 16798 -19544 END
START -12456 -9904 29408 -8302 12686 -23678 END
START -12312 -7348 32767 -1104 6357 -18979 END
START -11148 -5716 32767 2903 2350 -19412 END
START -14052 876 32767 5505 -3250 -19709 END
START -14032 1548 32767 5244 -5766 -25578 END
START -15856 2336 32767 4673 -11114 -28474 END
START -16120 5264 32420 6313 -20068 -24147 END
START -14152 6812 30828 8328 -24454 -19773 END
START -13532 6516 27536 7520 -30655 -17822 END
START -9640 5540 23724 9088 -31113 -12156 END
START -7860 5832 21916 9257 -32203 -7502 END
START -5816 5744 18828 9678 -31750 -3121 END
START -3108 6152 17520 10035 -31014 -1609 END
START -960 4864 13708 6064 -27706 -818 END
START 796 4720 11208 4008 -25921 398 END
START 1416 5172 9124 3491 -25374 1613 END
START 2760 5732 10944 3575 -25084 306 END
START 3636 5568 11244 1323 -22505 536 END
START 4416 5240 11648 -462 -18706 -1556 END
START 5028 3360 8716 -1857 -13663 -1692 END
START 5660 1664 7356 673 -9029 1068 END
START 5460 1356 6052 2078 -6196 3258 END
START 4524 544 5524 3215 -3246 5090 END
START 4412 376 5256 2456 -1282 5325 END
START 4148 -60 4436 1673 -772 5248 END
START 2888 336 4912 996 -418 4959 END
START 2464 8 5460 -310 530 4398 END
START 1732 96 5616 -2032 1752 3041 END
START 1680 -152 5624 -3229 3104 2146 END
START 1748 -656 4836 -2945 4161 1508 END
START 2216 -696 5264 -1766 5680 -15 END
START 2736 -1208 5924 -1157 7285 -1498 END
START 3456 -1592 6732 -833 9978 -2073 END
START 3332 -2024 6836 -672 12600 -2172 END
START 2908 -2108 6560 -626 15098 -2031 END
START 2088 -2016 5944 -1303 17807 -2087 END
START 1576 -1956 5384 -1562 21225 -1444 END
START -1568 -968 3640 -1077 24034 -1953 END
START -644 -916 2092 1421 27734 -356 END
START -1388 52 3116 2222 31296 380 END
START -1996 144 2984 1844 32767 -1201 END
START -1184 88 4812 1539 32767 -2550 END
START -4268 84 5940 1209 32767 -5215 END
START -5400 68 7864 2925 32767 -3945 END
START -6940 556 10340 3821 32767 -2964 END
START -8764 560 14140 4356 32767 -2270 END
START -9368 372 19480 3464 32523 -2416 END
START -10144 2732 27412 3273 29128 -3386 END
START -11796 3836 32767 2874 28613 -4282 END
START -19588 4720 32767 2799 26145 -5735 END
START -20780 3364 32767 4001 30823 -8776 END
START -26636 2848 32767 5514 20784 -1399 END
START -30884 4804 30876 8694 19154 6919 END
START -28704 7944 28396 11939 7423 12156 END
START -26296 9816 26488 12216 -2114 15996 END