START 3504 124 9612 2664 4135 -1498 END
START 3104 36 9540 2864 5695 -1909 END
START 3616 324 9728 2601 7936 -2437 END
START 3392 196 9340 1708 10608 -3019 END
START 4464 344 9788 106 12776 -3186 END
START 3780 -216 8956 -1629 15551 -3225 END
START 3404 -752 8240 -1912 17093 -2723 END
START 3064 -900 8476 -1567 18934 -2527 END
START 2256 -1236 8596 -1163 21307 -2465 END
START 2104 -1208 8756 -690 24076 -1891 END
START 1928 -1188 8564 773 27373 -1566 END
START 1364 -188 8136 2317 31594 -1113 END
START 512 628 8072 1428 32767 -1362 END
START -3108 764 10208 -2385 32767 -3700 END
START -1840 -988 10640 -1951 32767 -520 END
START -2940 -368 11324 -6736 32767 -72 END
START -4816 -620 11480 -12202 32767 -5122 END
START -8168 -2520 9048 -10705 32767 -2440 END
START -9596 -2000 11948 -6590 32767 1251 END
START -11936 -524 14256 -8029 32767 20 END
START -15780 -508 14220 -7659 32767 -265 END
START -18472 -1644 13812 -8322 32767 -674 END
START -21568 -2956 14148 -6841 30036 -2668 END
START -23884 -4652 13848 -3391 19183 -3277 END
START -24152 -3344 15952 -268 9631 -3736 END
START -24292 -2880 18380 869 2734 -5757 END
START -20360 -2636 20448 595 1519 -9464 END
START -19476 -4000 20740 -389 2832 -12478 END
START -19436 -5348 20860 -376 4230 -14441 END
START -19852 -5972 19796 276 3724 -13746 END
START -21108 -6952 18448 2647 130 -10890 END
START -22132 -7308 17100 5721 -6388 -7625 END
START -21952 -6096 17192 8663 -13288 -5169 END
START -21300 -4420 16812 11806 -18843 -3622 END
START -20304 -2384 16464 13541 -23631 -3295 END
START -20048 -2024 15988 12685 -30237 -4214 END
START -17260 -1388 15488 10566 -30795 -7036 END
START -14580 -2220 14908 10290 -32768 -5798 END
START -11292 -3784 13752 10990 -32768 -2217 END
START -9468 -3232 13460 14342 -32768 5160 END
START -7780 -3172 12760 16284 -32768 12006 END
START -7320 -1792 11072 17509 -32768 19355 END
START -6432 -372 8872 18116 -32768 27670 END
START -3564 3764 11368 20911 -32768 30930 END
START -3504 8692 14416 12546 -28626 27726 END
START -4836 10528 17768 2152 -15789 20693 END
START -2452 9084 13752 -5021 -16392 10927 END
START 280 4988 11300 -7587 -18528 6715 END
START 2692 1352 12604 -9108 -14897 5249 END
START 3316 -144 9472 -5386 -12618 10127 END
START 5176 -1400 11740 -3037 -6281 19255 END
START 1840 1588 11024 -1397 -4072 22107 END
START 2396 2060 10412 -456 1209 23845 END
START 1148 2988 9936 -192 4912 22970 END
START 1200 2704 10732 -1839 5893 18824 END
START 920 2056 11188 -3152 7877 15506 END
START 920 716 11548 -5915 9671 12383 END
START 464 -420 11944 -8830 11329 9967 END
START 628 -1668 13320 -11476 13372 8807 END
START 44 -2848 13936 -15237 16038 6792 END
START 668 -4072 14284 -16908 18971 6434 END
START 120 -5992 14556 -16626 23924 5432 END
START -1264 -7892 14832 -14647 28468 1417 END
START -4424 -10276 13300 -10591 32767 -5937 END
START -6872 -8268 16672 -8361 32767 -14769 END
START -16080 -8056 17380 -14148 32767 -23740 END
START -13568 -7964 11216 -9970 32767 -29642 END
START -15104 -9708 11092 -3449 18426 -32768 END
START -9192 -10408 17736 -8021 10114 -32768 END
START -9304 -13096 17816 926 2143 -32768 END
START -10724 -12596 15964 9533 -5480 -32768 END
START -8588 -14616 17932 16014 -13208 -27048 END
START -7864 -14564 13864 25895 -21445 -8245 END
START -6980 -12268 13948 32767 -29323 10170 END
START -5180 -668 14216 32767 -32354 29573 END
START -4476 8848 16096 32767 -32768 32767 END
START 4620 15692 29228 32767 -19885 24566 END
START -1824 14148 22548 -2409 -3468 3326 END
START 1204 8392 13660 -9280 1962 -1568 END
START -1864 5788 15904 -5552 -4348 -3272 END
START 248 1028 14056 -5680 -1463 -2038 END
START 1716 868 14004 -6534 5442 -317 END
START 696 -1056 14416 -8747 11233 895 END