START 4564 -436 11472 1711 -27 -2353 END
START 1264 -192 13576 2759 1083 -806 END
START 1328 552 13312 3732 2775 930 END
START 292 2172 13888 4054 1884 399 END
START 1932 3792 15972 4809 912 1275 END
START 2628 6600 18448 4376 487 2374 END
START 2756 8656 19908 3760 -136 3062 END
START 2852 10248 21148 2485 -755 2580 END
START 2496 10980 21820 391 -208 1630 END
START 1764 10656 20996 -1040 442 1575 END
START -320 9780 19244 -233 364 2860 END
START -2416 10084 18276 -83 -61 4853 END
START -2480 9828 16976 -516 -74 6194 END
START -2672 9492 16008 -901 -903 7657 END
START -2256 8880 14704 -1947 -1845 8166 END
START -1172 7928 13648 -3150 -2039 7913 END
START -448 6472 12376 -4382 -1466 7818 END
START 240 5164 11556 -4725 -843 8375 END
START 684 3676 10780 -4919 579 8721 END
START 1016 2620 9972 -5113 2323 9087 END
START 1500 1436 9156 -5019 4293 9742 END
START 1484 616 8392 -5115 6227 10434 END
START 1324 -332 7572 -4932 8546 11116 END
START 576 -796 7132 -4523 10823 11802 END
START -212 -1264 6840 -3841 12785 11646 END
START -980 -1736 7152 -3759 14193 10146 END
START -1200 -2604 8028 -4438 15537 8438 END
START -1772 -3656 9052 -5242 17241 6481 END
START -2752 -4584 10116 -5971 19441 3627 END
START -4168 -5852 10456 -6697 21750 86 END
START -5436 -8316 11168 -6310 22838 -3150 END
START -6156 -10196 12004 -4290 22223 -4251 END
START -5732 -10600 14812 -3251 22175 -6318 END
START -9096 -13432 16788 4121 19994 -4906 END
START -9404 -12184 21664 2638 18463 -6496 END
START -10108 -9376 26692 3059 14027 -8861 END
START -10652 -8660 29444 3559 11930 -9717 END
START -6672 -7840 32024 4321 8764 -10552 END
START -10240 -4336 32767 5103 5840 -11914 END
START -7956 -1228 32767 8368 2573 -14369 END
START -9932 2112 32767 7016 -1367 -16120 END
START -10004 4352 32767 7617 -4466 -15185 END
START -11864 7204 32000 7974 -8170 -13897 END
START -13216 9500 29444 7644 -13313 -11455 END
START -11948 11968 28024 6512 -17896 -9056 END
START -10036 12772 26204 4043 -20103 -8444 END
START -9384 12708 23344 1597 -22054 -8455 END
START -5672 10228 20172 -43 -22925 -7461 END
START -3760 8848 18592 -1160 -23287 -6753 END
START -1652 6272 16964 -1067 -20972 -3694 END
START -3232 5888 15372 -1701 -19376 -2425 END
START -1680 5240 11980 -3374 -20347 -2781 END
START -40 3444 10300 -2909 -18598 -1026 END
START -944 3788 8260 -1280 -18893 269 END
START -344 2708 8988 16 -17681 276 END
START 2536 1352 9384 -425 -16340 200 END
START 2584 688 9412 287 -13532 316 END
START 3536 76 8632 516 -10498 630 END
START 3908 72 7772 1497 -7399 1069 END
START 3236 -220 7016 2316 -4210 1588 END
START 2400 484 5932 2585 -2093 1676 END
START 2396 240 4616 2652 74 1539 END
START 1928 60 4160 2803 1699 1938 END
START 1244 420 3632 2292 3120 2062 END
START 808 316 3172 1755 4658 2086 END
START 980 488 3512 1329 5909 1999 END
START 1064 604 3728 791 7086 1504 END
START 1096 760 4128 377 8787 771 END
START 688 660 4268 119 11170 -262 END
START 1056 356 3824 94 14344 -976 END
START 972 232 3308 211 18375 -1473 END
START 932 344 2400 594 22543 -1785 END
START 600 760 2072 660 26214 -1493 END
START -472 1176 2400 833 29928 -1638 END
START -432 408 3984 4643 32767 1273 END
START -920 1144 6048 4591 32767 1173 END
START -2384 1344 7172 4483 32767 -1431 END
START -5540 1288 11436 2826 32767 -5310 END
START -6952 1260 17896 -662 32767 -8353 END
START -8568 -524 20592 -209 32767 -8636 END
START -16408 -3892 29092 -2289 32767 -4151 END
START -20032 -2684 30580 3113 31575 2660 END
START -24444 536 32268 6635 24386 8924 END
START -23844 3548 29248 10202 13904 17218 END
START -23672 12820 32732 14877 11452 18101 END
START -24872 13228 31308 15034 4079 12483 END