START -2588 464 18380 1156 -15383 -921 END
START -2344 1760 17604 3282 -14231 1476 END
START -1924 3940 18312 2957 -10317 992 END
START -2164 4468 16736 3433 -8886 488 END
START -1268 4020 17156 1564 -7848 -1511 END
START -2324 2200 15084 603 -6062 -2845 END
START -2692 1280 13528 706 -4399 -2524 END
START -2852 640 11008 1650 -3097 -1936 END
START -2500 1116 10076 3156 -3079 152 END
START -2028 2048 10712 2732 -3348 2040 END
START -1880 3080 13028 742 -4149 2578 END
START -2320 3320 14432 -1864 -4294 1065 END
START -2384 2816 15936 -3442 -4206 -1629 END
START -2268 2028 16584 -2568 -3853 -3977 END
START -1184 1988 18248 -675 -4022 -4879 END
START -660 2272 18980 1068 -2931 -3517 END
START -1660 3688 19892 2892 -2438 274 END
START -3356 5368 21888 2674 -2894 3283 END
START -5804 7400 22992 914 -4221 4014 END
START -800 8596 21408 -457 -1030 4595 END
START -6580 7532 21708 364 -6121 4001 END
START -8076 6892 18080 902 -7281 3606 END
START -7272 6772 14944 2244 -7561 4617 END
START -6816 7076 13624 2936 -7031 6974 END
START -5772 7056 11532 3101 -5212 9628 END
START -4760 6672 9716 2876 -3813 12172 END
START -3544 5980 7896 1959 -2329 13973 END
START -2316 4788 6868 836 -781 15097 END
START -1308 3800 5820 -329 937 15840 END
START -88 2384 5496 -1476 2659 16410 END
START 192 1076 5444 -2850 4102 16651 END
START 0 -340 5856 -5514 5248 16212 END
START 2400 -2688 7488 -8181 7136 15675 END
START 1260 -3572 8380 -12096 9684 15522 END
START 1348 -5844 8716 -13341 11223 15748 END
START 1132 -6080 11652 -16535 12648 14689 END
START -1156 -8256 12176 -20420 17597 10116 END
START -1060 -10184 12700 -16994 22596 5633 END
START -1956 -12164 13960 -10535 27020 -3638 END
START -4104 -16148 14356 -2840 27280 -14295 END
START -4884 -15448 21820 -1418 27947 -21512 END
START -1832 -16592 28384 -9031 27184 -32768 END
START 944 -17012 25420 -4280 32767 -30487 END
START -5972 -14484 26244 11826 29604 -21377 END
START -12568 -10888 24024 12508 19999 -19792 END
START -21824 -5068 23888 19174 -3669 -12347 END
START -21804 -60 23712 18161 -23184 -12577 END
START -20116 4532 22732 14671 -32768 -14224 END
START -14164 7188 22632 4581 -32768 -20491 END
START -5724 5524 26052 3134 -32768 -23977 END
START -4768 2088 23452 267 -32768 -22951 END
START -676 -1784 20604 5207 -29697 -13607 END
START 1676 -2984 17620 9864 -22036 -20 END
START 188 604 16756 11030 -13826 10436 END
START 628 1736 13324 9434 -7895 15955 END
START -1504 2700 9940 8616 -8086 19798 END
START -932 4436 9272 7300 -10003 18196 END
START -1872 6376 10336 2033 -11827 10948 END
START 224 5124 8152 -1583 -12764 4220 END
START 1800 3536 7824 -2999 -12729 -534 END
START 4924 316 7416 -4273 -10006 -3368 END
START 6648 -1480 7044 -3614 -6141 -2864 END
START 7232 -1552 8000 -1231 -2818 327 END
START 6824 -1472 6928 -399 1213 2854 END
START 5712 -456 6704 289 5133 4108 END
START 4392 212 6656 584 7757 3857 END
START 3104 672 6584 848 10141 2638 END
START 2432 936 6496 438 12704 1133 END
START 2000 1260 6740 -829 16214 -750 END
START 1392 1260 6472 -530 20269 -1748 END
START 1700 1792 6708 -259 24927 -2166 END
START 1876 1968 8460 1603 29984 -1233 END
START 4704 1488 9816 1651 32767 162 END
START 152 1816 9372 2792 32767 1096 END
START -6088 208 6404 -287 32767 1747 END
START -556 832 15160 -3552 32767 1046 END
START -8804 -680 18488 -17480 32767 -4512 END
START -16772 -4756 19568 -15606 32767 -8705 END
START -22088 -10428 14936 -11613 32767 -5921 END
START -29668 -8728 14224 1947 32767 9131 END
START -31008 -1800 17204 9550 18981 17211 END
START -29708 5128 22672 6313 592 15242 END
START -20936 3276 21472 9107 -13465 14028 END
START -17496 4340 24352 5974 -18318 7690 END
START -17316 6608 32767 -4557 -7017 -6833 END