START 84 -920 10276 2430 1195 -1232 END
START 572 -1208 7436 831 5022 -3434 END
START -1076 -1080 5424 4267 4650 -1664 END
START -596 -960 4724 6399 4483 611 END
START -124 184 5956 5779 5252 1603 END
START -408 784 6816 4559 5262 2406 END
START -436 1056 6884 2933 5528 2268 END
START 176 692 6908 1189 6125 1521 END
START 604 284 7032 230 6429 1182 END
START 884 184 6864 -863 7071 598 END
START 1040 -736 6936 -1564 7908 -229 END
START 1208 -1376 7124 -1587 9255 -770 END
START 668 -1968 6836 -824 11489 -885 END
START -32 -2188 5752 692 13806 -1231 END
START 0 -1524 5960 2953 16286 -816 END
START -204 -516 5988 4808 18391 511 END
START -744 792 6148 5827 20833 2243 END
START -812 2356 6816 5506 23527 3600 END
START -1576 2660 6024 7364 24924 5971 END
START -3212 4768 10452 4291 25514 7511 END
START -2788 5600 11512 -771 29429 4018 END
START -6420 2676 10860 -1108 28241 3440 END
START -8780 1828 13548 -1074 25681 2297 END
START -9424 1512 14036 -859 25182 150 END
START -9080 1956 15992 1840 23011 286 END
START -9428 3588 22032 2977 20096 564 END
START -9692 3012 28440 -543 19995 -50 END
START -12212 1600 32120 -4620 17942 -2574 END
START -15932 -1768 32767 -7750 15258 -6201 END
START -13960 -3796 32767 -4045 12463 -6615 END
START -13620 -4180 32767 86 9623 -4878 END
START -12728 -1784 32767 4745 5337 -1609 END
START -12520 1524 32767 5717 3882 1343 END
START -13164 1860 32767 4223 2178 1552 END
START -15716 1936 32767 1999 791 132 END
START -17432 2236 32767 1591 -2120 -1950 END
START -16436 2148 32767 3032 -5773 -2642 END
START -14928 3444 29512 3534 -8895 -2705 END
START -11852 5272 26916 5256 -11642 -970 END
START -11044 6932 28328 4317 -13859 174 END
START -12040 7636 27256 2164 -13936 581 END
START -9528 6508 22760 255 -13482 1249 END
START -9696 5312 19668 432 -13637 2059 END
START -8884 4164 16264 997 -14003 2815 END
START -7444 4032 13424 2583 -14729 3854 END
START -6404 4664 11764 3833 -14981 5396 END
START -5372 5716 9672 3113 -14526 6300 END
START -4944 6088 7696 1476 -14071 6431 END
START -5092 5924 6596 -76 -13677 5772 END
START -5480 5312 6684 -885 -13641 5392 END
START -4012 3752 6528 -1971 -13077 6152 END
START -3560 2956 6256 -2877 -10504 7768 END
START -2636 1228 4408 -3391 -7891 9536 END
START -1476 228 3328 -2037 -5818 11658 END
START -128 -232 2736 -1417 -2926 13114 END
START 556 -1080 2244 -700 480 14255 END
START 1808 -1816 2876 491 3503 15387 END
START 1672 -1200 5168 411 7253 15330 END
START 2120 -1868 6848 -500 10506 15150 END
START 2636 -3244 9416 -2096 15486 14741 END
START 3036 -4024 12124 -4193 21883 12311 END
START 792 -4560 14772 -4753 29046 6013 END
START -3388 -6868 13132 -901 32767 -4212 END
START -6884 -12840 9680 2425 32767 -16649 END
START -8560 -14300 19336 -5417 32767 -25868 END
START -10744 -17428 15608 -6048 32767 -32768 END
START -19924 -13832 14208 8498 26440 -25542 END
START -21780 -8168 17592 12603 10704 -20375 END
START -25136 776 18024 16051 -19092 -14954 END
START -19736 7504 19180 10284 -32768 -14519 END
START -12780 10608 17608 -85 -32768 -18593 END
START -3316 6708 19296 -5411 -32768 -29220 END
START -2636 276 20284 -12686 -32726 -30233 END
START 2796 -3556 20228 -4788 -26887 -18710 END
START 528 608 13900 371 -19587 1064 END
START 2344 1772 17668 7993 -10713 17032 END
START 520 7660 17824 9569 -4860 23056 END
START -1824 10304 16872 2456 931 20868 END
START -148 8940 13400 -3863 3369 13250 END
START -4484 5060 13068 -10091 -2375 6663 END
START -2140 2308 10080 -10041 -5792 3315 END
START -2632 -164 12768 -10163 -3929 645 END
START -2684 -2536 11588 -7707 303 270 END
START -2420 -3044 12496 -4139 2522 1187 END