START 2032 1056 13556 2216 -3886 -1107 END
START 1572 824 12484 2329 -2386 -69 END
START 1208 900 11676 2121 -2216 749 END
START 1232 1348 11320 2083 -1799 1716 END
START 1236 2116 10552 1898 -532 2284 END
START 1168 2728 10324 1830 721 2351 END
START 1196 3172 10480 1283 2331 1619 END
START 1532 2684 10172 604 4003 926 END
START 2064 2180 10080 -191 5812 1066 END
START 2352 1752 10120 -1145 7968 1873 END
START 2460 1600 9828 -1691 10165 2893 END
START 2308 1744 9408 -2417 12126 3629 END
START 3076 1692 9488 -3288 14431 3586 END
START 2608 1988 8632 -4795 17866 3204 END
START 2316 1692 7552 -4808 20328 2913 END
START 1856 1720 7152 -4314 22735 2793 END
START 1152 1364 8408 -3036 25894 2019 END
START -560 1856 8532 -2734 28061 -321 END
START -904 76 8004 -253 30489 -2186 END
START -1404 -168 8204 -1571 32767 -4099 END
START -2420 -388 9532 -3720 32767 -6550 END
START -2940 -1816 9964 -2851 32767 -3835 END
START -6168 -1012 10604 -4251 32767 -1799 END
START -6612 -1488 11560 -6956 32767 -1106 END
START -7976 -2876 12776 -7260 32767 460 END
START -10828 -2112 13432 -3082 32043 3377 END
START -11556 -1076 15564 -136 27686 4172 END
START -15060 708 17780 2424 25950 4065 END
START -15952 1500 20448 1945 23268 -1171 END
START -16348 -84 22892 -3412 24292 -7678 END
START -18312 -1360 22764 -5328 24653 -11818 END
START -19608 -3308 22140 -5931 20699 -12173 END
START -21308 -4508 22196 -1707 14507 -7589 END
START -21784 -4164 22892 869 9315 -4583 END
START -21876 -3984 23204 2381 5886 -3064 END
START -21652 -3464 23176 3470 3931 -2844 END
START -22236 -2516 23288 3742 2755 -3756 END
START -23000 -1604 21108 3911 11 -5267 END
START -23308 -880 19340 4304 -5113 -5965 END
START -22784 -1076 18240 4755 -12555 -5917 END
START -21316 -796 17856 5244 -19942 -6036 END
START -19008 -528 17812 5829 -24759 -6006 END
START -16656 -116 17100 6991 -28055 -4978 END
START -15348 980 17612 7529 -31271 -3492 END
START -13576 268 16220 7113 -32768 -2525 END
START -10868 -660 14772 7080 -32768 128 END
START -8884 -1128 13468 8780 -32768 4437 END
START -6512 -372 13792 9927 -32768 8550 END
START -5164 420 13448 9468 -32698 11654 END
START -4736 1152 11772 8163 -31155 14588 END
START -4872 2472 11228 7702 -27491 18326 END
START -4228 4112 10532 6214 -24660 18979 END
START -4772 4036 11348 2337 -21922 16234 END
START -3352 4036 10712 -366 -20649 14677 END
START -3572 2756 9572 -2908 -21597 12825 END
START -280 2164 9784 -2354 -21188 13709 END
START 692 2928 10536 -1269 -18824 16676 END
START 2360 3668 11316 -304 -14416 18865 END
START 2600 4456 11376 -1672 -7470 19538 END
START 3144 2864 10016 -853 -2653 18379 END
START 2168 2864 9200 -1718 -859 15842 END
START 3308 1556 8500 -2660 1715 14887 END
START 3664 608 8452 -2979 5814 14992 END
START 3432 -32 8560 -3353 9851 15128 END
START 2852 -304 8980 -3607 12684 14269 END
START 2432 -1260 10016 -3938 14925 13219 END
START 2032 -1672 12232 -6932 17573 12148 END
START -532 -1000 12732 -8502 20618 12427 END
START -168 -3864 13868 -11500 24003 10726 END
START -1720 -5104 14436 -14242 25987 5752 END
START -5604 -6412 14408 -13932 29475 -888 END
START -7248 -10644 13480 -7989 28389 -7728 END
START -7584 -12892 16268 -564 28700 -16420 END
START -8128 -15448 16440 2593 27929 -22971 END
START -11312 -16000 19428 -507 24191 -23482 END
START -11884 -15760 18736 1446 18896 -20037 END
START -16200 -12408 17944 7277 9932 -15745 END
START -18816 -8504 18428 15564 -3455 -12924 END
START -19088 -4496 20612 22462 -23759 -13828 END
START -11288 1436 25980 24373 -23006 -17404 END
START -7320 5768 24304 13789 -21217 -24904 END
START -8708 6692 22636 8462 -19141 -30651 END
START -5824 4888 19544 3848 -18217 -28329 END
START -3736 3776 16560 5144 -16673 -18371 END
START -1900 3864 17164 5974 -12790 -7984 END
START -1084 4548 14812 4269 -5454 630 END
START -732 6036 13784 7354 -1255 8922 END
START -100 7528 13288 5880 1567 12453 END
START -448 8148 13256 2673 7936 13711 END
START -1984 8124 13132 -1445 11684 12592 END