START -1784 8 3380 -525 8118 -1428 END
START -1744 504 3784 473 7818 -344 END
START -1208 1156 4048 1042 8272 482 END
START -1600 1784 4956 -537 9988 -112 END
START -1420 2224 4492 -1110 11859 59 END
START -1476 2312 4696 -1203 13319 591 END
START -1268 2328 4612 -1508 14844 330 END
START -1552 2020 4748 -2915 16356 -220 END
START 144 1536 4740 -3751 19580 -182 END
START -2292 1044 4684 -3452 20417 295 END
START -2456 864 5032 -2792 21480 1005 END
START -2484 1020 5480 -2160 22775 1033 END
START -3444 1284 7792 -1442 23987 1155 END
START -3396 1792 8644 -447 24509 1232 END
START -3512 -136 9416 1697 25013 2227 END
START -4004 908 14988 508 25773 2548 END
START -6800 2268 13072 -3331 26448 -2223 END
START -4004 -660 14204 -568 25928 -2792 END
START -4748 120 16836 1321 26178 836 END
START -6176 1860 19884 2338 24220 -538 END
START -7656 3120 22952 444 24098 -807 END
START -7280 2432 24652 -381 25592 -1275 END
START -11648 1956 27772 237 23204 -2012 END
START -11572 1904 27512 1486 22644 -1559 END
START -14380 3096 28672 959 18937 -2520 END
START -14896 2500 31468 607 15305 -2534 END
START -16680 2456 32120 509 11903 -1468 END
START -17468 3528 32560 2041 8413 -666 END
START -17484 4512 32767 1911 5397 -1332 END
START -16368 4580 32568 1204 2844 -1647 END
START -15208 4172 31892 394 -63 -1740 END
START -14332 3832 31580 -602 -2416 -1615 END
START -14000 3504 30320 -137 -4652 -114 END
START -13420 3744 29552 -29 -6492 -302 END
START -13276 3108 29332 -235 -9106 254 END
START -12516 3392 28692 -179 -11394 338 END
START -11904 3576 27212 -405 -13702 -148 END
START -10776 3896 26048 254 -15953 165 END
START -9712 4752 25692 591 -18008 -149 END
START -8872 4572 24612 564 -19004 -717 END
START -8568 5044 23836 738 -20141 -183 END
START -8456 4912 22144 960 -20771 758 END
START -8352 5084 20676 1312 -21850 1784 END
START -7644 5752 19100 1625 -22713 2682 END
START -6836 6404 17680 2066 -23719 2825 END
START -5992 6848 14972 2367 -21174 4014 END
START -4408 6684 12524 826 -22318 2404 END
START -3992 6700 9528 2444 -19291 5454 END
START -4028 7588 8248 -396 -19667 3251 END
START -3812 6440 6940 -370 -16759 4812 END
START -2368 5224 5988 -1351 -15341 5632 END
START -2984 5028 5088 -1183 -12590 8367 END
START -3216 4404 4104 -1754 -10477 10004 END
START -3156 3348 3824 -2337 -7293 11287 END
START -3204 2652 3064 -2463 -4041 12178 END
START -3276 1596 2392 -2477 -1116 13166 END
START -2944 644 1720 -2551 1491 14595 END
START -2736 -80 1120 -2630 3144 15598 END
START -2400 -880 1780 -4086 4334 14954 END
START -2084 -1852 1564 -5227 4853 13992 END
START -704 -3796 2872 -5314 7212 14260 END
START -492 -5004 3504 -5592 9667 13319 END
START -316 -6140 4884 -6425 12294 12012 END
START -524 -7520 5516 -6095 16153 10739 END
START -880 -9068 6132 -4233 19238 8089 END
START -1052 -9960 7772 -1711 23097 3395 END
START -2076 -11636 9392 1270 26535 -2462 END
START -1184 -12812 11732 2855 27683 -8506 END
START -4696 -11940 17256 592 32767 -15012 END
START -5244 -12592 18336 483 30694 -21998 END
START -6400 -15192 21080 5438 26162 -22838 END
START -7264 -12152 29052 6978 17896 -21533 END
START -8356 -10436 32320 7271 14063 -23701 END
START -14016 -5288 32072 17756 3702 -18712 END
START -17712 4612 32767 20771 -9262 -16010 END
START -15660 9724 32556 22315 -18801 -12844 END
START -12072 12476 32767 13486 -25059 -19852 END
START -10280 9180 26868 11758 -24213 -18678 END
START -9412 9268 22596 11342 -24690 -8905 END
START -8632 12276 19500 14775 -19702 3242 END
START -9052 13672 16064 8027 -20753 6343 END
START -3128 16368 16084 7291 -17087 7797 END
START -4524 13736 16852 1022 -12273 7822 END
START -4668 11012 16380 -8891 -10207 -2533 END
START -2404 6188 9224 -6386 -8828 1 END
START -2784 4276 11508 -5603 -7167 2232 END
START -1860 2104 10224 -4567 -5145 6429 END
START -2520 660 11096 -2508 -1014 12186 END
START -1292 1668 9496 -1481 918 13881 END
START -1140 2248 11100 -2204 4648 12496 END
START -3524 2712 11892 -3064 6822 9457 END
START -4128 668 12120 -1920 9193 6143 END
START -3536 -188 12660 708 8302 2861 END