START -324 -520 16316 -9840 -8466 -4624 END
START 424 -600 17904 -6314 -8820 -2678 END
START 612 988 20020 -4894 -9156 -711 END
START 464 1904 20696 -5194 -7727 -1050 END
START 168 1204 19448 -4491 -5670 -2305 END
START -380 180 17780 -4063 -5326 -3025 END
START -532 -1000 15572 -2709 -6766 -2510 END
START 268 -1244 15132 -3324 -4922 -2736 END
START 568 -1724 13884 -2310 -5502 -868 END
START 1016 -956 13804 -1227 -5287 892 END
START 1160 160 14120 -590 -4789 1769 END
START 1948 464 13000 -769 -3774 1959 END
START 1336 628 12560 -861 -3048 2270 END
START 1976 1100 11560 1094 -1206 2953 END
START 1956 1972 10444 2359 550 3274 END
START 1280 2888 8948 2380 1849 3201 END
START 2824 3728 9056 1781 2989 2664 END
START 3712 4228 9508 447 4410 1928 END
START 2876 4372 9472 -1658 6373 547 END
START 2396 3996 9320 -3409 9111 -1466 END
START 2364 3464 8556 -3555 12281 -2433 END
START 1944 2788 7316 -4047 15533 -2547 END
START 980 2328 7396 -4522 17243 -1851 END
START 1204 1292 7444 -3322 18750 229 END
START -152 944 7940 -3231 21387 1944 END
START -1068 1012 9260 -2524 23827 3446 END
START -888 1488 9216 -3274 26011 4482 END
START -3356 1540 9244 -3164 27302 5251 END
START -3840 1344 9848 -3745 29002 4228 END
START -4588 -300 9212 -4070 29598 2105 END
START -4368 -1740 11104 1786 28959 -369 END
START -5396 -1308 10076 3671 30579 -823 END
START -7560 -2452 11280 7024 29002 -1439 END
START -9900 -2640 17836 4370 28833 -2026 END
START -14060 -4028 18456 -1059 28828 -1175 END
START -16232 -4732 20936 -1665 24001 -655 END
START -17968 -5912 23352 -5518 23470 -3950 END
START -22164 -4324 26248 -1695 16877 -264 END
START -21812 -4104 29424 -569 13952 -628 END
START -28752 -2412 30628 -1804 2256 -4710 END
START -21612 -5616 31024 -1026 5113 -5694 END
START -18952 -6904 29552 1732 1184 -6977 END
START -18932 -6920 29012 3710 -862 -6446 END
START -18384 -7124 25984 6559 -2846 -4465 END
START -18304 -6764 22780 10664 -6965 -1563 END
START -17728 -4216 21444 14143 -13321 2142 END
START -16600 -1152 20300 14191 -19806 3365 END
START -14176 1236 20568 13109 -25201 1605 END
START -11740 1848 19064 8411 -25788 -3076 END
START -9920 1196 17884 5523 -25906 -5538 END
START -8604 1092 15516 5979 -26156 -4892 END
START -5568 2208 14004 7196 -25274 -3432 END
START -3640 2756 12960 6496 -23179 -2144 END
START -2056 3916 11080 9790 -21445 1261 END
START -1404 6316 10648 9720 -18399 5340 END
START -1836 8572 7888 9034 -16096 9812 END
START -1164 10036 7556 7850 -15061 14009 END
START -424 11620 8400 6387 -14692 16774 END
START 1352 12568 9576 2741 -14424 14391 END
START 1396 12148 10220 -2152 -10590 11878 END
START 1344 10556 9308 -6533 -5046 9848 END
START 896 8520 8400 -7361 329 10356 END
START 428 7400 7572 -10788 1545 8654 END
START -656 5308 8012 -12834 3256 8690 END
START 960 2896 7600 -14634 5056 10082 END
START -2996 1888 9324 -15876 9499 10781 END
START -872 -664 7684 -16853 12212 11831 END
START -1612 -2396 9120 -15661 14182 11547 END
START -2924 -3868 10544 -15453 17977 10257 END
START -3460 -5604 9400 -14233 23126 6926 END
START -7800 -8144 9172 -7774 24686 -615 END
START -8396 -8692 9492 2238 25483 -10758 END
START -8472 -11880 9636 3332 27168 -25122 END
START -8892 -15712 11952 -430 28878 -30545 END
START -11476 -17932 14600 -2835 27729 -31713 END
START -15912 -15608 16192 -2283 24862 -31887 END
START -20820 -13028 12968 9420 5374 -24005 END
START -23468 -6744 16060 15032 -20472 -20486 END
START -17296 -3312 18404 16542 -32768 -19550 END
START -11860 1684 21272 13269 -32768 -22204 END
START 8520 5112 32288 14210 -32768 -29826 END
START 868 420 22748 -3341 -19852 -29405 END
START 1456 -1744 21516 828 -11239 -14268 END
START -2348 -976 16048 5685 -3445 -1298 END
START -408 3024 16376 3983 10608 9728 END
START -4232 3520 14996 8147 12932 13176 END
START -7328 6364 14860 6066 9249 11788 END