START 2028 852 8100 -513 11621 -3245 END
START 1028 524 8612 12 14332 -1943 END
START 2860 1480 9408 810 18800 321 END
START 572 2540 8952 87 17819 -159 END
START -1292 1556 9152 350 16929 956 END
START -3168 2252 9652 -157 18486 1648 END
START -3468 2444 8784 -258 18479 518 END
START -3004 2180 9520 -1285 18942 -973 END
START -2784 2300 9680 -1496 20414 -2861 END
START -2340 2160 9952 -905 22489 -4206 END
START -1680 1420 11124 -296 24612 -4221 END
START -3096 2304 11348 28 26192 -3409 END
START -2656 788 10248 2933 25870 -2174 END
START -4516 1780 15012 -338 31936 -75 END
START -6636 2472 12648 -4604 32767 -2238 END
START -6852 508 11448 -3108 32570 -521 END
START -7548 768 15240 1217 31061 3418 END
START -9688 2388 17852 -360 27838 1870 END
START -10792 2708 19212 58 24743 1539 END
START -9712 3772 22768 616 24216 -512 END
START -8976 3656 24336 -2153 28523 -3004 END
START -12116 3748 24956 -3010 27152 -6571 END
START -10068 1988 25836 -4229 28388 -8698 END
START -15632 1976 26628 -4073 25355 -7932 END
START -12408 124 26388 -6158 22593 -8193 END
START -15164 -848 26720 -4999 20688 -5284 END
START -16884 -796 25976 -2764 17625 -2010 END
START -18864 168 24856 245 12549 822 END
START -20572 1604 25012 1512 6842 1807 END
START -20152 2484 25380 246 1456 -127 END
START -19676 2488 25496 -1537 -1897 -3907 END
START -18004 1508 24600 -1843 -4364 -6944 END
START -17820 580 23316 -1479 -7505 -8647 END
START -16952 -508 21860 -42 -12087 -8256 END
START -16168 -868 21040 1813 -16208 -6728 END
START -15672 -128 19808 3607 -19857 -5275 END
START -14800 744 18396 4653 -22904 -4455 END
START -14716 2244 17624 5202 -26369 -4273 END
START -14692 3552 17756 7361 -29656 -3257 END
START -10180 4028 16772 6351 -31033 -3132 END
START -7812 3668 16588 5305 -31367 -2470 END
START -7256 2300 16436 5607 -29992 -1235 END
START -6348 1840 15264 5895 -27882 1679 END
START -5656 2064 14008 8452 -26187 7342 END
START -3860 3768 13200 9677 -24573 12662 END
START -4628 5316 12460 8658 -23595 14671 END
START -3812 5888 10912 5534 -22881 14672 END
START -2588 5632 9360 3732 -19868 17318 END
START -5108 7288 9740 1149 -20798 14820 END
START -4668 6772 9176 -1935 -17780 13793 END
START -4772 5176 9268 -2897 -13546 13767 END
START -3776 4704 8632 -4639 -13621 12090 END
START -1996 2616 7332 -5419 -10893 12712 END
START -1816 1968 6668 -6499 -6676 13218 END
START -108 392 4948 -4401 -5401 15783 END
START 312 440 6048 -3623 -3412 17365 END
START 1176 -560 6392 -4443 359 18641 END
START -464 -340 6744 -5141 3719 19591 END
START 832 -1284 6220 -7802 2442 17101 END
START 1176 -2864 7808 -9670 4609 14870 END
START 1880 -3804 9676 -12568 6874 12801 END
START 2932 -4948 10956 -14236 10663 9905 END
START 4808 -7180 12052 -15744 16998 7710 END
START 1888 -7208 13408 -17439 25273 4995 END
START 2124 -9772 10864 -14692 31578 519 END
START -252 -12844 11628 -10241 32767 -4336 END
START -1528 -13924 12336 -6821 32767 -10421 END
START -2028 -14364 12808 -6003 32767 -16007 END
START -5860 -15448 17516 -1677 32767 -17056 END
START -11976 -15832 17352 -137 32767 -18433 END
START -18688 -12232 19052 11447 23752 -17407 END
START -23664 -6692 21236 18332 -2882 -18941 END
START -21748 -2112 25604 21468 -24053 -23002 END
START -17608 2752 26612 21441 -32768 -26109 END
START -18092 4208 25224 16553 -30487 -28064 END
START -12888 2512 21840 17302 -32768 -22950 END
START -9672 3616 17904 18544 -32768 -13111 END
START -2360 944 16652 17275 -27778 -5515 END
START -1072 4536 17764 18809 -21758 4478 END
START -2796 5340 18456 14794 -12279 10258 END
START -2932 2668 12340 9563 -10368 19360 END
START 5948 7428 15108 7985 -3733 14856 END
START 2464 5580 13724 5021 -612 16647 END
START 1828 9172 15904 -1161 6925 12795 END
START 1112 6236 14632 -4932 9889 9429 END