START 468 268 6508 -530 6728 -1085 END
START 1060 348 6292 -723 9334 -141 END
START 596 52 6416 -545 11933 919 END
START 280 228 6076 342 15080 2145 END
START -984 340 5920 1171 16396 2400 END
START -1164 416 5864 1704 16304 1626 END
START -892 876 6528 2540 17196 1404 END
START -1324 1380 7024 2049 19007 845 END
START -1740 1484 7452 1297 20324 417 END
START -1976 1096 6740 1617 22358 547 END
START -2732 1620 6644 1188 23101 332 END
START -2964 1920 7652 1618 24317 -438 END
START -3632 2776 8516 1595 23515 -1386 END
START -4556 3196 10608 -412 26552 -1780 END
START -5676 2000 10832 -1535 27461 -2260 END
START -5420 632 11648 -1077 30085 -3666 END
START -6508 1192 13392 -360 30972 -2808 END
START -7264 1380 11416 3627 28493 143 END
START -5808 3312 16156 7361 23535 3069 END
START -8908 6072 19504 4533 21472 960 END
START -9040 6116 23096 101 21544 -2707 END
START -7884 5452 27964 -4841 24861 -7348 END
START -11688 4656 26524 -3760 24641 -6618 END
START -11880 3288 26528 -3018 22276 -6305 END
START -15212 3600 28660 -1093 18883 -3234 END
START -14708 3732 30444 -763 15421 -1891 END
START -16776 4684 32304 -2173 12179 -1420 END
START -17432 4308 32767 -1644 8518 -1829 END
START -17836 3188 32228 -1110 4327 -1577 END
START -20116 2644 31764 -1559 483 -2068 END
START -20268 2888 31080 761 -4748 -1555 END
START -20236 3652 30704 932 -9445 -3331 END
START -18816 3940 28536 975 -13919 -4883 END
START -17336 3788 26136 1536 -18433 -5041 END
START -15040 3856 24496 2135 -22621 -4113 END
START -13384 4184 22716 2884 -25449 -2557 END
START -11224 4528 20800 4308 -27054 -739 END
START -8316 4836 18584 5436 -27564 980 END
START -7576 5688 17580 6736 -27110 2914 END
START -6428 6048 15876 5940 -26670 2424 END
START -5576 5076 14592 4949 -26069 2062 END
START -4800 4676 12720 5130 -24397 2317 END
START -4324 6136 11340 4069 -23498 3137 END
START -2988 6396 10344 4384 -22957 4296 END
START -1928 6740 8568 3085 -22687 3723 END
START -744 5808 7704 1233 -20316 3446 END
START -152 4792 6784 172 -18488 3777 END
START 496 4128 6952 -554 -17348 6053 END
START 1616 3748 7080 -174 -13155 9161 END
START 420 3996 6756 -1021 -11382 9531 END
START 452 3096 7524 -1117 -7771 9999 END
START -552 3272 6840 -617 -4573 10658 END
START -756 3536 6016 33 -2093 11511 END
START -1420 3068 5336 131 -136 12554 END
START -1764 2888 5480 22 1973 13434 END
START -2104 2456 5636 -994 4865 13854 END
START -2440 720 6356 -2373 9659 14567 END
START -1744 1452 5340 -4335 10519 15478 END
START -2324 876 6468 -4719 10908 15794 END
START -1644 -348 7132 -6000 13334 16787 END
START -1488 -1164 8232 -8180 16123 16687 END
START -1104 -1900 11124 -9905 21107 16728 END
START -1472 -2588 11864 -13077 19765 12378 END
START -2780 -5228 12180 -15116 23264 8054 END
START -2792 -9468 11672 -12832 26867 2455 END
START -4292 -12396 13496 -8512 31964 -3998 END
START -6220 -14400 17728 -4703 32637 -12384 END
START -8388 -18000 18176 3672 32490 -12788 END
START -8612 -18940 22348 6023 29214 -16371 END
START -12092 -16500 25772 6989 23476 -18707 END
START -11088 -11520 25996 12614 14480 -17025 END
START -14952 -4236 27672 23063 1620 -12086 END
START -14656 4212 28980 26165 -17107 -17218 END
START -8724 9748 29764 25092 -17960 -24058 END
START -9968 13808 26412 10137 -13386 -32768 END
START -13488 10024 19732 5008 -16298 -32768 END
START -12524 8960 17664 7912 -21268 -16749 END
START -10468 10772 16888 5299 -18710 -3763 END
START -6244 13556 17744 7216 -9686 7122 END
START -5748 12116 16140 3963 -2717 11899 END