START -28 460 13424 4272 -4123 -3142 END
START 12 192 12552 3380 -2266 -3806 END
START 476 780 14900 4220 -735 -3717 END
START 724 536 15524 2135 1417 -4583 END
START -412 -512 14540 268 2998 -4769 END
START -1388 -1572 12936 939 3591 -3669 END
START -2676 -724 13552 2995 5220 -1467 END
START -3724 768 15052 4424 841 161 END
START -4416 3096 18100 3276 -1078 253 END
START -5032 4380 18548 1811 -1694 -1080 END
START -5040 4460 19276 1432 -3092 -2507 END
START -4168 3372 20668 -564 -3829 -4035 END
START -3768 1360 21432 -778 -4884 -3646 END
START -3128 780 21764 1269 -6021 -671 END
START -3220 2532 20836 3760 -5378 2637 END
START -3020 5164 19808 7004 -4750 6247 END
START -2848 8276 18844 7598 -4207 8033 END
START -3884 8700 20284 5389 -5327 7552 END
START -6880 6700 21268 1517 -4873 6431 END
START -5796 4572 19400 -2154 -7546 4554 END
START -4584 3012 17468 -636 -8080 5627 END
START -2992 2928 15756 2196 -8515 7257 END
START -1548 4452 14528 4126 -7542 9102 END
START 360 5924 13680 4862 -6333 11045 END
START 616 6460 13632 5698 -5915 13514 END
START 1072 6656 14832 3100 -3804 13478 END
START 260 5488 13564 -352 -1033 12397 END
START 1704 4492 11112 -882 1755 13019 END
START 720 3180 9876 -2008 1518 12528 END
START 40 2356 8744 -2821 3768 13733 END
START 784 728 8440 -4455 5724 15379 END
START 952 2260 7732 -7407 5636 14949 END
START 528 1956 6940 -7544 6703 14981 END
START 608 1076 6396 -9458 9606 13787 END
START 320 392 5568 -8924 12142 12569 END
START -80 80 5668 -7987 13962 11110 END
START -384 -416 7044 -7388 14680 9533 END
START -924 -532 8920 -7230 15873 6976 END
START -1308 -1092 10188 -8357 19757 3849 END
START -1876 -2368 10088 -9858 23375 151 END
START -4404 -3836 10844 -11448 27970 -4692 END
START -5076 -8140 9548 -11791 30410 -7889 END
START -8620 -12752 10636 -9386 28445 -9191 END
START -9088 -15756 15664 -4780 23136 -8633 END
START -12208 -14160 20500 -2229 18544 -8736 END
START -14852 -14308 22868 922 14413 -6245 END
START -8848 -13444 28860 564 11993 -7973 END
START -10264 -9964 31072 -717 10215 -10355 END
START -11176 -9176 29728 -453 6429 -15846 END
START -10336 -8092 29452 3648 1600 -17660 END
START -10504 -5660 29024 6272 -2334 -16511 END
START -14536 -1768 30428 7919 -10851 -18631 END
START -15972 -1648 28816 6480 -18898 -19709 END
START -13140 684 25756 5637 -24832 -14986 END
START -8352 3332 23976 4410 -29446 -14899 END
START -7140 3708 21232 6226 -29480 -11779 END
START -7792 4852 20184 6995 -28671 -10019 END
START -4444 3584 18944 6310 -28603 -9613 END
START -2596 2616 17512 2227 -26176 -7509 END
START -1852 2948 15080 -354 -20213 -708 END
START -216 4808 12616 2555 -21266 1772 END
START 1448 4956 13060 3881 -18077 2006 END
START 3880 4376 13676 59 -13025 -387 END
START 3068 2652 11424 -1184 -13646 -2896 END
START 5876 -396 10744 -2143 -11317 -3043 END
START 5028 -468 9552 314 -7956 -966 END
START 4564 -196 8340 1686 -4820 1925 END
START 3184 1080 7180 3178 -2352 3078 END
START 2948 1084 7632 2543 1529 3716 END
START 1084 700 6580 2719 -174 1718 END
START 3072 696 7296 2473 910 1328 END
START 3584 724 8052 2408 3406 25 END
START 3808 540 7556 1971 6020 -1072 END
START 3280 688 7572 1323 8736 -2109 END
START 3240 0 6768 1005 11104 -2961 END
START 2816 -280 6228 1181 13216 -3167 END
START 2892 -196 5832 1735 15516 -2404 END
START 1544 1124 5724 2881 17850 -1860 END
START 2524 1552 5576 5398 22231 702 END
START 1648 2896 7760 6267 26532 1900 END
START 1304 3532 8160 4418 31498 1198 END
START -356 2556 7908 1436 32767 197 END
START -3132 956 5800 -512 32767 733 END
START -2792 -1032 4296 -1200 32767 1468 END
START -10944 864 9684 -4370 32767 2826 END
START -12348 -1756 8712 -1250 32767 6573 END
START -15852 -596 11720 -857 32767 8202 END
START -18808 260 14904 -74 26313 9015 END
START -20200 2248 16880 2547 17603 9771 END
START -17480 4364 20460 2563 12827 5578 END
START -17392 3952 25620 -3941 10000 -2637 END
START -15620 28 26512 -4784 6926 -10169 END
START -13968 -2336 29064 -8961 5287 -11730 END
START -9556 -5640 28072 -7866 4479 -9883 END
START -12376 -5716 28908 -4751 11079 -3470 END
START -15032 -4924 26292 3784 12843 4915 END
START -17088 -4004 25444 10663 8118 12263 END
START -16776 -180 25220 11627 3209 14567 END