START 828 -2012 9700 -868 2828 -3555 END
START 1080 -1748 9228 2273 3061 -216 END
START 444 -348 9144 4212 3973 2948 END
START 476 1516 9840 4636 4182 4780 END
START 48 2844 10560 3171 4425 4525 END
START -388 3316 10856 844 5047 3422 END
START -1216 2856 10356 -2015 6958 1662 END
START -1240 2284 9584 -4329 8154 -388 END
START -540 1624 9164 -5773 9161 -1504 END
START 52 1300 9336 -6566 10574 -2385 END
START 468 564 9232 -6681 11589 -2242 END
START 1600 560 9452 -6213 12451 -1267 END
START 1904 504 10272 -6772 14118 -268 END
START 2252 536 10080 -7676 16066 651 END
START -248 324 9988 -8509 19713 1332 END
START 128 16 10200 -12210 24206 765 END
START -428 308 9056 -10811 26345 1441 END
START -704 572 10056 -12459 28617 1291 END
START -2460 964 9340 -16239 31370 -357 END
START -3184 112 8784 -13633 32767 -2082 END
START -3632 -1720 10044 -14952 32767 -3386 END
START -4872 -1888 10864 -18626 32767 -4542 END
START -5772 -4732 8504 -21272 32767 -4202 END
START -6944 -7024 11500 -14785 32767 -1181 END
START -9232 -7708 10832 -11833 32767 7739 END
START -8596 -6888 18176 -2482 32712 16477 END
START -11520 -6448 18492 -4947 32767 12660 END
START -15860 -5868 18096 -6827 32767 8312 END
START -17476 -5160 18212 -9223 32154 3961 END
START -21724 -6336 18276 -12567 28220 -2591 END
START -21420 -8068 19700 -1255 24140 5279 END
START -23248 -6272 21136 -1127 20218 4746 END
START -24196 -6572 18808 -3127 13023 2411 END
START -24836 -6144 18196 355 4884 3730 END
START -24420 -5752 19788 289 -533 2720 END
START -23080 -7120 19940 72 -1848 756 END
START -22396 -8956 19296 991 -2442 -712 END
START -21564 -9332 18196 1523 -3775 -1946 END
START -20604 -9220 16712 2601 -6691 -2816 END
START -18936 -8288 15820 6172 -10730 -675 END
START -18024 -7600 14720 8345 -15195 245 END
START -17268 -7648 13988 9600 -20269 -21 END
START -15684 -7032 13404 10658 -24733 -492 END
START -14600 -6672 12996 12757 -27137 -330 END
START -13372 -6104 12260 14675 -29385 487 END
START -12032 -7136 12508 11863 -30679 -1092 END
START -9972 -7520 11472 18621 -30722 2437 END
START -4992 -9176 12712 22818 -28246 7917 END
START -9180 -5952 11288 24431 -30171 8893 END
START -8476 -6096 10108 27518 -32165 11182 END
START -6660 -6484 9072 26642 -31852 13202 END
START -10788 -4428 4760 29985 -32768 14532 END
START -6044 -3016 4220 32767 -32768 17479 END
START -3072 2844 8672 32767 -32768 17926 END
START -2100 6504 11480 32767 -32768 12543 END
START 912 6228 12672 24145 -32768 924 END
START 4684 4596 10600 18066 -32768 -5682 END
START 5392 292 11092 6065 -32539 -3465 END
START 6392 1876 9348 13363 -26002 5274 END
START 6132 4596 10876 12753 -22095 5838 END
START 8812 7664 7140 15700 -12795 6141 END
START 7936 9652 6060 18906 -9508 2651 END
START 8264 13152 6172 23047 -7034 1142 END
START 9220 15156 6700 23709 -1331 -1204 END
START 8564 14780 6508 21383 4769 -2104 END
START 6556 13624 6376 17886 6413 -526 END
START 6224 13688 7804 14913 5215 2799 END
START 5824 14608 8040 10205 5740 4061 END
START 4304 16408 8428 5344 5767 4067 END
START 4468 18244 9880 1255 6746 2779 END
START 1908 17760 11184 -2671 8972 835 END
START 2432 17692 12412 -5998 9394 -1951 END
START 1528 15680 14160 -8070 10762 -4276 END
START 312 13544 15432 -9007 8887 -4105 END