START -1856 -1040 12752 -11557 -8129 2831 END
START -1852 -1208 11816 -9044 -8173 509 END
START -780 -1748 10676 -7718 -7473 -1722 END
START 1360 -1212 10172 -6178 -7584 -408 END
START 900 -1940 10324 -6253 -6270 669 END
START -460 -1916 8300 -6412 -4776 527 END
START -928 -2488 6960 -6143 -3489 115 END
START -372 -3164 5796 -6022 -1849 2 END
START 220 -3600 4836 -5160 -398 1108 END
START 140 -3028 4348 -4887 1182 1961 END
START 1000 -2572 2984 -4373 3139 2462 END
START 1136 -2224 2728 -3315 4928 2478 END
START 804 -1316 2936 -2325 6692 2048 END
START 1208 -860 2464 -1295 8513 1623 END
START 1480 -296 2984 -952 10900 972 END
START 1668 128 2832 -1506 13609 227 END
START 1816 -236 2580 -1457 16182 -9 END
START 2060 -72 2900 -2786 19043 1 END
START 1268 -252 3660 -3338 20988 14 END
START 1248 -176 3716 -4949 22836 362 END
START 248 416 4540 -5833 25548 1537 END
START -644 476 4036 -6760 28633 2289 END
START -1608 400 4504 -7325 32028 2718 END
START -3288 420 5436 -6318 32767 2853 END
START -4404 272 7000 -7110 32767 2505 END
START -5888 372 10508 -8737 30690 36 END
START -7884 -12 12488 -9285 28833 903 END
START -8336 -1012 12892 -10906 24038 2070 END
START -9664 -2168 21928 -4527 24576 8271 END
START -14564 -2988 23524 -4945 22538 4427 END
START -17720 -2324 23724 -8092 19805 958 END
START -15248 -2892 28328 -6643 15387 -448 END
START -14420 -2468 32767 -2692 14366 1391 END
START -14540 -2196 32767 -81 13581 4222 END
START -17380 -1104 32767 -259 10132 3998 END
START -18972 -1724 32767 -2186 9284 3424 END
START -20028 -2204 32767 -2313 6226 4777 END
START -19588 -1072 32767 -799 2413 7252 END
START -20256 -552 32767 -1340 -1293 5930 END
START -20820 -60 31852 -2978 -5980 1527 END
START -21364 -268 29940 -4494 -10681 -2871 END
START -19820 -2204 27664 -5598 -14686 -6485 END
START -18156 -4460 24616 -5732 -18306 -7708 END
START -15400 -5556 22080 -4425 -22108 -6454 END
START -12284 -5768 21132 -2819 -24751 -4029 END
START -10000 -6368 19880 -1293 -25809 -2350 END
START -8440 -7228 19320 -326 -25398 -2915 END
START -7804 -9172 19012 937 -25082 -5256 END
START -5804 -11372 20196 2470 -15759 -3356 END
START -10608 -8872 15772 3380 -22113 -8032 END
START -8316 -11216 12128 6181 -21728 -9032 END
START -6632 -11176 10736 12235 -25218 -9219 END
START -5336 -9264 9184 15221 -27220 -7127 END
START -4380 -8844 11264 14854 -29153 -9901 END
START -2812 -8700 10152 12416 -28879 -13490 END
START -1628 -8760 8636 13294 -26113 -16113 END
START -1556 -7632 7100 18719 -23438 -16279 END
START -1304 -5012 7496 21434 -19591 -19208 END
START -268 -3916 5864 20589 -15723 -21860 END
START 1120 -3048 6132 23786 -14859 -21751 END
START 3848 -1944 3820 23296 -13577 -19047 END
START 2220 -824 3400 25343 -9708 -14478 END
START 1816 2112 4200 26090 -5472 -13158 END
START 3180 6436 5400 22847 -978 -11694 END
START 2352 8124 4760 21297 727 -9775 END
START 1432 10996 5044 20154 1021 -8608 END
START 1200 14068 4264 17133 2824 -8139 END
START 1640 16764 4980 14221 4292 -6833 END
START 2728 18096 6468 11557 5327 -5066 END
START 3056 17700 6372 6598 7352 -4200 END
START 1892 16988 8096 2685 5274 -4694 END
START 1384 15340 11592 622 3898 -3726 END