START 772 -1392 16236 -654 -2380 -123 END
START 380 -1284 16552 1149 -1686 400 END
START 908 -644 16088 1384 -1122 380 END
START 644 -1076 15988 370 -719 332 END
START 676 -1520 15848 87 -1022 1351 END
START 284 -1468 15448 -18 -1111 2395 END
START -700 -992 15372 151 -861 2779 END
START -680 -888 14504 745 -1344 2371 END
START -540 -244 14360 1059 -1333 1450 END
START 84 8 14272 1176 -1248 479 END
START 488 60 14332 708 -908 -136 END
START 800 340 13804 -207 -104 -625 END
START 1092 -168 13316 49 564 -380 END
START 1624 -400 13124 -162 1511 119 END
START 1532 -292 12792 -273 2967 239 END
START 1376 -440 12436 -101 3776 526 END
START 1372 -364 12016 -350 4965 478 END
START 1260 -252 12260 -317 5940 326 END
START 1076 4 12464 -1069 7501 -635 END
START 1028 -244 12184 -996 9324 -1424 END
START 1488 92 12424 -1453 12013 -2238 END
START 1256 380 11216 -1264 14328 -2046 END
START 2216 396 12612 -1934 17983 -1800 END
START 168 796 13116 414 18355 -2659 END
START 1924 -84 14068 -1423 24153 443 END
START -72 1660 14056 -4382 28263 201 END
START -1456 1104 13172 -6169 30863 602 END
START 124 -1432 15392 -2875 32767 4199 END
START -4332 772 14380 -2811 32767 5829 END
START -5476 1708 16684 -4393 32192 6029 END
START -7668 1396 17304 -3149 30016 7579 END
START -10244 1996 18348 -2182 26676 8057 END
START -13116 3056 19272 -2148 21882 5088 END
START -11584 1996 20640 -3967 18824 1573 END
START -13668 1424 20928 -4454 13250 -2516 END
START -15320 1552 22056 -4769 6962 -3204 END
START -16884 1244 23152 -4818 1176 -4129 END
START -13736 -720 22816 -5612 -3480 -5243 END
START -12224 -2128 22988 -3799 -3115 -2990 END
START -11508 -2276 22496 -2972 -3141 -1815 END
START -10888 -2420 22056 -1433 -4037 -69 END
START -10476 -2280 21924 -952 -4471 392 END
START -10696 -2736 20916 -1404 -5497 159 END
START -10888 -3792 19948 -262 -7365 966 END
START -11256 -4272 18576 1205 -9637 1669 END
START -11660 -4352 16932 3813 -13422 2256 END
START -11476 -3580 16180 5649 -19128 1724 END
START -9616 -3788 15596 6286 -23905 -133 END
START -8004 -3428 16148 6489 -26550 -3428 END
START -6292 -3460 16204 5796 -27684 -8379 END
START -5604 -4072 14600 5679 -27872 -12125 END
START -1496 -5928 13636 7914 -24650 -12217 END
START -5276 -3908 13080 9773 -27338 -13951 END
START -1072 -5972 12136 8532 -26339 -16108 END
START -2976 -6756 10060 10520 -24022 -16851 END
START -1216 -4712 9800 17282 -22928 -13506 END
START -32 -2004 12844 17897 -19720 -10930 END
START 2788 2332 15044 15632 -17321 -10511 END
START 6180 2084 15532 12313 -13393 -10659 END
START 5680 1536 14788 12522 -8044 -10765 END
START 5348 3024 13752 12793 -645 -10361 END
START 3616 5128 12236 14545 4327 -7848 END
START 1988 7920 12180 15280 6880 -4664 END
START 1192 9736 12192 14696 7252 -2712 END
START 452 11352 12332 12425 7628 -2097 END
START 1020 11596 12312 10411 8459 -2439 END
START -752 10292 13176 6891 9361 -3106 END
START -1508 9588 12996 4879 9053 -3230 END