START -1880 32 21220 -3620 -14355 -728 END
START -1856 -1332 20244 -4685 -12239 -840 END
START -784 -1432 17172 -2086 -5585 136 END
START -3704 -3120 11280 -1183 -8572 -1640 END
START -1812 -2968 9508 4183 -8525 995 END
START -484 -2460 8204 6008 -7163 2353 END
START -768 -1104 6864 6071 -4656 3768 END
START 492 -468 5004 6564 -3165 5376 END
START 1044 1012 4508 5198 -2348 3825 END
START 1884 1560 4952 2428 -853 2207 END
START 2396 1088 2756 842 1631 384 END
START 2648 644 3404 -778 3154 403 END
START 3360 232 2776 -3715 5957 -125 END
START 3992 -988 2216 -3502 7748 1698 END
START 4356 -1096 3068 -4874 10475 2869 END
START 3516 -780 3480 -6930 13422 1663 END
START 3084 -668 3576 -7822 15886 712 END
START 3108 40 5140 -7002 19554 652 END
START 2416 160 5824 -6669 22887 1011 END
START 2676 40 4664 -6259 26718 647 END
START 5032 -328 7136 -11013 32767 -1288 END
START 1796 -388 6688 -21508 32767 -4650 END
START 2428 -1816 7452 -20587 32767 2249 END
START 1820 -1728 8140 -25407 32767 4590 END
START -7700 -2136 8500 -27444 32767 4789 END
START -9460 -3228 6776 -23758 32767 9158 END
START -17076 -6240 10376 -9328 32767 20161 END
START -15524 -4660 15320 3662 32767 31963 END
START -22796 3296 24468 1880 29474 27443 END
START -26672 3792 28440 44 22926 19367 END
START -29852 2344 29388 -4754 20704 7947 END
START -31524 -1416 28160 -11818 17545 -3024 END
START -32768 -5164 30256 -13493 6956 -10082 END
START -32768 -9568 29996 -13401 -8669 -16554 END
START -32324 -14000 30744 -8966 -19220 -19593 END
START -21780 -19392 29136 -541 -24323 -14666 END
START -23424 -17536 29884 12889 -27959 -6425 END
START -21244 -16140 24624 11680 -31312 -10460 END
START -19048 -16568 21904 13300 -32768 -13058 END
START -11760 -17896 19088 18190 -32768 -13512 END
START -10948 -16136 12624 25396 -32768 -9661 END
START -10088 -16044 9716 28578 -32768 -5468 END
START -7932 -13436 4200 32767 -32768 -63 END
START -4752 -10624 1660 32767 -32768 4658 END
START -4240 -5400 1576 32767 -32768 8335 END
START -2812 856 120 32767 -32768 3606 END
START -1608 4256 1980 32767 -32768 -1445 END
START 2812 6196 528 30077 -32768 -6457 END
START 5796 6072 4992 21430 -32768 -3540 END
START 6288 7396 -1620 16543 -26134 -608 END
START 8168 10596 -356 14969 -19599 3155 END
START 4992 15372 2868 21262 -11674 7082 END
START 4872 14800 5788 20930 -4203 3795 END