START 4744 292 13972 -1471 -1171 -956 END
START 3056 -56 13988 -600 1543 392 END
START 2548 712 12804 -747 4743 -260 END
START 2160 20 11616 -732 6706 -133 END
START 1448 568 9544 -749 8574 394 END
START 2004 1828 9884 841 11461 3227 END
START -684 1876 9208 -264 9392 2424 END
START -468 2672 9672 -3127 10746 2395 END
START -744 3072 9696 -4340 10774 2031 END
START 356 2640 10196 -6175 11637 1643 END
START 556 2312 10452 -7625 12714 1239 END
START 1032 1412 11064 -8158 14730 1012 END
START 1624 1596 11900 -8490 17775 202 END
START 1864 824 12192 -7792 22012 -381 END
START -304 808 10848 -5896 26955 -1303 END
START 396 588 11496 -6268 28343 -4560 END
START 1228 128 11468 -5493 32767 -3148 END
START 580 -200 11336 -11288 32767 -3828 END
START 4560 -2216 17288 -4941 32767 -3479 END
START -3272 1104 9712 -15998 32767 -9102 END
START -6824 2112 9268 -24935 32767 -10884 END
START -5800 -1664 12272 -30870 32767 -10842 END
START -12468 -8376 10664 -31578 32767 -6618 END
START -14808 -9624 10344 -23677 32767 2321 END
START -19408 -8668 11616 -9918 24422 12257 END
START -23288 -4384 19020 -5395 20583 11249 END
START -24188 -4736 18500 -3954 17908 4197 END
START -32176 -10716 15072 -5544 9112 -5356 END
START -27052 -6072 17860 -1582 -6457 -5676 END
START -22452 -8004 21064 -1878 -9491 -7975 END
START -19560 -11812 19676 -1679 -8342 -8648 END
START -17892 -13528 19144 1360 -8718 -4355 END
START -17492 -13556 18252 3551 -9617 -1216 END
START -17048 -12348 16440 6021 -12286 1213 END
START -16680 -11328 15748 9324 -13226 1774 END
START -16360 -8948 13956 11884 -15175 198 END
START -19712 -8036 11776 17201 -21142 -323 END
START -13468 -8496 10064 16326 -27519 -5056 END
START -10120 -10088 10044 17499 -32768 -10803 END
START -7360 -11164 9096 22672 -32768 -14992 END
START -5736 -12068 5400 30255 -32768 -16225 END
START -6996 -12980 3088 32767 -32401 -14944 END
START -7764 -5532 1776 32767 -32768 -9407 END
START -6784 2040 4412 32767 -32768 -4815 END
START -5204 724 3840 32767 -32768 -8344 END
START 4200 -120 8744 32767 -32768 -12669 END
START 9108 6136 19848 23698 -29163 -22328 END
START 10040 2488 13884 19504 -15136 -16330 END
START 11196 6328 14032 20525 -6281 -9080 END
START 8676 10084 11784 22494 4484 -4632 END
START 4108 10112 11128 20082 16378 -1097 END
START 816 12948 9456 16236 18788 2172 END
START -1452 13280 4812 13115 17231 5537 END