START 1596 -308 11044 -3224 -1895 -388 END
START 1396 -260 11648 -854 -1291 425 END
START 2336 480 11668 -519 530 -35 END
START 1856 20 10864 -1507 2237 -1317 END
START 2096 -856 9980 -2422 3830 -1309 END
START 1540 -1140 8444 -2779 4729 -613 END
START 1024 -820 7912 -2367 5040 161 END
START 712 -36 7924 -2020 5509 110 END
START 928 -80 7832 -2073 7217 -503 END
START 608 -316 7476 -2444 9241 -1096 END
START 808 -672 7156 -1894 10697 -1173 END
START 1448 -640 7384 -1426 12372 -1199 END
START 1288 -376 7716 -1519 14561 -1094 END
START 1220 104 7744 -1639 16159 -560 END
START 460 612 8304 -1877 17138 -367 END
START -140 872 9500 -2267 18745 -915 END
START -448 1768 9836 -2727 20122 -1521 END
START -2456 -544 11392 -3227 22275 -535 END
START 1708 -680 11184 3305 25371 8927 END
START -2616 3676 15428 7485 23777 8668 END
START -2672 3640 14528 2118 23271 3313 END
START -1860 3568 18872 2655 21234 1185 END
START -2368 2708 20524 6594 21910 5185 END
START -6432 6756 24928 3131 18672 3191 END
START -7404 8620 27972 -4707 16777 -3372 END
START -6836 7996 28868 -7287 11375 -7912 END
START -9040 5428 31256 -6881 6307 -8276 END
START -5856 1280 32767 -6728 6125 -3888 END
START -8392 -60 32767 -4182 4734 -400 END
START -11736 360 32767 -3706 1475 -186 END
START -11176 -784 32767 -2699 -2157 -244 END
START -12932 -52 32767 -2026 -6623 22 END
START -12000 -860 30964 -2504 -10510 -2380 END
START -10192 -1708 29216 -2798 -14795 -5162 END
START -8508 -3560 26884 -2877 -17997 -7437 END
START -7240 -5232 23972 -2279 -19493 -7751 END
START -6136 -7344 19720 1400 -20938 -6586 END
START -5396 -7948 16252 5296 -22779 -5859 END
START -5092 -6920 13060 11194 -22630 -2562 END
START -3380 -5452 14876 10417 -26266 -7137 END
START -1080 -6112 14720 7992 -24637 -11935 END
START -1444 -7600 11900 9600 -22796 -14320 END
START -1196 -7720 10908 12100 -22606 -13333 END
START -1120 -6868 8216 13446 -20504 -12074 END
START 292 -4480 7504 17570 -17507 -9103 END
START 284 -2424 7780 18699 -14471 -8755 END
START 1272 912 7196 18052 -10385 -9897 END
START 756 2284 6172 19336 -7314 -10824 END
START 2780 2984 4668 20863 -4736 -12314 END
START 1516 6060 5464 22475 -606 -11677 END
START 1324 9840 5976 22592 1607 -9560 END
START 1504 13868 7632 21240 3420 -6979 END
START 536 18068 8556 18492 5549 -6340 END
START 1416 20584 8888 13937 9406 -6159 END
START 4464 20392 10032 12486 8531 -4455 END
START 2780 19020 11788 8716 8053 -4370 END