START 3532 -936 14712 365 -6883 -907 END
START 3624 -220 13952 2157 -4459 -45 END
START 3900 140 12348 2494 -1270 173 END
START 3472 1004 11488 3120 1218 -36 END
START 2564 1572 10976 2154 3081 -779 END
START 2468 928 9492 1100 4335 -656 END
START 2232 876 9308 -509 4967 -457 END
START 1944 1020 8588 -2271 6297 -1446 END
START 1700 888 8264 -3422 7408 -2176 END
START 2128 828 8564 -3174 9222 -1872 END
START 2468 664 9208 -3843 12313 -1949 END
START 2776 768 9580 -4001 16057 -1777 END
START 2924 1532 9672 -3903 19071 -1319 END
START 2664 1364 10280 -4222 23407 -859 END
START 2140 2852 10840 -3408 27575 -1675 END
START 1680 2976 9228 -3389 32023 -3079 END
START -480 3100 10228 -4871 32767 -5565 END
START 840 3492 10972 -11497 32767 -7022 END
START 504 3648 13064 -18255 32767 -7713 END
START 512 2316 11632 -21232 32767 -6480 END
START -6004 -948 10160 -30246 32767 -7223 END
START -9332 -4612 8360 -27300 32767 -297 END
START -14696 -1596 8012 -22408 32767 8555 END
START -17780 -3148 12164 -11785 32767 13028 END
START -22768 1104 17004 -8565 24494 8668 END
START -24528 -668 19236 -14188 21096 -1109 END
START -20200 -4452 19676 -14079 16197 -7664 END
START -23120 -7792 19628 -10008 10734 -9440 END
START -26268 -11180 21476 -7147 921 -9284 END
START -24136 -15164 21408 -2462 -8282 -6190 END
START -24400 -17204 22896 2159 -13522 -2472 END
START -19120 -15896 21448 6490 -15876 106 END
START -18900 -14272 20212 9938 -17378 -46 END
START -18220 -13612 17804 13803 -19792 -1658 END
START -16632 -14584 14924 18405 -25165 -4224 END
START -15624 -14196 14036 23616 -30455 -6484 END
START -10852 -16640 8672 31820 -32768 -9224 END
START -9792 -15648 1580 32767 -32768 -8896 END
START -5412 -9064 700 32767 -32768 -2591 END
START -7016 -1360 256 32767 -32768 6102 END
START -5652 3572 2220 32767 -32768 2320 END
START -4016 4376 3840 32767 -32768 -7395 END
START 848 5656 9244 23671 -32768 -19034 END
START 1304 5472 6452 22613 -24513 -21742 END
START 5424 5224 6172 23218 -23024 -16261 END
START 10420 9156 6544 23773 -12902 -9612 END
START 7212 12200 7160 21645 1517 -1484 END
START 4124 18312 8848 17979 13766 4203 END