START 3928 -2584 6736 -5727 5358 -1859 END
START 3768 -2032 8052 -2438 6477 -1147 END
START 3588 -1032 8676 -1845 9455 -1488 END
START 2580 -604 7620 -2396 12104 -1929 END
START 3300 -564 8044 -975 14621 -768 END
START 2724 508 9760 -560 19423 -516 END
START 2972 548 7752 -3036 20668 -1711 END
START 2388 12 7604 -3219 22545 -1074 END
START 2144 380 7420 -3038 23323 561 END
START 1316 596 8168 -3683 25154 1371 END
START 448 828 9004 -3887 27079 1886 END
START 320 1152 7932 -2494 29693 2015 END
START -1752 680 7696 -2760 32767 1004 END
START -368 1544 10284 -4206 32767 -2536 END
START -3040 1164 6588 -11249 32767 -3967 END
START -1668 2028 11476 -12759 32767 -7536 END
START -2800 892 12484 -18465 32767 -7021 END
START -5688 804 10824 -19942 32767 -5222 END
START -9124 -808 11816 -21686 32767 -3320 END
START -13156 -3276 11776 -22184 32767 -1567 END
START -14236 -1876 9840 -21444 32767 6752 END
START -12588 -6224 18940 -6052 31038 15971 END
START -17052 -1500 18680 -6390 30467 10365 END
START -25200 -1184 19268 -11873 24798 -206 END
START -18548 -7132 19400 -6284 22963 3834 END
START -24168 -7380 20052 -7894 18347 1988 END
START -25452 -9104 18772 -5678 10453 3857 END
START -24888 -8240 19364 -1966 3662 5578 END
START -27076 -6308 19996 -624 -1513 1579 END
START -23180 -5140 18068 720 -8936 -1571 END
START -20812 -3612 19128 413 -13944 -4259 END
START -19548 -6648 17736 3218 -16194 -3155 END
START -17304 -7688 18036 4453 -18474 -3439 END
START -15452 -7948 16676 2920 -22558 -5079 END
START -13512 -8116 16552 4020 -22284 -4366 END
START -11716 -8092 16052 5215 -21747 -2651 END
START -11472 -8612 14692 7633 -21657 -144 END
START -11024 -8520 13656 11808 -22620 2996 END
START -11388 -8360 13184 15020 -26519 5163 END
START -11460 -9376 10964 19828 -28724 8202 END
START -7484 -8904 10144 23091 -32768 8894 END
START -7528 -5372 9724 26735 -32768 9319 END
START -6948 -1188 9728 26859 -32768 6322 END
START -5716 548 10412 25710 -32768 2176 END
START -5084 -276 9908 20921 -31645 -5722 END
START -1792 -2476 7744 18891 -26934 -9701 END
START -2420 -2140 5584 23746 -26118 -10775 END
START -72 -1188 5776 27774 -25268 -9040 END
START 1660 716 7800 28239 -24092 -5887 END
START 2700 2744 10232 25770 -19944 -4738 END
START 3056 5436 11636 20248 -15246 -5269 END
START 2956 6364 11084 17826 -10544 -5824 END
START 3192 7324 11228 16457 -6167 -7475 END
START 3228 8348 10108 15116 -2021 -8426 END
START 4388 10240 10668 15478 1872 -8117 END
START 3808 11904 11524 14970 5101 -6856 END
START 2240 13360 12496 14277 7580 -6360 END
START 968 14468 13152 12362 7294 -5855 END
START 72 15344 13024 9185 7116 -5707 END
START 376 16656 11628 5789 7205 -3828 END
START -2704 17712 12792 3769 6122 -1494 END
START -3564 21200 14796 -38 4590 -872 END
START -3988 21384 17132 -4324 3927 -1121 END