START 3524 1400 14788 -7973 -6430 -453 END
START 2428 832 14464 -6702 -5585 138 END
START 3020 912 14416 -5702 -4385 -262 END
START 2760 592 13800 -5376 -3054 -437 END
START 2572 164 12868 -4689 -1951 552 END
START 1976 188 12032 -4566 -1406 1456 END
START 1416 100 11764 -4052 -1257 1852 END
START 1604 -96 11316 -4159 -767 1707 END
START 1480 -636 10272 -4488 6 1556 END
START 1832 -392 9860 -4036 980 1451 END
START 2332 20 9028 -3994 2765 1236 END
START 2480 412 8576 -3650 4667 550 END
START 3140 400 7760 -3008 6106 -136 END
START 2888 284 7692 -2611 7730 -918 END
START 3592 368 7288 -2072 9055 -1236 END
START 3956 348 7232 -1526 11393 -1573 END
START 3844 624 8412 -2118 14869 -2493 END
START 4000 380 7792 -3190 18302 -3492 END
START 3368 368 7640 -2669 21765 -4004 END
START 3076 472 6828 -2543 25430 -4448 END
START 2912 432 5848 -1818 28609 -4087 END
START 1524 1204 7160 -1769 32735 -4471 END
START 968 1800 7084 -5776 32767 -8102 END
START 292 300 7960 -8840 32767 -9388 END
START -4136 48 7820 -9834 32767 -9614 END
START -6252 -1556 9100 -11878 32767 -9827 END
START -6948 -2096 10428 -14023 32767 -7933 END
START -12344 -1192 12020 -12140 32767 -4641 END
START -13992 -1960 12728 -11836 29304 -2387 END
START -13548 -2884 13940 -11549 23805 -896 END
START -16960 -4256 15032 -9293 18743 1797 END
START -15400 -7032 17668 -2647 18445 7941 END
START -15476 -5100 21052 4991 15640 14079 END
START -18916 -4560 22352 -42 15529 9008 END
START -16748 -3468 22544 1228 17953 8166 END
START -18940 -2372 22020 1806 15661 6960 END
START -19196 -672 20164 249 12887 3861 END
START -20448 1180 20732 -4364 7945 -2482 END
START -22332 -88 18464 -6472 -11 -7239 END
START -21508 -800 19340 -5604 -7507 -5921 END
START -16612 -6400 19860 -758 -9895 -575 END
START -17508 -5584 22056 277 -11694 117 END
START -16880 -6080 21316 -3223 -12775 -3645 END
START -15776 -8768 20516 -551 -14871 -2103 END
START -15256 -9156 20296 1881 -15041 -1107 END
START -14976 -9216 20356 5063 -15238 729 END
START -14580 -9008 16656 8852 -17170 3456 END
START -14128 -8176 14180 12997 -20882 6111 END
START -13972 -7560 12080 17428 -22668 9963 END
START -11696 -4484 11088 20827 -25329 8715 END
START -10148 -2968 11364 20943 -26547 4670 END
START -8992 -1956 10280 19209 -28311 -129 END
START -7084 -1728 9256 18415 -28765 -2669 END
START -5836 -1488 6452 18157 -28892 -3232 END
START -4076 -2240 6816 19445 -26566 -5179 END
START -3352 -2368 5020 21862 -23653 -3489 END
START -3360 -1688 5664 25139 -23621 -4076 END
START -1644 -236 6048 27318 -23059 -2173 END
START 120 856 7148 27518 -21347 -1223 END
START 932 3376 8904 25755 -18388 -668 END
START 2824 5288 9392 23722 -14898 1212 END
START 2896 7400 10560 21452 -10997 1436 END
START 2856 9252 9328 20366 -7129 -710 END
START 3756 10440 8504 20159 -2673 -2182 END
START 4364 11712 8156 20974 -109 -1484 END
START 5040 14036 8884 20430 1723 1097 END
START 5292 16660 10396 18372 3045 4317 END
START 3540 18616 11144 13536 4174 6361 END
START 2644 20176 12712 8752 4080 6675 END
START 3988 21956 13672 4230 5941 6847 END
START 740 23204 15632 -1060 2738 2096 END
START 1076 21372 16424 -4308 1199 -1691 END
START 720 18384 17216 -7906 1037 -5092 END
START 96 15472 18108 -8956 588 -5730 END
START -872 13800 18680 -9195 88 -5182 END
START -1444 11680 18908 -8802 -161 -3894 END
START -1772 11200 19300 -7377 -1140 -456 END
START -1764 12020 20204 -6363 -2754 3253 END
START 64 14144 21036 -8788 -2850 2696 END
START -2356 11864 21048 -7937 -2754 3480 END
START -1036 11304 19312 -7480 -2711 4383 END
START -680 10620 17340 -7245 -3365 5330 END
START -504 10792 16968 -7050 -2956 5073 END
START 900 10488 16304 -7605 -1442 4025 END
START 1664 9968 16136 -7505 1452 3358 END
START 5436 8320 15928 -7591 3249 4121 END