START 2632 -1168 9352 -3229 -2136 -75 END
START 3356 -1784 9096 -2253 -32 -1145 END
START 3756 -2456 8824 -2326 2663 -2225 END
START 4044 -2724 8388 -3085 5730 -3138 END
START 3472 -3552 7016 -1686 8211 -2097 END
START 2084 -3156 7288 -1918 10595 -1303 END
START 1108 -2592 6432 -921 11986 -106 END
START -3028 -1172 7892 305 14869 1043 END
START -2944 268 7588 -457 16645 566 END
START -1288 984 7576 -1616 17495 229 END
START -1028 1576 7804 -2078 17964 -64 END
START -1288 1896 9388 -2212 19165 -88 END
START 0 3064 10360 -3983 22240 -1701 END
START 184 456 11332 -7913 26500 -2597 END
START 984 -1184 9656 -2822 28399 1243 END
START -808 312 12572 -2735 30303 4293 END
START -1188 720 13656 -7910 32767 3863 END
START -3880 268 12788 -12871 32767 5255 END
START -5344 380 15700 -12250 32767 5733 END
START -8952 -1464 14544 -12594 32767 4826 END
START -13004 -516 13324 -9618 32767 7015 END
START -16564 1232 16972 -4772 28315 8476 END
START -15952 1648 21156 -4918 14606 2246 END
START -11824 -1576 22948 -9361 11794 -3308 END
START -11288 -1644 26776 -11615 12747 -8188 END
START -13300 -2824 29264 -12877 23275 -9832 END
START -17548 -5568 23716 -10140 24667 -4669 END
START -19876 -6756 20848 -6408 14737 1984 END
START -20656 -7056 21296 -2331 3820 7529 END
START -19472 -3952 23644 1310 -1394 10606 END
START -18064 -2312 23828 1890 -2298 8958 END
START -16916 -1260 23956 -207 -2205 3533 END
START -17168 -2424 22208 -2805 -3524 -2187 END
START -16808 -5872 20476 -2619 -7329 -4546 END
START -15912 -8304 18432 75 -12861 -4437 END
START -15828 -9264 17732 3926 -19839 -2732 END
START -14432 -10112 16932 7541 -26305 -1354 END
START -11852 -8416 16784 12542 -28276 1654 END
START -8916 -7208 19804 16171 -25042 2959 END
START -9372 -6652 18128 16994 -22812 183 END
START -9580 -6888 15716 16345 -22380 -2543 END
START -7240 -9908 13140 17913 -16675 -276 END
START -12552 -8652 8620 21376 -21790 -488 END
START -6804 -9548 5812 26218 -26275 1959 END
START -4588 -6112 7712 32767 -28947 7245 END
START -5996 -640 9972 32767 -29515 7821 END
START -3604 424 12188 28544 -25278 -919 END
START -4352 -420 10740 25053 -21867 -9813 END
START -2228 -1428 10184 25353 -20223 -16650 END
START 1812 -1920 5788 28180 -17467 -14639 END
START 3208 1520 6504 32767 -12459 -5299 END
START 3668 5680 6576 29716 -6200 669 END
START 2812 9144 5688 25592 -2322 4904 END
START 1360 11756 5452 21680 -174 6093 END
START -84 13028 6088 17921 -1168 4754 END
START -968 12304 6876 13163 -2576 824 END
START -592 11928 8168 9731 -3041 -2016 END
START 128 13268 9276 7005 -2987 -4913 END
START 704 13424 11024 5460 -1521 -6366 END
START 1436 13004 12840 4775 -1198 -4652 END
START 1284 13620 15396 4075 -2092 -1151 END
START 372 14480 15592 2710 -1563 1793 END
START -2680 16192 16148 60 1106 1907 END
START -1716 18148 16576 -670 107 3481 END
START -2504 19440 19220 -2540 -1612 2422 END
START -1396 18780 19348 -4033 -1844 1498 END
START 36 19852 20676 -4918 -2594 -584 END
START -1876 16720 20556 -5740 483 -1508 END
START -244 15084 18788 -4806 4208 -386 END
START 800 13416 18144 -4375 4834 64 END
START -244 13444 17936 -5632 3506 795 END