START 2572 -1648 14200 -1194 2275 -339 END
START 2932 -896 13476 485 3180 -592 END
START 2632 -696 13276 -423 4762 -1521 END
START 2100 -752 12988 -496 5952 -1382 END
START 1232 -924 12264 -717 6162 -724 END
START 460 -684 12136 190 5682 172 END
START -108 -108 12648 51 6039 275 END
START -324 -64 11844 -421 6717 -307 END
START -872 -228 11180 -489 6988 -957 END
START -852 -552 10644 93 7045 -1051 END
START -444 -376 11036 493 7431 -810 END
START -100 4 10828 670 8520 -303 END
START 356 988 10732 893 9930 435 END
START 596 1692 10312 858 11619 1014 END
START 584 2416 10424 703 12671 1452 END
START 216 2256 10576 -131 14261 1983 END
START -456 2116 11472 -1801 16188 762 END
START -136 332 10512 -554 17618 2594 END
START -1008 720 12344 -700 19287 3397 END
START 2756 1452 11616 -1272 21627 3415 END
START -1104 668 13504 790 23769 5150 END
START -1760 -312 11948 10247 21877 9300 END
START -3324 4664 17652 2262 21186 5845 END
START -5132 4280 18728 2355 19287 2728 END
START -3768 1680 19404 -5157 19734 -1795 END
START -5352 1900 24112 -3466 16530 -774 END
START -6172 940 24764 -7349 16630 -3412 END
START -6604 356 25544 -5001 14872 -1072 END
START -5768 592 27452 -5442 13845 -315 END
START -9864 992 30316 -2884 10089 -317 END
START -8112 380 28856 -306 12327 2433 END
START -10632 -40 29084 -947 10861 1974 END
START -12716 340 28256 -1676 7415 1499 END
START -12620 568 27060 -1364 3285 1952 END
START -13152 1300 26476 -1611 -561 1493 END
START -13048 1312 25424 -2583 -4496 -804 END
START -12588 -204 24912 -3486 -9033 -2922 END
START -11712 -1936 24340 -3724 -11874 -4367 END
START -11016 -3616 22936 -2443 -14299 -3780 END
START -8820 -4784 21120 -17 -16128 -2632 END
START -8392 -4952 19832 2817 -17977 -1697 END
START -7328 -5596 18612 5651 -19614 -1472 END
START -6964 -5840 17920 6870 -21136 -2526 END
START -3516 -6192 17632 5635 -13143 200 END
START -7880 -5288 13856 7824 -23467 -6523 END
START -6216 -6004 12508 11454 -25907 -7542 END
START -3480 -5256 11488 15308 -26135 -7828 END
START -1000 -3836 11708 16381 -25066 -7735 END
START 1304 -2488 10848 18198 -21618 -7028 END
START 1748 -488 10368 19823 -18959 -7076 END
START 2608 -576 9792 19393 -14317 -6973 END
START 1652 -176 8188 20416 -11766 -6869 END
START 2540 -60 7264 22509 -9350 -5973 END
START 1964 1204 7424 22408 -7308 -5313 END
START 2468 3048 7076 22376 -4702 -6008 END
START 2484 4572 6688 22304 -2547 -6537 END
START 1924 6984 7244 21595 -771 -7264 END
START 2184 9356 8452 21066 168 -7030 END
START 2224 12952 10060 19144 1458 -7100 END
START 1952 15140 10624 17536 2242 -6437 END
START 2740 17248 11296 13763 3717 -5349 END
START 2556 19492 11532 10210 7053 -3271 END
START 920 20060 13108 6002 7648 -952 END
START -268 18552 14312 2503 6569 -526 END