START 1680 -736 17604 -7602 -2856 2342 END
START 888 -1564 17116 -6077 -2221 1968 END
START 876 -2000 16896 -4805 -1147 1478 END
START 776 -2472 16696 -4026 -1833 458 END
START 980 -2728 16548 -2937 -1746 844 END
START 1108 -3064 16316 -2513 -1666 1256 END
START 816 -3084 16456 -1690 -1883 1803 END
START 608 -2712 15916 -1326 -1713 1770 END
START 532 -2700 15356 -934 -1651 1449 END
START 528 -2252 14836 -509 -1534 1037 END
START 760 -1940 14476 74 -1232 417 END
START 984 -1480 14016 412 -854 -146 END
START 1212 -1344 13700 503 -296 -364 END
START 1324 -1232 13280 534 420 -355 END
START 1424 -1272 12964 470 1189 -324 END
START 1312 -1056 12312 389 1918 -416 END
START 1348 -1028 11708 297 2584 -318 END
START 1308 -828 11244 324 3269 71 END
START 1480 -468 11368 211 4027 220 END
START 1352 -160 10836 -275 5044 55 END
START 1228 64 10348 -535 6256 -69 END
START 1360 328 10008 -694 7747 -54 END
START 860 620 9760 -660 9104 43 END
START 348 1412 10680 -2135 11318 -575 END
START 2748 664 11044 -2992 13713 -197 END
START 2400 444 11992 -286 14946 3005 END
START 1220 1552 13604 -1021 17471 3584 END
START 2568 76 12148 -1634 22998 7578 END
START -852 1996 15112 4553 21330 8789 END
START -936 2556 16080 -3068 24460 3128 END
START -3564 1740 17084 -6490 20847 -1458 END
START -3532 1040 19344 -2122 23599 3608 END
START -2352 -100 20528 -2248 25423 6471 END
START -4192 -344 21764 -3478 24251 6984 END
START -8828 1984 22996 -2979 17961 4776 END
START -8608 332 24584 -5778 19929 3806 END
START -9100 224 25628 -6385 18542 1953 END
START -9796 -824 25108 -5915 16125 830 END
START -10676 -1496 25048 -5495 13905 217 END
START -11856 -1464 24560 -4115 10973 652 END
START -12000 -1532 23820 -3128 8686 803 END
START -12220 -1584 23164 -2179 5868 928 END
START -12212 -1100 22664 -2294 3045 -285 END
START -11796 -1608 21656 -3285 396 -2512 END
START -10828 -2224 21008 -3168 -1722 -3525 END
START -9864 -3392 20532 -2420 -3078 -3720 END
START -9404 -4360 18984 -849 -4577 -2970 END
START -8952 -4788 18124 788 -6458 -1772 END
START -9144 -4528 17068 2311 -8521 -726 END
START -9276 -4712 15980 3407 -11249 -402 END
START -9400 -5120 14676 4647 -14937 -256 END
START -9172 -5468 13004 7222 -18921 -901 END
START -8580 -4840 12920 9916 -23577 -2098 END
START -6836 -4208 11920 12049 -26689 -3373 END
START -6688 -3428 12412 13800 -28912 -5959 END
START -4524 -1856 14400 12285 -27995 -10615 END
START -1268 -1608 14432 10300 -21466 -11732 END
START -884 -1596 14800 11607 -23821 -15565 END
START 124 -2168 14212 11403 -20662 -14686 END
START 1352 -2804 14012 11896 -16580 -14274 END
START 1588 -1728 12984 14419 -13543 -10712 END
START 1608 -12 12932 15636 -9857 -7877 END
START 1672 2104 12804 15444 -7344 -7484 END
START 1504 3188 12888 16047 -5449 -7716 END
START 1348 4460 13184 15233 -3346 -9703 END
START 956 5288 13752 15559 -780 -11119 END
START 448 7012 14212 16947 754 -11526 END
START 1760 8064 14376 17572 2958 -12522 END
START 1456 8244 14616 16616 4745 -11482 END
START 656 8124 12044 15512 7245 -8043 END
START 656 10508 14388 14660 9747 -3858 END
START -136 12012 14920 12969 10045 -1332 END