START 2736 232 12840 -9935 5410 2491 END
START 1284 900 12508 -9489 5200 887 END
START 388 104 11452 -7171 5985 325 END
START -176 -168 11956 -6094 7197 -824 END
START 12 -1232 11624 -4457 7845 -1212 END
START -476 -1180 11920 -3176 7192 -1089 END
START -724 -1208 12776 -3092 8255 -1031 END
START 336 -1292 12452 -3688 9465 -366 END
START 996 -1176 12404 -2955 11133 467 END
START -224 -460 12320 -2783 12499 1561 END
START 1032 -244 12280 -1666 13949 2637 END
START 1380 480 12436 -1146 15493 2504 END
START 616 904 12516 -643 17438 871 END
START -1116 788 11512 -778 19529 -1487 END
START -1180 -28 12276 -2116 22012 -5197 END
START -2352 -760 11924 -3672 24486 -8923 END
START -2228 -1392 11084 -2674 27216 -9962 END
START 156 -2236 14236 -2399 27785 -9775 END
START -1524 -1160 15872 -5165 29972 -10066 END
START -2936 -1792 15080 -10282 32277 -10158 END
START -4116 -3236 14724 -9008 32767 -5508 END
START -5132 -3964 13244 -6685 32767 338 END
START -8828 -3504 15844 -2917 31218 4879 END
START -11052 -3120 16716 -3573 28594 4236 END
START -13844 -2936 16484 -1115 25828 7149 END
START -13404 -500 18460 5543 23484 10247 END
START -16272 1308 18860 879 21220 4683 END
START -18148 880 17528 -1762 16040 939 END
START -17204 -792 15728 -3180 7786 -195 END
START -18000 -2592 17184 -2720 3745 682 END
START -18588 -3268 18908 593 1514 1927 END
START -17672 -3180 19248 1451 411 1961 END
START -17016 -2728 18528 1745 -918 1774 END
START -16232 -2236 17748 1839 -2864 1229 END
START -15972 -1944 17188 1384 -5770 751 END
START -16284 -2948 17000 1242 -9526 583 END
START -16188 -4720 16348 1590 -14027 433 END
START -15448 -6040 15424 4567 -18795 1038 END
START -13904 -5932 14472 8894 -23793 2117 END
START -12400 -5640 13432 14601 -29202 2622 END
START -9600 -4320 10532 18856 -32768 3995 END
START -8552 -2400 8508 24093 -32768 11721 END
START -5596 -424 8916 26769 -32768 9277 END
START -5440 2052 11248 20345 -32768 4782 END
START -1984 2328 10936 13383 -32768 -664 END
START -2280 1184 10704 8485 -31782 -2785 END
START -1428 1040 9680 8566 -27393 -2931 END
START 1840 868 14172 4566 -25850 -3463 END
START 3588 1048 14956 2330 -24131 -4644 END
START 6092 2972 18176 6425 -20794 -2673 END
START 6504 3836 20176 5588 -10927 -3075 END
START 5860 2224 17452 8756 -1324 -5241 END
START 3392 1212 12888 14099 4497 -4564 END
START -2260 608 13628 18136 7336 -2159 END
START -1152 2512 10996 18049 4631 3627 END
START -1708 6828 10528 16702 2223 6346 END
START -4560 10132 13192 12251 -2 2371 END
START -2912 12464 12032 11400 -1608 633 END
START -1700 14124 15456 7737 -705 -4442 END
START -136 12296 16188 5321 1720 -6358 END
START 136 10184 17328 6600 5174 -9006 END
START -168 9748 18308 8375 6578 -9263 END
START 912 10272 17100 9251 8512 -9357 END
START -3336 11684 15248 9017 11980 -8698 END
START -2508 12172 15252 10634 11211 -5480 END
START -2464 12244 15652 9035 12381 -4190 END