START -20 -1404 8740 -7392 -5076 -3288 END
START 3468 -3228 7660 -4808 -4262 -779 END
START 2684 -2776 8048 -5543 -659 -573 END
START 1856 -3788 6444 -4660 1639 363 END
START 696 -4128 5856 -3955 3075 1310 END
START 176 -4544 5188 -4254 5118 2308 END
START -1328 -4632 3808 -2826 6911 4110 END
START -2424 -3624 3072 -1406 8306 4756 END
START -2880 -2400 3288 -862 9428 3636 END
START -2004 -1908 2948 309 9641 3115 END
START -1668 -1524 3280 1312 9660 3151 END
START -928 -988 3976 1480 10337 2592 END
START -180 -864 4340 717 12256 2197 END
START 396 -748 4960 -56 14431 2299 END
START 232 -252 5604 -1058 17439 2564 END
START 544 248 5376 -1370 19343 3464 END
START 784 428 6200 -3652 22367 2998 END
START -8 704 5612 -4872 26021 2409 END
START 184 1652 4556 -5209 24990 1182 END
START -1124 780 7328 -6680 28496 241 END
START -3136 496 8512 -8292 30810 -775 END
START -4968 -388 9460 -10244 31887 -867 END
START -5212 -1852 10732 -11244 31135 -735 END
START -8280 -1540 13428 -11404 27976 -1310 END
START -6172 -3144 13052 -6195 22099 2524 END
START -7716 -2836 19328 -3706 21621 8468 END
START -12256 132 20576 -9447 20334 7968 END
START -12248 -1908 28000 -3567 17476 2695 END
START -15012 -936 26480 -4558 19625 36 END
START -11668 -1208 25924 -4984 18835 -1138 END
START -15568 -2900 28612 -1215 17079 3323 END
START -17116 -3384 29512 607 15434 5431 END
START -16940 -3664 28292 2224 8014 6302 END
START -16152 -3508 29496 6008 10515 12470 END
START -15744 -4 28956 4932 6697 10779 END
START -17388 2408 28376 3344 5029 7926 END
START -18720 3124 26992 943 1438 3594 END
START -18564 1432 25572 -2089 -2456 -64 END
START -17744 -532 24956 -4082 -5861 -1874 END
START -16812 -2444 23244 -5081 -8291 -2879 END
START -15448 -2808 21404 -4411 -11515 -2562 END
START -13872 -3032 20180 -3566 -14026 -2641 END
START -12616 -4752 19744 -935 -15438 -1765 END
START -13780 -7180 20716 575 -17595 -2047 END
START -13040 -11372 18612 47 -20043 -4683 END
START -13144 -15800 15476 6217 -19393 -2806 END
START -12840 -13332 12644 17835 -21750 3426 END
START -10720 -7288 8548 28080 -32768 6391 END
START -6216 -2936 11396 29245 -30726 6073 END
START -7424 292 12120 20429 -32768 -5199 END
START -5360 -3232 12268 11951 -32141 -15451 END
START -3672 -6480 12256 13118 -32543 -21762 END
START -2652 -7964 7972 16602 -30131 -21782 END
START -2232 -4224 9248 20277 -26060 -17044 END
START -1356 -1552 6800 21919 -23192 -12033 END
START 100 2108 7828 20892 -19755 -9941 END
START 4292 3084 8512 21050 -15174 -7061 END
START 2608 6104 9832 22125 -10065 -5471 END
START 3396 7848 9780 20134 -4861 -5955 END
START 3588 7956 8392 19501 -1631 -4530 END
START 3876 8520 6660 17230 -33 -2418 END
START 2708 9348 6996 15118 545 -2070 END
START 1680 11156 8072 12729 34 -2577 END
START 1940 12780 9700 10467 470 -4291 END
START 1356 14656 10900 7736 1866 -6786 END
START 356 14428 10892 4233 3480 -7992 END
START 840 13960 10124 1813 4150 -6106 END
START 88 14292 10796 -654 3783 -4053 END
START 256 13300 10868 -1848 3848 -3667 END
START -508 12624 12928 -2331 4275 -3867 END
START -1336 11772 13860 -2670 4795 -4324 END
START -1328 10892 15728 -2423 4212 -3871 END
START -1604 10992 17156 -2804 4055 -2986 END
START -2060 11440 17956 -2880 3798 -1840 END
START -2660 11424 17988 -3333 3789 -1354 END
START -2156 11616 18144 -2827 3069 -319 END
START -3224 12188 19216 -2715 2165 1325 END
START -2380 12648 20696 -4015 1764 1854 END
START -2040 11532 20628 -1153 1804 5215 END
START -236 11336 20472 -3376 2802 6035 END
START -3956 13344 21648 -4890 5127 4887 END
START -2756 13704 20672 -5611 4293 6014 END
START -2124 12576 20096 -3075 3846 5051 END
START -2828 11984 21064 -5041 2182 4462 END