START 3288 -2324 10356 239 5215 -101 END
START 148 -2276 12496 5027 12083 5994 END
START 1428 2940 13968 2755 6038 1693 END
START 2184 3060 13048 1130 7247 552 END
START 2284 3136 14288 -536 8456 -1288 END
START 1188 2316 15212 -2409 8751 -4033 END
START 424 608 14932 -4516 9576 -5842 END
START 500 -636 15092 -3297 8766 -4552 END
START -696 -624 14936 -1875 7867 -1250 END
START -916 988 16048 283 6420 2252 END
START -1216 2132 16896 207 5580 3043 END
START -1800 3472 18388 485 4130 1023 END
START -1128 3596 19244 -535 3182 -976 END
START -284 2600 19592 -2060 3134 -2499 END
START 304 1436 18888 -1813 2909 -2593 END
START 588 720 18316 -1535 3340 -2541 END
START 492 -40 17028 -766 3864 -1860 END
START 196 52 16048 182 4573 -523 END
START 544 508 15180 1091 5314 599 END
START -484 840 14480 1706 5629 1074 END
START 312 1448 12836 3466 6411 2645 END
START 516 2980 13016 2848 6718 2857 END
START 876 3880 12884 948 7768 2031 END
START 952 3852 12336 -735 8212 2167 END
START 716 4220 12156 -2237 9102 2655 END
START 644 4068 11724 -4008 10413 2347 END
START 488 3324 11172 -5211 11824 1416 END
START 612 2428 11488 -5670 13310 735 END
START -20 1888 12472 -5979 15182 222 END
START 656 468 12476 -6725 17492 -624 END
START 444 360 12344 -3918 19657 -423 END
START -2740 -572 12092 -1475 20358 528 END
START -2668 392 12672 -324 20319 1891 END
START -3148 1276 14992 1560 19610 3973 END
START -5216 3056 15652 3360 18842 4928 END
START -5024 3856 17528 2590 16592 4664 END
START -6032 4016 21208 24 18262 2109 END
START -5844 3068 22320 -730 18127 -932 END
START -5404 2668 21128 -1879 14541 -2778 END
START -4160 376 23252 -1241 15804 -3761 END
START -7440 -468 24236 -3369 19490 -5283 END
START -8336 -1312 25060 -1353 15844 -2738 END
START -11932 -468 25512 -847 13014 -101 END
START -12032 716 25716 -64 10137 2973 END
START -12776 2152 25736 -667 9243 3876 END
START -12872 2352 25904 -1554 7790 3065 END
START -12496 2172 25852 -3013 6631 233 END
START -12188 1924 25428 -4468 5612 -2353 END
START -13028 1588 24624 -5618 -1225 -7577 END
START -9996 -884 23436 -7085 3243 -6872 END
START -12576 -2756 23160 -9459 3734 -6323 END
START -13184 -5080 20884 -10339 1434 -4777 END
START -13764 -6328 18584 -8199 -1346 -1371 END
START -13484 -7200 16468 -2378 -3679 2416 END
START -14152 -6080 14808 6293 -6503 5889 END
START -12940 -5380 13736 10102 -9257 5748 END
START -13804 -5152 14220 10232 -13870 4559 END
START -13724 -5996 13748 9402 -19933 2122 END
START -10908 -7140 11424 11621 -22019 3156 END
START -8560 -6116 10148 15377 -25328 4116 END
START -7304 -4064 6576 20413 -25555 8153 END
START -6948 -1740 5552 25643 -28563 8653 END
START -3980 1208 5780 27857 -30292 9356 END
START -2392 3672 7976 23620 -28228 7068 END
START -4552 4368 8380 18214 -27973 1115 END
START -1612 3972 9204 14084 -25935 -1902 END
START -176 3892 10120 11595 -24921 -4127 END
START 2156 3920 9140 14331 -24747 -3588 END
START 5920 5052 16032 9673 -20282 -2933 END
START 6452 5640 13992 10748 -14701 -1859 END
START 6392 5788 13368 12476 -8410 -1522 END
START 5160 4936 10512 14828 -2925 -1018 END
START 5492 5308 8272 18799 -1432 1738 END
START 5356 7216 8968 20572 990 4999 END
START 4664 9888 9908 20482 3810 5803 END
START 3764 12400 11256 19173 5360 4455 END
START 3100 13448 12412 16253 5451 1981 END
START 2312 13636 12556 12500 4358 1116 END
START 1432 13996 12560 8565 3224 1653 END
START 2356 15300 11152 7898 2709 3281 END
START -48 16132 13300 2381 2596 555 END
START 248 16652 14200 462 2411 -718 END
START 464 16692 15904 -1676 2483 -2691 END
START 1064 15716 16492 -3327 2219 -3959 END
START 968 14472 17084 -4343 2330 -4910 END
START 984 13264 16884 -5077 1969 -4503 END
START 496 12392 16688 -6068 1756 -3794 END
START 292 11964 16120 -6553 726 -2856 END
START -212 11604 16496 -6849 816 -2412 END
START 112 10832 16960 -6510 197 -1694 END
START 368 10584 17272 -6338 -39 -2210 END
START 1200 10456 17224 -6588 1189 -3219 END
START 936 9176 15672 -7941 3967 -4755 END
START -564 8988 14820 -6654 4462 -5396 END
START 1000 6976 15172 -5851 5134 -4506 END
START 872 5248 13600 -7436 6371 -5355 END