START 744 -832 12620 -5465 -2985 -623 END
START 2268 -1220 12608 -3086 -701 -936 END
START 2500 -924 12852 -1993 734 -1678 END
START 2440 -1124 12676 -2034 2503 -2468 END
START 1480 -1580 12724 -1132 3383 -2031 END
START 264 -1636 12256 -1675 5459 -2471 END
START -220 -1908 11816 -263 5992 -1010 END
START -608 -1492 11532 -63 7361 -145 END
START -748 -820 10856 413 8015 891 END
START -1004 680 11164 1391 8809 1726 END
START -644 2300 11296 1005 10923 1429 END
START -504 3116 11104 1144 12892 804 END
START -868 3748 11244 -178 15597 -333 END
START -52 3320 10660 -1713 17554 -2454 END
START -244 2032 11096 -4784 22473 -3116 END
START -600 1236 11704 -8910 26641 -2326 END
START -1288 944 12388 -10274 30968 1531 END
START -1552 976 11708 -12756 32595 3441 END
START -2828 880 13184 -13152 32767 3937 END
START -5896 -296 12336 -12072 32767 2383 END
START -7548 -924 12732 -7758 32767 5253 END
START -8708 -1684 15288 -4244 29728 2647 END
START -10696 -804 17836 -3740 23828 -1407 END
START -10180 -760 20092 -10028 18647 -7662 END
START -9716 -2968 21384 -9094 16166 -7059 END
START -11540 -3392 22544 -7698 13800 -4554 END
START -12436 -3368 22576 -5957 10939 -2711 END
START -11412 -3888 23688 -2620 12435 1019 END
START -12104 -3476 22628 -2627 12759 1461 END
START -12552 -2944 22612 -2153 12932 1717 END
START -12608 -2136 23008 -2296 13284 1536 END
START -13300 -1520 21964 -2733 12829 1254 END
START -15004 -1380 21164 -3517 11589 150 END
START -16464 -2136 19780 -4058 7997 -1266 END
START -17132 -3288 18352 -3903 2170 -2038 END
START -16780 -4708 18336 -2968 -3114 -2655 END
START -15636 -6172 17976 -1093 -7893 -2925 END
START -15784 -4780 18612 705 -11856 -1770 END
START -15040 -5916 18144 1865 -14320 -2148 END
START -14876 -7352 16692 3407 -17921 -2207 END
START -14536 -8752 15008 6669 -22427 -2555 END
START -12640 -8288 13456 11151 -26941 -1687 END
START -10304 -8608 11588 15586 -30826 -1773 END
START -7848 -7784 9896 19351 -32768 -2320 END
START -8060 -8184 8360 23882 -32768 1230 END
START -6592 -6996 7968 22622 -32768 -1579 END
START -6200 -5252 7184 23111 -32768 -4866 END
START -5276 -4232 6276 21981 -32768 -6665 END
START -3992 -2964 6828 25469 -32768 -10878 END
START 1212 156 12064 22517 -30672 -17127 END
START 5220 3548 18544 17530 -28649 -17437 END
START 8636 3512 21976 18748 -25913 -18220 END
START 11084 -216 17192 15343 -10437 -19203 END
START 7256 -520 12268 20696 7812 -13585 END
START 2160 5044 8576 23978 12794 -3566 END
START 864 8096 5980 19646 13640 2078 END
START -8036 10304 7924 19544 14439 8893 END
START -8888 15356 8420 15090 7314 7735 END
START -5736 16944 11772 10248 -675 -1629 END
START -2004 15328 13700 5914 -2048 -7617 END
START -3556 11476 12832 511 1905 -7419 END
START -1632 13068 13684 901 4469 -2117 END