START 3540 -468 15436 -215 1042 954 END
START 3452 84 14636 -436 1320 1961 END
START 2048 -128 15696 -983 1979 838 END
START 1176 -460 14788 -913 2077 848 END
START 672 -544 14252 -854 2447 795 END
START 428 -768 13476 -951 2570 505 END
START 660 -908 13384 -844 2774 235 END
START 696 -1008 13284 -817 3267 181 END
START 1100 -924 13152 -787 4147 157 END
START 912 -948 12748 -223 5260 864 END
START 900 -644 11960 -220 6465 1064 END
START 528 -372 11520 -291 7851 1118 END
START 804 -108 10988 -592 9270 1307 END
START 736 268 10960 -593 10691 1921 END
START 812 536 11124 -936 11901 2004 END
START 892 512 11836 -1579 13140 1815 END
START 692 316 12624 -1999 14670 1557 END
START 520 172 13228 -1629 16617 1465 END
START -2044 640 14308 -478 19805 2004 END
START 344 -264 15200 -799 21047 2583 END
START -1048 -136 15636 227 22892 2786 END
START -852 -248 16204 1076 20529 2269 END
START -716 -848 18420 1474 20943 3860 END
START -668 -852 20372 1417 22484 4804 END
START -3020 -388 23204 1049 20950 2580 END
START -3252 -356 22864 1089 21087 3228 END
START -5324 -288 24440 49 20093 1955 END
START -7388 1068 25848 854 18774 704 END
START -7076 732 26364 1430 18880 601 END
START -9156 1768 26584 644 17138 -1146 END
START -10612 1952 25716 300 15102 -2770 END
START -12296 2232 23652 187 11401 -3301 END
START -14808 2380 22900 -1743 7427 -3528 END
START -14600 1832 21796 -1828 1951 -2507 END
START -14016 1112 20648 -1477 -2575 -1255 END
START -12796 976 20772 -86 -6714 393 END
START -11060 768 20896 801 -8956 1098 END
START -10920 812 21076 1623 -10445 1372 END
START -8916 220 19832 2038 -12142 1349 END
START -8348 -568 19596 1207 -12663 148 END
START -8160 -1536 19148 433 -13784 -866 END
START -8308 -2648 17476 1205 -15673 -666 END
START -8380 -3268 16068 2986 -18438 510 END
START -7252 -4216 14860 4217 -17013 3229 END
START -6968 -2700 14360 3852 -23643 1025 END
START -7020 -1884 16052 2745 -24751 -4006 END
START -4840 -2132 13000 -1852 -27839 -10796 END
START -2568 -3752 12184 -35 -27624 -14293 END
START 396 -3968 12148 2268 -24150 -14773 END
START 1500 -4204 11432 5840 -22306 -15830 END
START 4132 -3524 11360 8974 -18179 -14394 END
START 3764 -1528 12860 11360 -12835 -13238 END
START 3632 -1236 12244 11768 -8116 -12607 END
START 3428 212 13792 14826 -4370 -12470 END
START 5520 2184 13984 15390 -1327 -14325 END
START 4548 2824 13780 16891 1820 -14859 END
START 3260 4900 12808 16937 4550 -15054 END
START 3392 5872 12220 17542 5601 -13542 END
START 2260 7840 12024 16138 7703 -10402 END
START 1276 8072 11704 11036 12023 -9191 END
START -940 10056 12776 5861 13335 -9444 END
START -3172 9644 13948 5047 9753 -4759 END
START -4872 9088 15208 555 7455 -1524 END