START 3924 -1476 15600 -6150 -6159 2066 END
START 3160 -644 16656 -5830 -5620 3049 END
START 3356 -716 15488 -6067 -4287 2536 END
START 2664 -564 15812 -5167 -3258 1113 END
START 2164 -860 15008 -3688 -2628 199 END
START 1744 -1164 13604 -2952 -1282 -794 END
START 1504 -1164 12432 -1721 -642 -938 END
START 1588 -876 11572 -585 236 -883 END
START 1888 -496 10956 243 1405 -331 END
START 2016 204 10676 558 2626 522 END
START 1644 936 10212 335 3624 1017 END
START 1608 1364 10120 17 4338 1327 END
START 1996 1600 10016 -543 5279 1404 END
START 2192 1624 10016 -1521 6642 978 END
START 2032 1372 10368 -2357 7902 200 END
START 2164 1188 11012 -3131 9219 -428 END
START 2108 952 11768 -4197 11127 -813 END
START 2124 928 12080 -4725 13312 -805 END
START -584 556 14372 -4173 19248 494 END
START 60 1704 12464 -4691 18577 -1164 END
START 1788 652 13720 -4239 22356 1290 END
START 1424 260 13716 -588 22697 4313 END
START 2700 1320 15064 -1098 24762 4356 END
START 1512 856 13728 -1266 27490 3786 END
START -1268 1172 12504 -40 29058 1653 END
START -500 1644 18576 -10796 32767 -4402 END
START -1120 -3380 15740 -15588 32767 -1056 END
START -3444 -5396 17360 -3351 32767 8780 END
START -9324 -3312 15096 -7417 32767 517 END
START -11564 -2660 13876 -14234 32767 -6126 END
START -11800 -5216 15464 -10734 28430 -4396 END
START -13540 -3736 19684 -5420 20830 -566 END
START -14400 -5620 20580 -7282 18988 -4000 END
START -12548 -7868 21612 -6660 16944 -4313 END
START -13816 -7144 20376 -2578 13212 448 END
START -14392 -5316 19832 2060 8004 5011 END
START -14232 -3172 20264 3891 4010 6357 END
START -13640 -2220 19464 4409 1078 5947 END
START -13744 -1568 20080 3059 -706 3291 END
START -13180 -1024 20504 1326 197 -3 END
START -13056 -912 21032 -83 1768 -2595 END
START -13196 -2176 19784 -1182 1806 -3851 END
START -13964 -4036 18652 -588 -588 -2898 END
START -14684 -5640 18024 959 -4327 -1339 END
START -14972 -6392 17916 2851 -9372 414 END
START -14480 -6824 17632 6005 -13474 2819 END
START -13812 -6648 17260 9956 -16064 5166 END
START -13580 -6868 16668 13534 -17474 5324 END
START -9588 -7960 15200 17066 -20661 7073 END
START -14732 -4840 13744 19158 -27407 5914 END
START -12248 -6508 12948 17581 -30480 2756 END
START -10492 -7120 11672 17770 -32768 -168 END
START -6944 -5892 9216 22719 -32768 1403 END
START -4040 -1876 10772 24750 -32768 1883 END
START -2924 1916 11852 22969 -30773 1846 END
START -456 3420 15156 19072 -26893 -1360 END
START 424 3660 15916 11625 -22136 -7683 END
START 2060 1256 12932 10336 -18880 -9665 END
START 2332 40 13100 12398 -15447 -7392 END
START 2888 -604 10984 15500 -11055 -2269 END
START 1796 1096 9920 16879 -7155 128 END
START 1424 288 8688 20033 -2897 2103 END
START -960 5212 7812 20550 -4023 -228 END
START 736 6044 11272 20522 -4549 -3281 END
START 2252 7092 12112 17796 -1664 -6662 END
START 2760 8760 11712 16088 1576 -7687 END
START 2332 10860 11272 15419 3712 -6475 END
START 1632 12372 11664 14519 4363 -4889 END
START 528 15436 13412 12222 4605 -4318 END
START 836 16228 13532 9201 4919 -3212 END
START 2888 16252 14092 6211 7020 -2148 END
START -1792 15932 14500 3269 7536 -451 END
START 780 16564 13456 4856 5760 1627 END
START -464 16972 18368 -1516 7568 -1566 END