START 2756 -2644 10868 -79 3631 -1546 END
START 2424 -2104 10236 44 6752 -1970 END
START 1236 -2508 10296 1036 12461 -701 END
START 1048 -1044 8636 778 9773 -1188 END
START 560 -1484 7928 1100 9277 492 END
START 868 -448 8028 697 8571 1803 END
START -256 104 8784 591 8399 2130 END
START -452 576 9420 -975 8720 1509 END
START -760 844 10008 -2654 9331 565 END
START -564 784 9872 -2675 10221 542 END
START -488 800 10044 -3036 12038 870 END
START 580 236 10008 -3972 14561 1173 END
START -32 356 10656 -4464 16753 1702 END
START 692 496 11120 -4823 20169 2174 END
START 500 360 11124 -5979 23081 3062 END
START 144 1332 9756 -5117 24534 4032 END
START 1116 568 10216 -3644 29418 6792 END
START -1496 304 10720 3619 32535 10159 END
START -3928 1816 13328 1742 30299 5588 END
START -4288 1056 13308 -1160 32767 2629 END
START -7528 1048 15460 -2672 30551 -1306 END
START -8308 -744 15988 -1946 30254 -106 END
START -8080 864 20712 -7392 24461 -2106 END
START -10844 344 22256 -5479 19347 -1584 END
START -9968 136 24004 -3665 17970 2041 END
START -11640 -372 26344 -3287 18113 1674 END
START -12980 604 27212 222 16861 598 END
START -13672 1028 26300 721 15636 -111 END
START -14404 24 25376 -715 11982 -1277 END
START -14644 232 24692 -419 8973 -22 END
START -14928 844 24324 -287 6963 732 END
START -15220 1664 24124 670 4837 1749 END
START -14784 2280 23584 887 3326 1597 END
START -14184 2356 23040 61 1718 568 END
START -13688 2624 22472 -1546 465 -648 END
START -12940 2120 22160 -2515 -531 -738 END
START -12700 1764 21384 -3208 -1545 -470 END
START -12268 908 20904 -3893 -2958 38 END
START -11660 -480 20904 -3649 -3893 820 END
START -12056 -1176 20608 -3498 -4435 881 END
START -12556 -1768 19436 -2538 -5941 916 END
START -12980 -2140 18720 -1527 -8927 953 END
START -12684 -2760 18596 -862 -11822 343 END
START -12088 -3700 18996 -751 -13907 -1439 END
START -10956 -5408 18740 -608 -15782 -3351 END
START -11096 -6588 16708 1769 -17882 -3147 END
START -9760 -5256 13868 5962 -19690 -981 END
START -7520 -3724 12140 9104 -20146 987 END
START -5472 -2292 10724 10481 -19630 1279 END
START -5616 -532 8060 11704 -14379 4215 END
START -3572 476 8640 8033 -18909 -1706 END
START -2440 64 8640 6898 -17288 -3793 END
START -1440 -436 8028 6532 -13945 -2738 END
START -124 -248 7744 6274 -12438 -3471 END
START -44 -308 7160 6682 -9744 -2157 END
START 1368 -164 7232 7285 -6961 -940 END
START 2140 456 7044 7630 -3475 35 END
START 2488 1552 6888 7662 -109 559 END
START 2768 2784 8144 7678 2614 712 END
START 2600 3376 9932 5813 5629 370 END
START 1012 2316 11408 2983 7754 -427 END
START -1248 1148 14316 -112 8004 182 END
START -9008 -1612 18016 -1628 8432 497 END
START -9328 -5444 18904 -21 3793 350 END
START -10000 -7104 21892 4767 -322 1327 END
START -11160 -4508 24756 11131 -5257 1219 END
START -10560 -2216 25540 13779 -8643 -1864 END
START -9000 -864 23704 13466 -11459 -5509 END
START -7280 1408 20744 11976 -12451 -7765 END
START -4320 3520 17420 15907 -11281 -5171 END
START -3504 6272 15308 19948 -9786 -1604 END
START -2896 9336 14272 21224 -8051 1438 END
START -1220 11068 14352 18218 -6849 2458 END
START -1296 12764 13744 15874 -5860 1931 END
START -612 13156 12900 11171 -5286 643 END
START 620 12832 12484 8503 -4234 -112 END
START 1028 13352 12580 6693 -2899 77 END
START 1648 14216 12956 5056 -711 -787 END
START 1576 13412 12752 2361 1923 -2567 END
START 1096 13156 13220 672 3359 -3876 END
START 760 12484 11804 -1264 5539 -3981 END
START 560 11968 13744 -1034 6798 -3114 END
START -1532 12716 15712 -1128 6317 -1778 END