START 3208 -112 13780 -8937 -104 -1014 END
START 2016 420 14104 -5374 -1809 2655 END
START 2240 1324 14056 -4921 -1292 3663 END
START 1456 2284 15080 -5140 658 1061 END
START 1820 2088 15488 -5690 2110 -1366 END
START 1512 800 14460 -5645 2846 -2416 END
START 1316 -316 14360 -5160 3456 -2433 END
START 900 -756 14072 -4607 4737 -2313 END
START 184 -1804 12580 -4003 5684 -1566 END
START 68 -1976 11700 -3118 6689 -91 END
START -136 -1476 10804 -2161 5684 1468 END
START 0 -556 10732 -1356 4726 3118 END
START 84 420 11732 -1522 4760 2979 END
START 516 532 11912 -2768 5590 1658 END
START 988 304 12384 -3537 6724 741 END
START 1164 412 12712 -3072 7630 640 END
START 2156 124 12920 -2551 9657 117 END
START 2328 292 13572 -2023 12991 -458 END
START 1480 -164 12272 949 16529 -6 END
START 1788 -112 11956 1607 20772 -300 END
START 768 120 10064 2053 24868 -1306 END
START 1364 -220 8972 892 27817 -1215 END
START -268 -352 7652 593 29656 1365 END
START -2024 -1000 7512 1716 30201 5171 END
START -2772 148 9320 7 31044 6655 END
START -6792 -68 9300 6112 29114 8778 END
START -5452 1548 11080 6952 27543 9696 END
START -6672 3492 13976 7460 25706 7608 END
START -8140 3396 15372 3736 24424 5191 END
START -8984 2712 19556 -296 22321 -29 END
START -10744 1512 18916 -4071 20995 -5712 END
START -11384 764 20748 -6223 18316 -6455 END
START -10388 -212 20688 -7382 16281 -4360 END
START -10508 -1352 21556 -3225 15348 -579 END
START -12036 -1024 23084 800 14156 2547 END
START -13328 -336 23500 2000 12810 2502 END
START -15128 232 23304 2327 8894 1975 END
START -14360 224 23176 1939 6651 3276 END
START -16076 1960 23788 1553 3504 3492 END
START -15632 2288 23808 589 1839 2064 END
START -15504 1776 23300 -462 -264 127 END
START -14804 904 23520 -1344 -2182 -1969 END
START -14640 -900 23528 -1921 -3602 -3522 END
START -15028 -2744 22736 -1949 -5994 -4148 END
START -15096 -4340 21032 572 -8637 -2522 END
START -14732 -4632 19956 4158 -11764 769 END
START -14416 -4688 18384 7246 -15175 2026 END
START -14016 -4404 16480 8986 -20053 2534 END
START -13068 -5280 14256 11744 -24518 2239 END
START -10216 -5724 15388 14801 -20399 4281 END
START -8052 -3612 10292 15065 -30225 238 END
START -4404 -3620 9348 15942 -31323 -23 END
START -5036 -2800 9816 16324 -26620 1129 END
START -2732 -464 6636 15771 -23206 1268 END
START 300 2916 8892 15722 -22190 2144 END
START 144 4352 8108 16979 -19324 2197 END
START 1376 5632 11072 14416 -15003 -723 END
START 2108 3760 10664 14789 -9117 -3235 END
START 1092 2928 9732 15272 -3725 -3661 END
START 632 2304 6016 17661 280 453 END
START 92 4240 4712 21615 2191 6711 END
START 908 7048 3452 24576 5131 9967 END
START 188 10868 7516 24153 5356 10493 END
START -316 13264 10656 20404 2907 8502 END
START 1060 13264 13144 14189 2715 5014 END
START -3272 10600 14900 6103 1055 -2398 END
START -2748 9688 14468 4573 -2161 -3225 END
START -3104 10020 15368 4936 -3285 -2112 END
START -2452 12756 16616 4947 -3616 161 END
START -2148 15308 19520 2029 -410 1031 END
START -2548 17696 21192 1825 1416 2801 END
START 5104 21024 14960 -6 2545 1963 END
START -1808 19656 17708 2305 10039 1097 END
START -3276 16576 18188 -351 7478 -3876 END