START 4796 -2272 11476 -712 113 1669 END
START 2980 -2468 12312 -363 -138 2433 END
START 3000 -1524 11316 374 505 1570 END
START 2188 -3244 11748 -304 1793 265 END
START 3576 -1680 9892 -1143 3706 -1778 END
START 3832 -1628 10940 -152 4656 -1600 END
START 3464 -1648 10200 -77 5955 -1488 END
START 3148 -1484 10216 378 7272 -751 END
START 2344 -1032 10512 842 8845 158 END
START 1960 -336 10248 780 9813 624 END
START 1248 200 9928 576 10888 736 END
START 812 636 9916 -303 12066 573 END
START -4 1016 9884 -1214 13013 242 END
START -1364 1172 10156 -1963 16910 81 END
START -3080 -120 9300 -2349 16421 -1444 END
START -1636 -456 9076 -2037 16858 -2241 END
START -1420 -1628 9756 -884 20041 -1747 END
START -268 -1792 10368 1810 22197 -248 END
START -752 -1000 10700 2879 24064 910 END
START -1408 256 11756 4390 25749 814 END
START -1684 -52 12152 2821 26944 -535 END
START -1212 -1052 11564 4725 28700 1139 END
START -2396 -812 13856 3227 32767 2127 END
START -2616 -908 17436 -33 32767 1012 END
START -5120 552 19696 -2538 32767 393 END
START -9160 -840 18440 -2803 32767 10 END
START -12608 -1336 17708 651 32767 4401 END
START -16912 1108 20124 3260 27411 6556 END
START -18412 2888 22004 1537 19585 3940 END
START -17344 2808 24344 1227 13618 2188 END
START -16996 3040 28660 -1989 6914 -4329 END
START -14948 2324 28112 -5972 9885 -5598 END
START -13892 212 26472 -6298 11518 -5164 END
START -14600 -1556 24032 -3197 10562 -2160 END
START -15156 -296 23200 1730 8408 1894 END
START -16252 992 22324 1605 4407 2697 END
START -16624 2288 21924 253 -991 3116 END
START -16684 2948 22508 -397 -4648 3491 END
START -14808 2804 22876 -1897 -6624 2335 END
START -14984 1576 22896 -3705 -7641 -135 END
START -14368 8 21780 -4357 -9402 -1256 END
START -13972 -1608 20720 -3920 -10829 -1688 END
START -12856 -2128 19100 -1787 -12785 -345 END
START -12124 -1948 18300 -28 -14881 1399 END
START -10956 -1344 18056 1110 -17027 2981 END
START -10188 -1516 19316 350 -19268 3160 END
START -10260 -2816 19368 -622 -20281 1752 END
START -10624 -3812 17692 -1183 -21134 -62 END
START -8364 -4288 15768 1014 -17469 3961 END
START -10812 -1088 11848 5393 -25439 2665 END
START -6496 -1568 11048 4728 -25862 699 END
START -5128 -1140 11636 2484 -27442 -3585 END
START -1872 -2912 12372 1211 -28054 -8143 END
START -1108 -3812 12816 -1104 -24440 -12382 END
START -592 -4780 10188 -682 -20023 -13179 END
START -1016 -5804 8132 6605 -16819 -12304 END
START -960 -6672 10252 9946 -15047 -14366 END
START -756 -8056 10476 15061 -15660 -15789 END
START -428 -7924 12572 17871 -16531 -17222 END
START 564 -5892 12892 19465 -14269 -17364 END
START 1360 -3404 11632 22151 -9965 -15958 END
START 2212 460 12224 22543 -5672 -13079 END
START 1864 5304 10580 20098 -25 -10446 END
START 948 10028 9664 18326 3743 -8995 END
START 540 13528 9588 17890 4852 -6982 END
START 516 13944 9940 15786 5888 -6195 END
START -1000 13104 7828 12319 5672 -5946 END
START 504 10712 10676 6872 9076 -3045 END
START -564 9904 10580 2217 6306 -513 END