START 2388 -4080 7416 -9373 6501 -364 END
START 428 -2472 7288 -3479 8380 2668 END
START 428 116 6692 -1542 9861 3825 END
START -252 20 6152 -875 10934 3635 END
START -2080 1276 7552 -1594 10601 1912 END
START -400 -196 6932 -3681 11453 325 END
START -2972 -920 8392 -5889 12297 -1808 END
START -3064 -2928 7400 -7172 14214 -2504 END
START -2608 -4260 6952 -5908 15527 -998 END
START -1820 -4148 6916 -3412 16910 2135 END
START -1620 -2680 6600 -1445 19319 5401 END
START -1424 -1536 6296 247 21527 7904 END
START -2148 16 6184 1168 23854 9000 END
START -3188 1212 6076 1193 25239 9091 END
START -3788 1876 6216 1135 24432 8146 END
START -4524 1504 7452 -1474 22911 5518 END
START -4996 772 8112 -4791 23165 2363 END
START -5288 368 8656 -7848 21922 -1578 END
START -4428 -944 9004 -9267 24327 -2585 END
START -4236 -528 9040 -8312 25998 -3295 END
START -4988 -1044 10240 -6183 27787 -1028 END
START -7912 -588 13352 -6267 24488 -2236 END
START -7184 -4128 12240 -1882 22431 2303 END
START -8216 -3208 17540 -1444 16972 4590 END
START -10368 -2364 20512 -6510 18050 3497 END
START -12060 -2544 22128 -7960 17636 5143 END
START -13776 -4808 25084 -2697 18679 3657 END
START -17852 -2944 23436 1337 21062 2984 END
START -20524 -1536 22612 2530 16260 1542 END
START -19968 -1800 24204 1670 9717 2309 END
START -20756 -1212 25836 1680 4315 3119 END
START -19232 -468 27744 241 668 1397 END
START -18604 52 26884 103 -1098 2048 END
START -17824 -648 25236 1720 437 3234 END
START -18436 -468 24180 2509 -951 2878 END
START -17840 -368 22668 2462 -982 2449 END
START -17376 -328 21020 1395 -2383 1800 END
START -16948 -508 19396 596 -4913 2113 END
START -16060 -180 18520 650 -8219 2954 END
START -14724 336 18560 509 -9703 3186 END
START -13848 -204 18712 409 -10386 2810 END
START -12508 -1576 18440 -917 -9859 389 END
START -12212 -3648 17832 -726 -9768 -1623 END
START -11796 -6156 17604 911 -10575 -2503 END
START -11320 -7152 15800 3410 -10889 -2241 END
START -10448 -8208 15256 8157 -8272 2180 END
START -11356 -6192 13480 12366 -14178 2788 END
START -8912 -6204 13144 14183 -15600 2313 END
START -9020 -5512 13284 15038 -18738 -443 END
START -7156 -4964 12924 16351 -19110 -2740 END
START -7092 -4144 11552 16417 -18507 -4694 END
START -7228 -4316 9908 15661 -18248 -5257 END
START -7280 -3648 5988 17831 -16970 -1952 END
START -6524 -2540 5672 22145 -19795 1428 END
START -6680 1004 7756 23879 -21061 3097 END
START -4952 3476 10292 21247 -21283 4440 END
START -5496 5884 11636 17082 -21899 2020 END
START -2516 7440 13020 15383 -20336 -808 END
START -752 7188 14728 12990 -16044 -6640 END
START 976 4692 11192 11345 -10086 -10936 END
START 2292 4104 9680 15793 -6935 -7476 END
START 2872 6176 9380 18948 -3980 -1296 END
START 2404 8384 10240 18520 -1404 3169 END
START 908 9784 9748 14975 963 3437 END
START 12 10536 9192 11952 1408 1780 END
START -1028 10544 8368 9077 997 -915 END
START -1352 11152 9032 7511 633 -4035 END
START -708 12132 10780 6275 1762 -7588 END
START 96 12588 12644 5371 4385 -10681 END
START 676 10892 13060 4451 6683 -12275 END
START 4 9384 12672 4640 7728 -12181 END
START -1048 8944 12428 4941 8171 -11294 END
START -1696 8692 12164 5615 9006 -9009 END
START -3540 10284 13620 5406 9652 -7196 END
START -5152 12556 15328 6070 9107 -4226 END
START -7476 14452 16184 4052 8591 -5277 END
START -8628 14336 17316 1394 6582 -7079 END
START -6988 14388 18028 -1454 5299 -6494 END
START -10380 13444 16668 -2208 5897 -2427 END
START -8548 12048 18184 -1855 4649 -741 END
START -10472 12336 18172 -1746 1037 2092 END