START 1088 -4244 12488 -4068 804 -548 END
START 488 -3644 12524 -1666 935 -330 END
START 872 -3368 12336 -549 1573 -1003 END
START 1476 -3280 11952 83 2259 -1517 END
START 1948 -3120 11648 529 3580 -1616 END
START 1964 -2424 11204 1125 5220 -1006 END
START 1636 -1524 10224 1550 6939 -80 END
START 1240 -672 9136 2028 8529 670 END
START 972 408 8356 2170 9967 1402 END
START 944 1352 8292 1661 11143 1863 END
START 228 2092 8504 139 11797 1961 END
START -1316 2012 9728 -1159 13893 2808 END
START 148 1004 9384 -3546 14571 2124 END
START -388 84 9716 -5414 14785 962 END
START -888 -588 10216 -4721 16075 434 END
START -1344 -1176 10604 -3327 16906 990 END
START -236 -2064 13084 -1041 18167 2656 END
START -1100 -2196 13632 3319 17876 4692 END
START -2416 812 16496 -1674 18435 3925 END
START -3116 124 19128 -2204 18934 2810 END
START -3968 -912 19552 -2495 17061 2122 END
START -4712 -1372 20852 -3818 15631 440 END
START -4128 -2716 21324 -2823 14080 -175 END
START -5432 -2164 23828 -1308 13069 1433 END
START -5476 -2300 25340 -140 12043 1876 END
START -6136 -2548 27660 -601 11325 1664 END
START -7580 -1568 27032 -763 9504 1749 END
START -7380 -1544 26524 -298 7332 1842 END
START -7400 -900 27140 371 5350 2183 END
START -7484 -524 27236 186 4074 1414 END
START -7904 -436 26620 -409 2659 595 END
START -8248 -480 25956 -573 929 102 END
START -8428 -948 25536 -656 -509 -127 END
START -8528 -1076 24728 -881 -2052 -272 END
START -8472 -896 24056 -949 -3736 -374 END
START -8016 -756 23620 -1614 -5113 -926 END
START -7456 -1200 22768 -1797 -6157 -704 END
START -6836 -1636 21976 -985 -7239 89 END
START -6676 -2372 21820 -1204 -8235 -519 END
START -6352 -3700 21056 -1671 -9056 -1892 END
START -6436 -5480 19920 -499 -10035 -2225 END
START -6072 -5892 19212 880 -11202 -2354 END
START -5912 -5848 17636 3391 -12300 -1916 END
START -5212 -6276 17072 5464 -13559 -2384 END
START -5016 -7048 16464 6397 -14635 -4687 END
START -3540 -7852 16848 9329 -10750 -4996 END
START -4648 -6660 13688 11906 -16547 -9691 END
START -2832 -6528 12452 13968 -16591 -12326 END
START -1068 -5528 11948 14231 -15937 -14076 END
START -184 -3960 9864 14573 -13408 -13842 END
START 920 -1844 9004 15062 -11299 -13342 END
START 1944 476 8388 14452 -8439 -12713 END
START 2156 2136 8608 14288 -5098 -11702 END
START 2804 2528 9080 13115 -2212 -11911 END
START 1812 1940 8748 13257 101 -12684 END
START 1376 1116 9744 12724 1338 -11723 END
START 544 2480 10236 11614 2701 -9180 END
START -552 5660 11156 11611 2612 -5160 END
START -1328 9696 14208 10294 2585 -4501 END
START -1672 10652 15036 7038 3140 -6134 END
START -2268 10564 16268 4341 2791 -7272 END
START -2336 9296 17420 2372 1985 -5811 END
START -2856 8116 17300 1050 1234 -2540 END
START -2028 9044 17536 890 970 333 END
START -2276 9836 18380 867 1027 1910 END
START -2072 11288 20012 -344 1332 3595 END
START -3012 10460 17628 -1771 344 4535 END
START -2476 10140 17260 -2387 3038 2995 END
START -1244 9472 18980 -2234 2788 2239 END
START -2192 7448 19284 -3222 2296 2226 END