START 4364 -1164 15084 -6186 -2446 -2329 END
START 1680 -2452 14160 -4581 -1637 -1137 END
START 880 -2636 13344 -4779 394 -2553 END
START -480 -3552 11240 -3977 1103 -2736 END
START -1056 -3708 10160 -2344 1846 -2465 END
START -1180 -3164 8816 -420 2138 -1194 END
START -820 -1696 7892 738 2505 -393 END
START -284 -684 8096 1442 2796 -62 END
START 260 -52 7996 1028 3258 31 END
START 448 424 8128 -103 4226 -453 END
START 716 104 8312 -1443 5700 -1078 END
START 944 -364 7632 -1842 7514 -1425 END
START 732 -500 7732 -1957 9516 -1448 END
START 1220 -368 7140 -1845 11902 -1463 END
START 808 -436 6880 -1429 14333 -1410 END
START -928 -296 6132 -1270 17227 -1205 END
START -1360 -904 5616 -775 18494 -518 END
START -5208 -328 6804 -1701 21138 -384 END
START -4200 -960 5856 -1842 21705 833 END
START -4736 -16 6196 -1007 21496 1605 END
START -4800 -356 5820 855 22390 4644 END
START -6096 236 8736 4921 21723 8063 END
START -7012 1856 9924 2809 20690 6353 END
START -7668 1172 12044 -1168 20016 1443 END
START -9092 448 12532 -3133 15982 -1860 END
START -7548 -892 15292 -2329 15215 -475 END
START -7432 668 18080 -1771 12708 482 END
START -7152 2104 19360 -1239 14372 4703 END
START -6912 3628 24380 3209 8101 4060 END
START -7956 2696 25964 -250 10045 1224 END
START -8188 1008 29640 -1973 13576 900 END
START -7188 -2252 32767 -2489 12569 -237 END
START -11236 -2144 32312 -910 13730 2020 END
START -11072 -1076 30668 3401 11396 5500 END
START -12352 1068 29688 6890 9685 7721 END
START -14716 3640 29932 8991 4191 8667 END
START -12804 4852 30136 5037 2102 6729 END
START -13348 4540 30576 -1665 532 1560 END
START -14016 2516 28944 -4243 -1378 -485 END
START -13328 456 27956 -3451 -3320 -284 END
START -13240 -596 26692 -3203 -5489 -1829 END
START -13404 -768 25088 -3348 -8736 -3916 END
START -15668 -1144 25408 -3854 -7602 -4218 END
START -12092 -1292 22272 -2921 -12878 -3771 END
START -10752 -2676 21632 -1071 -13565 -1354 END
START -10876 -2448 19744 -692 -14213 -1352 END
START -7892 -5412 19064 716 -14902 -914 END
START -8296 -6460 20132 2215 -14158 -2091 END
START -8036 -6464 16016 4352 -15695 -3881 END
START -6368 -7120 14204 8560 -16377 -4080 END
START -5112 -5332 12384 11386 -14837 -2707 END
START -5320 -5644 14024 11594 -18067 -6534 END
START -4092 -5688 13896 9430 -18041 -9305 END
START -3916 -7624 12088 9948 -16787 -11626 END
START -2696 -7540 9552 14531 -15387 -12275 END
START -1556 -6000 7664 18540 -13785 -12243 END
START -564 -2348 6916 20265 -10630 -13640 END
START -288 1056 5404 19976 -8615 -13547 END
START 204 2428 7536 19531 -7833 -14486 END
START 140 3244 6896 17562 -5992 -15501 END
START 2652 4184 6624 17450 -3911 -13532 END
START 540 6712 7460 18147 -2 -9497 END
START 472 9404 7240 16897 3120 -7214 END
START -1364 11760 6624 15840 5394 -4787 END
START -1328 14276 6992 15161 6504 -2832 END
START -1908 16144 8592 10808 7666 -2248 END
START -2944 15952 8484 7917 7586 -2791 END
START -2036 15200 12000 3100 7943 -2690 END
START -3784 14024 12744 -3750 7301 -4267 END