START 5076 -56 13552 -5694 -1178 -2468 END
START 4256 -780 13660 -3692 -165 -271 END
START 2932 164 13740 -2140 347 683 END
START 2976 520 13596 -2250 1724 120 END
START 2548 668 13448 -2848 3528 -1051 END
START 2524 180 11956 -3274 5138 -1933 END
START 3196 48 11160 -3003 6628 -2565 END
START 3064 -136 9524 -3464 8975 -3163 END
START 3036 -516 8072 -3000 9857 -2390 END
START 3016 -252 7720 -1808 10646 -1672 END
START 2728 412 7884 -545 11797 -1226 END
START 2308 932 8476 -281 12766 -1388 END
START 2372 952 8492 610 13916 -2750 END
START 2796 1552 10668 -912 14973 -5715 END
START 2844 1064 11548 -1788 18407 -8270 END
START 1216 1432 11740 -2851 20778 -11499 END
START 2412 248 11692 -3318 24766 -15275 END
START 1492 -1284 10636 -5391 32767 -15120 END
START 1384 -1684 10860 -11781 32767 -13796 END
START 1896 -3628 10024 -6780 32767 -6528 END
START -52 -3156 8360 -11353 32767 -3974 END
START -6408 -3092 10456 -14777 32767 -1725 END
START -9272 -3240 8680 -14566 32767 5381 END
START -14468 -1560 10992 -11897 31804 13182 END
START -16596 -204 12024 -10566 19682 16365 END
START -15816 304 16564 1807 8612 19274 END
START -16160 3708 17208 -1026 9323 10944 END
START -15892 3272 19568 -5538 14239 -2612 END
START -16308 1008 20280 -10316 14675 -12968 END
START -17464 -2640 18584 -10199 8729 -15031 END
START -15212 -5592 18500 -7401 1583 -11056 END
START -15668 -5252 20404 -4389 -2691 -4056 END
START -10980 -5676 21572 44 -1729 4485 END
START -13676 -2628 22752 2269 2221 7116 END
START -14216 -2156 22044 1949 5740 5270 END
START -15640 -1540 20116 610 5309 2961 END
START -15868 -1676 19636 -639 3284 1725 END
START -16456 -2340 19216 -1193 1665 553 END
START -16964 -3856 18336 806 -1221 851 END
START -17168 -4096 18292 3063 -5542 1415 END
START -17072 -4384 18520 4301 -9812 478 END
START -16912 -4520 17536 6327 -14052 -606 END
START -16668 -3516 16284 8554 -18436 -1734 END
START -16068 -1916 15212 9716 -24073 -2081 END
START -14744 -3920 14800 9236 -29212 -5046 END
START -14536 -6544 13192 8901 -32768 -7375 END
START -11292 -10316 8640 9134 -32768 -6603 END
START -10224 -7080 5596 17335 -32768 -2303 END
START -6544 -1476 8396 27398 -32768 6382 END
START -1040 5096 13760 20109 -32768 5934 END
START 1168 7892 20176 2863 -32768 -3447 END
START 2960 3692 19640 -9152 -32768 -13213 END
START 4012 -1724 16584 -9670 -28155 -17738 END
START 6636 -4088 19348 -2716 -17212 -17731 END
START 4940 -5584 15236 10728 -12162 -7470 END
START 4540 -1616 15264 14334 -2700 -436 END
START 1656 64 11476 14142 1842 -3733 END
START 332 1912 10576 15536 1590 -4962 END
START 304 2240 8920 15328 595 -6672 END
START -308 2164 8624 14152 1238 -8924 END
START -1864 2428 9964 14276 -1035 -13079 END
START -368 2572 11036 13532 -411 -15192 END
START 320 2144 11648 13464 3418 -17799 END
START 576 2896 11556 16634 4762 -16694 END
START 1984 6152 11540 17660 6920 -12279 END
START 4420 6028 9668 14650 11699 -8069 END
START 1460 6332 8380 11923 13036 -6771 END
START 256 7544 8528 11045 6548 -5077 END
START -984 7316 12916 9895 4264 -2549 END
START -2976 9644 15824 4377 4082 -2166 END
START -4312 10776 15548 464 3904 -1014 END
START -6304 13268 16388 785 2847 566 END
START -5552 16188 18116 615 739 1304 END
START -5036 16156 18724 -3667 1782 -194 END
START -5732 14012 17640 -6126 738 105 END
START -5076 10632 19012 -5359 1103 1827 END
START -4432 9780 20108 -5001 1391 3892 END
START 76 9844 20160 -3763 1103 3891 END
START -3420 10340 20260 -4665 1069 5739 END
START -2268 10836 21952 -4879 -1257 6626 END
START -1852 9784 22284 -6289 265 6383 END