START 248 -2348 10496 -3540 2757 -845 END
START 12 -1692 12344 -291 2266 955 END
START 1036 -300 13272 -161 3820 1242 END
START 776 284 14352 -2474 6646 -532 END
START 368 -48 13272 -5127 7657 -1642 END
START 280 -664 12484 -5019 8238 -2493 END
START 1440 -1532 11592 -6578 9619 -4932 END
START 980 -3136 10184 -6216 11566 -5947 END
START 1788 -3268 10100 -5217 13060 -4702 END
START 1444 -1872 10184 -3503 14959 -1953 END
START 412 -816 10484 -3374 17583 -337 END
START -28 -800 10392 -3167 19843 825 END
START -2728 800 11664 -5588 23691 -900 END
START -992 -344 10536 -5668 28317 69 END
START -796 -96 12292 -7640 32767 142 END
START -1888 -32 12788 -13226 32767 -3871 END
START -1964 -1012 9900 -18398 32767 -6063 END
START -5204 -3124 9496 -19131 32767 -7420 END
START -7180 -4076 9660 -14647 32767 -5813 END
START -10008 -3756 9176 -10623 32767 -2372 END
START -12212 -2556 9608 -10150 28182 1179 END
START -10720 -3964 14916 -10695 17067 1255 END
START -15400 -2564 18836 -11919 13403 -1442 END
START -11756 -5368 22348 -16613 20239 -5055 END
START -12572 -9176 21076 -15562 29843 -4665 END
START -15204 -9564 16360 -11594 30822 -2339 END
START -18508 -10132 16092 -6644 24619 809 END
START -20048 -9564 17572 -4663 17063 2156 END
START -22016 -9820 19352 -5175 11736 860 END
START -21072 -11188 18152 -2210 6984 3072 END
START -21840 -10316 17260 880 2885 4661 END
START -22792 -8552 15392 3349 -2215 3466 END
START -21272 -6720 14548 4829 -6160 405 END
START -19868 -6680 14492 4471 -8619 -3926 END
START -17948 -7384 13808 4573 -10843 -7449 END
START -15816 -8656 13384 5461 -12723 -8638 END
START -14828 -9828 13304 7537 -15015 -7173 END
START -14912 -12120 11916 10952 -17044 -5914 END
START -14840 -10948 11324 19385 -21590 -2100 END
START -12160 -12824 7808 26190 -28519 -187 END
START -13116 -10400 4496 32767 -32768 1512 END
START -10592 -4812 1940 32767 -32768 3023 END
START -8876 3392 6080 32767 -32768 3840 END
START -6028 2236 7500 32767 -32768 -3958 END
START -1976 -4584 5020 27815 -32768 -16565 END
START 6364 -8300 8972 30567 -32768 -16507 END
START 8044 988 22876 17615 -32768 -19978 END
START 13992 280 11172 31488 -23639 -547 END
START 16068 6592 27364 22684 -9474 5242 END
START 8524 6292 19944 17135 6709 -9018 END
START 3956 1740 9640 18530 9241 -13193 END
START 2384 4332 9380 19025 14776 -11907 END
START -4728 3356 6564 20767 16684 -2538 END
START -5640 5916 8124 19897 15594 -507 END
START -5908 12840 9444 18547 10006 -5434 END
START -6684 11304 8784 7987 2735 -9309 END
START -7528 10452 11324 4218 -1327 -11114 END
START -5608 11312 11928 6208 -3703 -8724 END
START -4184 12732 12556 3838 -3769 -6505 END
START -1748 10552 11932 1161 986 -2453 END
START -1800 9516 14352 221 7001 -924 END
START -3900 11240 14328 1275 7106 2431 END
START -5076 10232 13776 -1022 5759 5074 END