START 3480 436 22096 -9302 -7148 -1105 END
START 2104 -2900 20576 -9099 -5213 -1745 END
START 960 -4452 16496 -7758 -3353 -1075 END
START -304 -4476 12848 -3865 -2788 970 END
START 1156 -1724 11664 332 -3347 4538 END
START 2536 -96 13260 2443 -3078 5553 END
START 2808 1484 13936 149 -2468 3887 END
START 1960 832 14912 -2453 -2105 2459 END
START 524 -368 13632 -5644 -243 251 END
START -288 -2348 11516 -7392 2451 -212 END
START -1684 -4004 9140 -6912 3729 -838 END
START -2056 -4840 5348 -5055 6102 96 END
START -2684 -3284 5432 -3494 8809 -1086 END
START -396 -2876 2540 -202 8924 -1482 END
START -956 -380 3552 4049 8254 -533 END
START 388 316 4744 3376 6870 -1071 END
START 92 -232 5832 1864 6878 -1245 END
START 56 -928 6856 1119 7246 -434 END
START -652 -1388 8100 -422 10054 -1232 END
START 1100 -3320 6972 -6527 17511 -2980 END
START -300 -3128 6456 -1849 16881 -1062 END
START -292 -3780 6672 -2676 22000 336 END
START -2096 -2256 6244 -3377 26294 -51 END
START -3868 -1044 4696 -2850 27879 588 END
START -4444 92 5140 -4189 28836 1124 END
START -6680 724 5324 -5278 28333 2024 END
START -7044 224 6304 -6305 24583 2817 END
START -7928 -380 7536 -6733 19571 3073 END
START -8396 -920 9032 -6469 15366 3103 END
START -8356 -104 10676 -6765 10690 2630 END
START -7296 1188 13668 -7672 9765 2728 END
START -5976 -24 16580 1489 11653 6743 END
START -5856 1872 22732 721 16125 6196 END
START -8172 -288 21836 -5930 18253 -398 END
START -11940 -3648 19396 -7090 15025 -1012 END
START -9108 -3876 22268 -4434 10223 1751 END
START -8304 64 28352 -992 9547 3836 END
START -5532 -524 29800 1195 9679 3146 END
START -5468 -2076 27512 4679 14396 6434 END
START -10932 852 27792 4450 14094 5813 END
START -13768 -88 28192 -1545 13153 -508 END
START -14508 -2312 25360 -1673 10897 51 END
START -15628 -2456 24592 -292 8736 3337 END
START -14276 -1276 24076 1711 5177 6784 END
START -14296 1032 25356 2937 2896 8446 END
START -13912 2888 25300 1339 -597 6045 END
START -15448 2152 25612 -1816 -640 1870 END
START -16072 -612 25584 -4691 -2597 -1886 END
START -16308 -3196 24436 -5478 -4281 -3504 END
START -16340 -5016 22176 -4554 -6721 -4441 END
START -16660 -5772 20700 -2323 -6455 -4330 END
START -14596 -7116 19248 2256 -14283 -3008 END
START -11596 -8612 19416 4564 -17061 -1755 END
START -9976 -9072 18628 6118 -16880 -2758 END
START -8040 -9780 17604 10419 -13269 -231 END
START -9504 -7724 13860 15329 -15505 -588 END
START -10428 -5900 11768 18060 -17735 -2183 END
START -8872 -4220 8652 19232 -21066 -3324 END
START -8084 -1852 8628 18417 -24411 -5673 END
START -8356 96 8876 14398 -23293 -7524 END
START -8576 -584 6956 10935 -25019 -11898 END
START -5844 -2548 5880 12724 -28128 -15646 END
START -4652 -1328 8184 13613 -28139 -19066 END
START 108 -108 10656 14691 -25728 -22554 END
START 4396 -672 13392 14033 -21367 -22249 END
START 5068 -3840 14856 19027 -16305 -17200 END
START 3968 -3336 13572 19464 -4500 -10535 END
START 3756 -520 9288 24744 4113 -172 END
START 764 6176 8184 26035 6313 5788 END
START -808 11420 7412 22896 6042 5642 END
START 1320 15420 6776 17690 7122 2860 END
START -1576 16184 7568 13663 2584 -3980 END
START 576 14684 10720 9175 -797 -9752 END
START 1924 10844 11328 6284 1483 -8764 END
START 772 10268 11812 5192 3301 -3326 END
START -1080 12784 12300 4757 5050 -35 END
START -2856 15688 12812 3445 5980 491 END
START -4384 16296 13996 530 4449 -1264 END
START -3052 14460 14692 -2057 2573 -2858 END
START -3372 12496 16832 -5382 4657 -4893 END
START -5208 11704 17224 -3416 3540 -2002 END
START -5296 11912 18520 -3951 3628 -488 END
START -3940 10932 18800 -1769 3663 5742 END
START -2136 13556 18968 -4798 4481 7428 END
START -7896 11940 23184 -5121 6233 6285 END