START 656 -2064 13532 -5189 4345 -381 END
START 1952 -776 13112 -4344 5388 -569 END
START 1676 120 13392 -4723 6725 -1176 END
START 1884 -408 12464 -5229 7792 -812 END
START 512 -372 12448 -5718 8814 31 END
START -104 -676 11924 -6046 9974 0 END
START -1108 -884 10968 -6249 9615 -617 END
START -908 -1352 10656 -5391 9432 -939 END
START -884 -1428 10764 -3914 9418 -1128 END
START 204 -1760 10820 -3573 10275 -1297 END
START -284 -1368 10776 -3170 11347 -1284 END
START 104 -1208 10604 -2911 13089 -658 END
START -416 -396 10792 -2739 14633 -1133 END
START 696 -948 9956 731 16778 1844 END
START 232 4 12044 1083 18077 2057 END
START -872 420 11284 250 20081 1793 END
START -216 -688 12632 463 21508 1811 END
START -784 -1564 9876 5198 23095 7276 END
START -5344 3228 14980 3389 23452 6103 END
START -4476 1248 13912 -2889 22493 -222 END
START -3460 -3020 11644 5673 21545 6556 END
START -4784 1184 18192 10927 18035 10923 END
START -4984 3556 20712 2232 19031 2435 END
START -6532 3880 21820 -4962 16335 -6847 END
START -6788 3508 21916 -11923 12408 -14415 END
START -7884 548 22264 -10357 12150 -10025 END
START -5008 -2132 24132 -3918 11600 -243 END
START -6700 -540 25288 957 11931 4287 END
START -8624 1116 26948 -1330 9454 2093 END
START -7148 1468 27824 -2468 10632 1995 END
START -8388 1008 26556 -1228 10362 2901 END
START -8780 1584 25420 -767 8997 3007 END
START -9940 2000 26244 -1370 7856 2497 END
START -11584 724 25324 -2363 5843 1410 END
START -12212 -292 24172 -3104 2471 582 END
START -12404 -1288 23436 -3578 -1150 -374 END
START -12276 -1556 22772 -2034 -5631 247 END
START -11584 -1384 23020 -1789 -8836 -550 END
START -10300 -2120 22372 -2361 -10977 -2571 END
START -9260 -3828 21312 -1661 -12419 -3499 END
START -8144 -5016 20252 -167 -13931 -2713 END
START -7108 -5972 19272 3012 -15217 -470 END
START -6960 -6208 19572 5239 -17208 937 END
START -7292 -6200 19320 6802 -18528 541 END
START -7644 -6840 18628 7802 -20125 -717 END
START -7952 -7024 16996 8713 -21625 -3067 END
START -3180 -6364 14052 8019 -16407 338 END
START -6844 -2672 11560 11312 -24248 -4096 END
START -2968 -2264 12072 12012 -24441 -6688 END
START -1320 -1792 10456 11054 -23793 -8413 END
START 148 -2972 12384 9262 -21815 -9855 END
START 172 -3644 11416 10458 -19989 -10566 END
START -224 -3588 10040 12661 -16568 -11129 END
START -536 -2864 9104 16709 -13036 -11632 END
START 752 -432 9280 20938 -10979 -10565 END
START 2164 620 11296 20468 -7669 -7853 END
START 264 3444 11628 18579 -4981 -9654 END
START 1244 2336 8976 16723 -1763 -10779 END
START 1564 3268 8828 18366 871 -9824 END
START -24 5160 9148 19729 2256 -9829 END
START -1296 7464 9604 20245 3256 -9886 END
START -1592 9720 9840 19850 3270 -9343 END
START -1640 11408 9676 18558 4279 -7271 END
START 80 15408 10136 16174 6025 -3612 END
START 3152 18924 10408 13137 8568 1695 END
START 484 21016 12432 11538 7317 6301 END