START 2464 -772 11020 -3452 1545 572 END
START 1316 -816 10744 405 1374 2470 END
START 2200 348 11444 349 2806 1441 END
START 2104 384 12044 -1861 5513 -1523 END
START 2308 -348 11032 -2500 7057 -2774 END
START 2132 -1036 9944 -3492 8647 -2681 END
START 1012 -2248 9304 -3205 9390 -1842 END
START 224 -2060 9592 -2042 9966 -787 END
START 124 -1608 9964 -2484 11723 -605 END
START -280 -1200 9956 -2229 13361 -281 END
START -556 -868 9384 -2330 16872 440 END
START -1192 660 9516 -2785 17805 -1243 END
START 116 84 8164 919 21781 1672 END
START -256 1336 8548 2648 24628 3570 END
START -1136 2708 9152 2897 26320 3715 END
START -3364 3128 10608 3262 27246 2698 END
START -5712 3416 11428 47 26589 937 END
START -5860 2832 13812 -3627 29493 365 END
START -6488 1408 13524 -7480 30046 -198 END
START -10128 1044 14876 -7622 29915 1011 END
START -11432 84 15064 -6347 23700 373 END
START -12920 -448 18152 -4298 20114 2851 END
START -13132 196 20744 -1422 15240 2249 END
START -10184 -428 22112 -2372 15846 215 END
START -13116 -480 25196 -4654 14389 -1924 END
START -14168 -120 26588 -6222 8868 -5671 END
START -10596 -2240 26564 -3483 10391 -71 END
START -11740 -1228 27520 -5061 10475 1219 END
START -12736 -1964 27452 -3681 10078 3394 END
START -15288 -1340 26820 -2301 9149 4968 END
START -16264 -876 24852 -1658 5738 5313 END
START -17232 72 24744 -1355 1433 4788 END
START -18000 804 24324 -2448 -2113 2103 END
START -17956 72 23968 -3169 -6016 -512 END
START -17064 -1028 23928 -3798 -9348 -2508 END
START -15312 -2308 23088 -3783 -11389 -4001 END
START -13764 -3888 21704 -3052 -13328 -4093 END
START -12796 -5048 19984 -1588 -15509 -3225 END
START -11792 -5524 17964 1279 -17408 -1205 END
START -10648 -4984 16440 4771 -18373 1360 END
START -9920 -4224 15416 7439 -19308 3543 END
START -9088 -4488 13900 10316 -15956 7503 END
START -9732 -4356 15680 7085 -21113 717 END
START -8244 -5908 15936 6461 -19435 -1920 END
START -7348 -6320 13564 7597 -19985 -3373 END
START -4176 -6240 11528 9166 -20415 -4123 END
START -3300 -5912 10476 12611 -22082 -4380 END
START -3204 -5620 10500 16188 -21841 -3607 END
START -3244 -4776 10600 16351 -20702 -4628 END
START -2984 -3780 10416 16955 -18769 -6173 END
START -2720 -2576 10032 19029 -17343 -6893 END
START -1724 -1492 10032 22050 -13933 -6156 END
START -952 -480 8524 21693 -11538 -9729 END
START -1564 1660 7084 23365 -10409 -11487 END
START 16 3484 7016 22603 -9940 -11552 END
START 1884 5360 7968 21613 -9347 -10867 END
START 3240 8032 9036 18682 -7064 -11111 END
START 4268 9812 9212 16837 -3673 -9774 END
START 3868 11940 9728 13719 -401 -9079 END
START 3548 12568 9676 10962 1914 -8401 END
START 2344 13136 10736 9523 2425 -6717 END
START 1288 14056 13032 7795 2077 -5988 END
START -608 14216 14504 5341 1722 -6793 END
START 208 13416 13856 2997 3091 -6467 END
START -1288 13408 14308 1485 4885 -6157 END
START -1804 13456 14196 -375 4440 -4763 END
START -3020 14080 15476 -2726 3410 -1656 END
START -3928 13524 16472 -4231 2957 555 END
START -3640 14172 17892 -5540 3299 2167 END
START -6136 12376 20232 -7451 3509 1787 END