START 4132 1428 13672 -1869 2918 -904 END
START 3192 1144 13384 -1039 3809 -1508 END
START 2092 676 14168 -2278 6940 -4124 END
START 1612 -808 12156 -3187 7620 -4540 END
START 720 -2516 10800 -3338 7385 -3589 END
START 736 -2888 10048 -1477 6578 -331 END
START 792 -1372 10612 -2129 7266 1603 END
START 296 184 10552 -1493 7142 3204 END
START -136 1312 11580 -1948 7162 3676 END
START 404 2160 12092 -3324 8072 2726 END
START 1108 2184 12576 -4283 9843 498 END
START 2660 1952 13032 -3439 11776 -1198 END
START 3144 1876 13612 -1827 14482 -2866 END
START 4536 2592 14292 -568 18710 -4536 END
START 4136 2952 15008 614 24609 -7243 END
START 1980 1100 9296 -2308 28742 -10243 END
START 4248 1652 15152 -12182 32767 -11035 END
START 3324 272 12360 -16802 32767 -9484 END
START 3012 -560 12244 -16003 32767 -4882 END
START 1080 -1648 9988 -26531 32767 -7999 END
START -376 -2484 6632 -29814 32767 -6873 END
START -6252 -1612 10152 -24726 32767 -976 END
START -9844 -2500 9280 -20607 32767 381 END
START -13216 -4648 9296 -15897 32767 2531 END
START -16036 -3204 11184 -8574 26506 3215 END
START -17904 -2348 15452 -6600 22108 445 END
START -17136 -3664 15548 -8358 18166 -2274 END
START -20620 -3004 16384 -8651 9688 -3209 END
START -20812 -7204 16560 -5131 3279 -1750 END
START -19576 -7708 17848 -4062 -159 -570 END
START -17752 -8312 18244 -1134 -789 1937 END
START -18176 -7628 19000 353 -344 3155 END
START -18244 -7516 18292 1000 -1630 3398 END
START -18412 -7164 17912 2084 -3603 3510 END
START -18340 -6620 16908 2570 -5928 3158 END
START -17864 -6776 16180 3145 -8845 2869 END
START -16860 -7648 16020 4827 -11422 3140 END
START -15536 -8320 15556 6837 -12933 2914 END
START -14468 -7924 14900 9805 -15009 2926 END
START -14180 -5048 14864 13571 -17452 3193 END
START -12620 -5052 14456 13232 -19923 2563 END
START -12520 -5384 14048 12100 -22975 1181 END
START -10252 -6984 12988 11135 -25882 -378 END
START -9368 -7964 11880 14303 -28561 1092 END
START -7452 -7476 10316 20901 -28756 5714 END
START -5768 -6776 8992 26260 -29888 9093 END
START -5604 -4484 8776 31063 -28722 12395 END
START -3828 -1740 8028 32386 -28769 14119 END
START -4388 -664 7184 30353 -30725 12846 END
START -2648 -356 7060 26425 -28998 10444 END
START -4124 1420 6664 26673 -29557 4599 END
START -1596 3780 8560 29947 -27174 1227 END
START -1312 6144 11712 26359 -22348 -5930 END
START -232 3656 11128 18577 -19371 -12868 END
START 104 496 12024 19285 -21054 -16167 END
START 1684 3256 15448 23296 -22950 -15040 END
START 2164 4260 16608 14341 -16194 -15542 END
START 2772 4592 15688 12106 -11686 -12517 END
START 2220 6848 13536 11597 -8084 -11795 END
START 2756 9248 11736 14898 -3915 -11804 END
START 4256 11080 13408 17970 -2644 -10876 END
START 3880 13376 13728 16820 -689 -7360 END
START 1992 15888 14052 14366 761 -3296 END
START 604 18268 13952 10758 2259 78 END
START -40 20400 13704 8363 4558 3425 END
START -548 23636 13344 5328 5088 1360 END
START -1260 23016 12884 675 6187 -293 END
START -716 21436 12268 -1456 6258 -3468 END
START -1084 19232 12932 -2449 5268 -3741 END