START 868 -656 16900 -5033 -2627 -1257 END
START 364 -1472 16284 -3984 -1657 -1147 END
START 864 -2088 15816 -2749 -588 -663 END
START 684 -2252 15072 -1208 166 -170 END
START 300 -1988 15012 575 637 485 END
START -184 -1468 14868 1200 965 520 END
START -1156 -976 14732 1365 1401 359 END
START -960 -604 14116 1014 777 302 END
START -648 -300 14340 -89 864 -21 END
START -480 -328 14476 -564 741 -165 END
START -264 -500 14568 -786 1020 -31 END
START -36 -500 14320 -1163 1614 187 END
START 68 -816 14264 -999 2205 692 END
START -56 -592 14128 -526 2763 932 END
START -116 -340 14140 135 3411 840 END
START -136 -104 14052 370 4050 446 END
START -196 -4 13920 95 4713 86 END
START -240 20 13560 37 5333 -24 END
START -572 32 13336 15 6023 45 END
START -924 212 12584 -183 7091 93 END
START -1144 428 11764 11 8231 372 END
START -976 600 10848 282 9220 568 END
START -1548 832 10496 16 10616 505 END
START -1844 392 10084 19 11879 1094 END
START -1048 392 11264 120 13842 605 END
START -572 444 11092 -1495 15793 660 END
START -1184 1268 11440 1066 17006 1833 END
START -2328 2564 11948 -1170 14066 -2706 END
START 504 -344 12400 -1381 19464 2481 END
START -2208 716 14228 -798 19322 3193 END
START -3724 996 15376 -1197 18606 2452 END
START -5372 1164 17232 -2378 16452 1496 END
START -4600 -524 18664 -1855 16481 2553 END
START -6176 312 21156 -1316 15562 1776 END
START -5064 656 20752 -633 8844 -2004 END
START -6624 28 23088 397 9515 657 END
START -7332 368 23624 1032 9681 1709 END
START -8828 744 24756 -330 7495 883 END
START -9092 1348 25260 -2083 3109 -488 END
START -8168 460 26292 -2153 5035 436 END
START -7836 -480 26052 -1435 4450 1870 END
START -8132 -1124 26108 -522 4083 3122 END
START -9284 -1292 26248 245 2593 3811 END
START -9176 -932 25348 740 2358 3935 END
START -9556 -308 24296 -112 681 2178 END
START -10160 144 23544 -1060 -1878 975 END
START -10028 216 22876 -2196 -4162 -442 END
START -9540 -52 22140 -3031 -6380 -1678 END
START -8748 -752 21712 -3717 -8495 -2905 END
START -7824 -1928 21712 -4235 -9980 -4626 END
START -7484 -3060 21380 -3774 -10740 -5653 END
START -7328 -5564 20840 -1901 -12014 -5284 END
START -2596 -6900 18752 -500 -12795 -4061 END
START -6272 -7440 19268 3558 -14593 -3121 END
START -5636 -7592 17132 7887 -13205 -1866 END
START -5616 -8284 15496 12193 -15846 -2325 END
START -5200 -8556 14080 12599 -17387 -5657 END
START -7824 -5484 10184 14839 -19341 -9350 END
START -6236 -5904 11108 21238 -21010 -13426 END
START -4448 -5268 11668 23708 -23599 -15233 END
START -2372 -5584 13020 20784 -20653 -20400 END
START -1040 -6928 10356 24992 -18255 -18541 END
START 12 -3632 12040 31609 -16048 -12614 END
START 1536 -1420 11160 29345 -9949 -10193 END
START 1244 196 8860 28166 -3889 -9358 END
START 892 1072 5924 31270 257 -5496 END
START -64 5056 6104 31946 1239 -2630 END
START -532 9516 5708 28951 1567 -3526 END
START -140 12292 5732 26135 -138 -1988 END
START -300 15004 6960 21996 -531 -1727 END
START -1248 15500 7004 17462 2455 -2237 END
START -612 17268 8184 13983 911 -4081 END
START -20 19024 10512 9829 1549 -5560 END
START 148 19064 11104 5767 2225 -5153 END
START 128 18588 11688 4417 1892 -2615 END
START -128 19448 12876 2331 2493 -666 END
START -68 19616 13684 -957 4166 341 END
START -1588 17856 13896 -3494 4684 1516 END
START -1184 17424 15372 -5801 5424 2444 END
START -1616 15992 14352 -9020 6290 4243 END
START -3560 14220 15388 -10333 4882 2605 END
START -3312 12268 15960 -8394 2193 1111 END