START -3772 10304 19548 -2178 -6413 -2488 END
START -4040 11060 20468 -1455 -7360 -761 END
START -3552 12188 21800 -2372 -7630 -299 END
START -3280 12692 23064 -2909 -8372 216 END
START -3612 12744 24080 -3544 -8553 652 END
START -4252 12104 23120 -3842 -8790 1189 END
START -4016 11376 21640 -3609 -9050 1897 END
START -3708 10984 20124 -2562 -9124 3498 END
START -3424 11208 19128 -1353 -9197 6094 END
START -3016 12292 17704 -838 -9297 8482 END
START -2856 12980 16748 -2050 -8933 9111 END
START -2368 13092 15580 -3821 -8518 9589 END
START -2332 11912 14244 -5575 -8011 9927 END
START -2536 10584 13172 -6972 -7314 10327 END
START -2064 8640 11424 -7849 -6143 11035 END
START -2340 7252 9892 -8430 -5261 11805 END
START -2240 5840 8696 -9164 -4403 11743 END
START -2200 4616 7824 -9571 -3822 11560 END
START -1392 3216 7616 -9462 -2963 11909 END
START -940 2476 7080 -10394 -1568 11135 END
START -528 1088 6464 -10176 -242 11200 END
START -472 -116 6412 -9399 1099 12396 END
START -216 -1232 6708 -8545 2714 13372 END
START -448 -2020 6972 -8179 4291 13856 END
START -788 -2496 7160 -8148 5609 13065 END
START -1404 -3556 7620 -8454 6881 11749 END
START -1588 -4656 7908 -8658 7633 10060 END
START -1984 -5728 8820 -8927 7986 8338 END
START -2184 -7012 9816 -9426 8308 6486 END
START -2920 -8728 11152 -9552 8158 4588 END
START -3224 -10184 12400 -8839 7746 3086 END
START -3516 -12156 14552 -8325 7620 1079 END
START -5276 -12932 16632 -7586 5955 -2899 END
START -5156 -15224 17444 -3347 7588 -2066 END
START -4280 -15172 20020 -2348 6833 -4958 END
START -4268 -14760 19020 1483 5333 -6986 END
START -3300 -14180 19372 5166 4359 -8196 END
START -2644 -12852 19208 8212 5370 -8672 END
START -2596 -10496 17676 10751 6981 -8538 END
START -3468 -7164 15452 13771 8082 -7727 END
START -4124 -3628 13952 16128 8391 -6564 END
START -4208 328 13228 16245 8469 -6079 END
START -3308 3696 13480 14713 8004 -6986 END
START -3684 5976 13532 11177 7255 -8543 END
START -3492 7256 13268 8312 6280 -9389 END
START -3368 7516 13864 5948 6214 -11133 END
START -2680 7228 13412 4290 6842 -12409 END
START -2316 7792 13440 5557 7756 -10816 END
START -744 10008 13440 8777 9052 -6719 END
START 208 12884 14060 11014 11058 -2184 END
START 364 15432 15308 12582 13008 3015 END
START 636 19340 16200 10104 12633 4729 END
START -1820 20344 18216 7393 10575 3520 END
START -2036 19296 18096 2924 12939 4414 END
START -3668 18100 18836 -1185 11786 4954 END
START -4112 15784 19464 -3657 11658 6849 END
START -5032 12508 20876 -2815 10238 9290 END
START -7300 10908 22344 -3873 7755 7419 END
START -8160 8064 23624 -9030 5777 1963 END
START -6636 4 23944 -8792 6335 5928 END
START -7916 -3024 26884 3728 6472 15420 END
START -9256 -3292 25988 1441 6962 12587 END
START -11528 -4340 24232 1641 4523 8034 END
START -12256 -4544 23476 3279 532 4527 END
START -11732 -4836 22036 5023 -1367 2726 END
START -10968 -3972 20616 5133 -558 1019 END
START -10056 -2756 18460 5536 -449 -1552 END
START -8180 -860 16260 6772 -1574 -1916 END
START -8348 172 17780 4703 -3270 -2943 END