START 1116 6208 10236 925 3550 -6574 END
START -2404 5504 10664 3210 5123 -5682 END
START -1544 5916 11320 3113 6464 -5067 END
START -1100 6116 11708 3088 6106 -4144 END
START -2372 7528 14288 3110 4936 -3133 END
START -3312 8652 16352 3029 4053 -1796 END
START -4412 10744 18348 1775 3101 -1975 END
START -4192 11356 20776 474 1989 -2094 END
START -4176 12244 22004 607 1100 -1645 END
START -9692 14228 23008 -1207 -5552 -2369 END
START -3760 13224 24520 74 -384 -404 END
START -3664 12924 25408 9 -449 1549 END
START -4956 13704 24228 299 -1066 3498 END
START -5144 14600 22276 793 -2425 5064 END
START -3948 15496 20692 207 -3960 5838 END
START -2448 16140 19700 -963 -5096 6498 END
START -872 16280 19596 -2215 -5610 7213 END
START -260 15392 19092 -4131 -5092 7953 END
START -648 13692 17960 -5536 -4484 9064 END
START -1424 12404 16148 -6363 -4142 9927 END
START -2284 10652 14392 -7597 -3991 10355 END
START -1856 9228 13208 -7456 -4204 11453 END
START -1480 8196 12204 -7290 -3777 12226 END
START -736 7192 11296 -6936 -2927 12271 END
START -856 6532 10156 -6554 -1859 12031 END
START -732 6192 9096 -6064 -507 12238 END
START -968 5776 8524 -6152 853 13076 END
START -1420 5316 7652 -6521 2216 13655 END
START -1696 4452 7452 -7272 3581 14131 END
START -2228 3452 6812 -8614 4825 14128 END
START -2568 2068 6604 -9981 5761 13588 END
START -2800 604 6424 -11471 6777 12411 END
START -3140 -1424 6256 -12277 7870 10884 END
START -3188 -3248 6568 -11765 9016 8830 END
START -3040 -4420 7016 -10807 9543 6090 END
START -2192 -7616 7928 -9019 10504 5554 END
START -3544 -8460 11024 -8806 11253 3597 END
START -4744 -9496 12428 -10153 12540 243 END
START -5924 -11372 13084 -8851 11574 -1515 END
START -6776 -12456 16540 -7405 9627 -3283 END
START -6944 -12780 18816 -6520 9764 -5237 END
START -7104 -14288 21656 -4614 7604 -7299 END
START -4972 -14524 24740 -3439 7451 -7726 END
START -5448 -15476 26256 11013 6040 -1022 END
START -4728 -11464 23464 8767 7041 -6402 END
START -11712 -8160 25108 6879 5360 -9013 END
START -7176 -5528 22512 11230 5937 -8505 END
START -8264 -3532 20020 15033 4181 -6522 END
START -8416 -252 17696 17032 2406 -5673 END
START -7772 3748 16544 15811 346 -6705 END
START -6244 7312 14836 14889 -1369 -7131 END
START -3812 8896 14656 12066 -2796 -9578 END
START -2344 9888 13756 11973 -2308 -9950 END
START -1104 10300 12608 9149 -78 -11374 END
START -736 10532 11236 8034 1474 -10804 END
START -876 10704 9948 7082 3391 -8202 END
START -1044 12296 9684 5200 4338 -7207 END
START -288 11940 8612 3232 4846 -5610 END
START 124 12080 9028 2299 5539 -4054 END
START 736 11752 9984 1255 6988 -3869 END
START 1700 11672 10780 1065 6322 -4312 END
START 1924 10856 12480 1995 9246 -2725 END
START 964 11576 13484 3062 12075 -332 END
START 552 12664 14932 4882 13604 2417 END
START -700 13608 15476 6601 15954 6569 END
START -2992 16988 16872 7389 14932 11055 END
START -4760 20052 19628 7049 14316 14271 END
START -6572 22668 20280 3375 8847 12469 END
START -8280 20752 22960 -655 9617 11446 END
START -11460 19712 24048 -6975 7174 7445 END
START -13568 15412 23336 -8748 4991 7619 END
START -11208 9172 22800 -5089 2744 12798 END
START -11760 7856 23844 -2327 1878 15692 END
START -12516 7028 22780 -3418 732 13028 END
START -10696 4184 20636 -6353 472 11526 END
START -9380 1152 19748 -1550 744 16090 END
START -11764 108 19904 -2962 -2341 15839 END
START -13068 -1412 18156 -8702 -3119 9955 END
START -11048 -3828 14360 -7681 -1647 9760 END
START -11500 -3688 13020 -5952 -5452 5442 END
START -7512 -3684 11952 -2287 -5856 3414 END
START -5964 -3716 12492 -2188 -6478 864 END