START -3444 7700 15232 3133 -1453 -8080 END
START -968 8148 18220 2085 1789 -10635 END
START -3948 6648 16052 2202 3704 -10168 END
START -5488 6396 16156 441 5320 -9835 END
START -5880 5168 15132 1008 6117 -7332 END
START -7156 6480 15020 2205 4378 -3616 END
START -8452 8240 15744 3483 1361 504 END
START -8072 9912 17744 2181 -1654 2378 END
START -7396 10300 20772 -1630 -3494 1682 END
START -7280 8848 22820 -5702 -4234 646 END
START -8324 6108 24192 -6263 -6110 78 END
START -9664 6412 24084 -3290 -2590 2486 END
START -9268 6880 23124 -239 -3133 5691 END
START -9676 7416 21240 1463 -4596 8133 END
START -10076 7824 20040 1795 -6945 9813 END
START -9936 8300 18156 875 -9565 10578 END
START -9368 8868 17504 119 -12103 11769 END
START -8372 9324 16560 -1814 -13506 12155 END
START -6944 8636 15180 -5111 -14075 12597 END
START -6540 6724 14976 -6809 -9163 16496 END
START -4624 7328 11820 -9432 -10889 18172 END
START -1716 5360 11792 -10567 -10520 18691 END
START -1056 4560 9876 -10220 -7570 20394 END
START 688 3536 10948 -11325 45 22090 END
START -324 3192 7040 -12950 -1435 22619 END
START 1236 2480 6716 -11241 -1135 25144 END
START 208 3104 8224 -11588 1067 27143 END
START -520 2800 8460 -13014 4815 28716 END
START -1692 3688 9304 -16493 4504 25429 END
START -1180 2360 9028 -18755 4863 22397 END
START -1144 96 9284 -21709 6394 18493 END
START -1804 -2160 10132 -23232 7734 13969 END
START -944 -6056 10996 -24222 14801 12170 END
START -2884 -9120 10116 -24516 11284 4053 END
START -4724 -11896 10152 -22325 10901 258 END
START -6376 -14540 11336 -20376 15440 -146 END
START -6988 -17876 12472 -16828 11444 -5161 END
START -7464 -22448 11044 -10876 11416 -8579 END
START -6804 -22108 11248 -2476 11816 -11284 END
START -6268 -21112 12704 8157 11060 -10280 END
START -7356 -18056 11776 11295 11280 -11236 END
START -8024 -14992 12796 12247 11092 -13076 END
START -9056 -10616 11504 12486 8685 -14007 END
START -9884 -8168 10264 13898 4090 -14582 END
START -4440 -6776 8584 15481 -2906 -16429 END
START -5044 -2964 10884 15527 -2023 -17778 END
START -3840 28 10532 16242 -950 -16576 END
START -2428 2564 10220 16367 1179 -15339 END
START -744 5432 10696 16439 5652 -12432 END
START -204 7608 10808 14953 6795 -10674 END
START 1368 9064 12152 11279 10255 -9892 END
START 1492 8500 13660 5982 14727 -10412 END
START 1636 9272 15868 -148 20731 -9586 END
START -56 9700 16756 -4356 27145 -7119 END
START -3868 10356 16492 -9925 29114 -3391 END
START -4328 8908 16664 -11790 29955 4616 END
START -5636 8692 20140 -10583 30672 11326 END
START -7960 5928 20288 -3766 29894 20105 END
START -12756 8660 21712 -3488 26672 23330 END
START -18872 7660 22220 -7212 23540 23590 END
START -20328 4536 22276 -9155 16295 23477 END
START -22648 1648 19648 -9234 8825 22898 END
START -20956 -1592 19976 -3428 4669 22467 END
START -20252 -3644 20952 1585 2396 20019 END
START -20136 -5464 18856 5735 -2381 17527 END
START -18292 -5848 17788 7789 -7521 14310 END
START -15908 -5528 16576 8060 -10828 10791 END
START -13576 -5052 15236 7935 -12334 7918 END
START -11800 -3764 13824 6897 -12265 5056 END
START -8376 -4248 11248 7600 -6842 7646 END
START -9428 -1180 12400 5017 -10011 1507 END
START -7672 -700 13336 2442 -6101 -2859 END
START -7408 -492 13724 -1265 -3601 -6589 END