START -460 5288 16680 6115 -15761 -10421 END
START 628 5624 16928 6981 -12817 -10010 END
START 1836 5372 16140 6396 -9284 -10333 END
START 2708 5680 15236 7579 -7121 -10802 END
START 2652 5488 14864 7588 -4443 -12419 END
START 2752 5348 14620 8894 -2485 -11336 END
START 1440 6980 14568 9775 -209 -8936 END
START 276 8900 15808 9926 1971 -7590 END
START -1480 10808 16448 9018 2635 -6867 END
START -3476 12480 17360 6574 2916 -8001 END
START -5304 11648 17704 2657 2183 -8332 END
START -8404 11040 18552 -1670 594 -8298 END
START -8780 10092 18100 -2615 -2270 -4277 END
START -9052 11440 18180 -1869 -6045 1828 END
START -8168 15988 20588 -2047 -8954 4747 END
START -8256 16116 22528 -2851 -10276 4602 END
START -6256 15684 21796 -3617 -10917 2478 END
START -5868 13300 21092 -6014 -10572 1247 END
START -5300 10592 20164 -7235 -10685 1851 END
START -5072 8344 17492 -6938 -10193 4462 END
START -5476 7648 15168 -5676 -9522 7989 END
START -4340 8400 12932 -3561 -9999 11989 END
START -2664 10536 12572 -2854 -10336 14634 END
START -892 11036 12928 -4552 -10458 14803 END
START -148 9604 14228 -8521 -10265 13187 END
START -68 7528 14036 -13829 -8640 11071 END
START -1028 5460 12300 -15614 -6973 10311 END
START -2132 3128 10320 -17029 -4662 10139 END
START -2352 1032 7680 -16927 -2263 10966 END
START -2336 -92 5656 -15563 -61 12645 END
START -488 -152 4092 -12041 5206 18689 END
START -952 -120 3496 -9087 3197 18669 END
START -812 -1012 3852 -6403 2495 18535 END
START -872 -1164 5236 -5666 2421 18105 END
START -576 -1328 6524 -6962 4063 16389 END
START -60 -2492 6980 -9414 6880 14155 END
START -248 -4096 8312 -11721 8734 12252 END
START -1048 -6624 9832 -14809 10136 8894 END
START -2460 -10260 10592 -16217 11112 4430 END
START -3396 -13120 11892 -14294 13692 -1001 END
START -4508 -16912 12440 -9764 12452 -8297 END
START -4032 -18192 13540 -5191 12722 -13049 END
START -2868 -17440 13808 -480 13466 -16564 END
START -3700 -16048 13800 3646 12391 -17244 END
START -3448 -13584 14368 5548 11061 -18770 END
START -3152 -10792 13316 7853 10212 -19084 END
START -4620 -7212 14440 9585 10689 -19741 END
START -2448 -6520 15552 11331 6290 -21162 END
START -5012 -4308 12948 11198 7418 -20899 END
START -4476 -3668 13148 8437 8620 -22902 END
START -3984 -1760 13644 7616 9991 -20297 END
START -4128 692 13932 12916 9072 -10432 END
START -3512 5464 15444 14029 8523 -1313 END
START -4928 10052 16744 13854 7367 3503 END
START -3092 11908 14452 12572 9824 6511 END
START -3248 13872 13348 12205 13627 6343 END
START -3284 16424 13996 4391 19121 1168 END
START -4620 15332 11808 -1064 19537 -480 END
START -4664 13924 12884 -3628 16627 4073 END
START -4356 13092 14632 -5048 15959 9536 END
START -4344 11788 17288 -6708 17123 14918 END
START -5976 8608 19956 -9897 18948 15801 END
START -8656 3648 20420 -10359 21219 18312 END
START -11836 -148 20780 -8987 23234 22044 END
START -16340 -2128 23896 -2550 20260 23309 END
START -14620 -3332 21488 -100 19695 20765 END
START -16216 -4188 19244 2360 15561 18400 END
START -20340 -4520 19580 3618 10283 15820 END
START -20032 -4032 17948 2559 6142 11084 END
START -17188 -3196 17112 3062 1634 7865 END
START -18380 -892 18184 5368 -2110 8525 END