START -1316 7932 16888 4273 405 -8920 END
START -3152 8348 19520 3683 1195 -8179 END
START -3964 8032 19032 1922 594 -8345 END
START -2564 8252 20424 805 1486 -7720 END
START -6672 9380 21180 1731 -290 -3191 END
START -7508 11536 23152 572 -2229 -916 END
START -8588 11288 25456 -287 -3380 -4 END
START -8820 11672 25612 619 -5443 2054 END
START -9208 12584 25372 506 -6169 2369 END
START -8808 13140 23820 1924 -7080 3064 END
START -8696 13684 22164 1772 -8833 4094 END
START -8324 13812 20852 203 -9782 5498 END
START -7172 12940 20008 -1387 -10506 7271 END
START -6476 11280 18912 -3187 -11339 8708 END
START -6140 9352 17712 -5350 -11760 9896 END
START -5828 8404 15436 -5513 -11925 11446 END
START -5452 8152 13936 -4843 -11511 12971 END
START -4700 7760 12680 -4737 -10508 13536 END
START -4476 6708 11540 -6366 -9000 13054 END
START -4204 5296 10088 -7681 -7331 13190 END
START -4080 3952 7264 -7089 -5472 15838 END
START -2556 3616 7192 -7239 -4329 16589 END
START -1784 2920 6964 -7517 -2771 17508 END
START -1020 2372 6576 -8131 -265 18663 END
START -840 2092 5812 -8894 227 18262 END
START -780 952 6100 -10571 962 17162 END
START -764 -152 6260 -12532 2406 16566 END
START -648 -1168 6500 -14094 3731 16223 END
START -680 -1988 6888 -16020 4950 15495 END
START -1224 -3344 6972 -17338 6497 14213 END
START -1428 -4428 6136 -16749 8571 13591 END
START -2096 -5368 6876 -15194 9957 10509 END
START -2720 -7200 8092 -13603 9760 6315 END
START -2512 -9112 9124 -12514 7576 2446 END
START -3308 -10488 11820 -14244 7492 -2766 END
START -4000 -13376 13136 -14749 7240 -7271 END
START -6032 -17748 14324 -15004 6674 -11440 END
START -4212 -19220 15796 -10930 7606 -13071 END
START -2208 -21716 14968 -4164 7041 -12311 END
START -2564 -20808 18512 5707 5944 -8038 END
START -2632 -18156 19444 8993 7452 -8491 END
START -3328 -14464 18316 11131 8077 -9580 END
START -3844 -11204 16888 14938 7315 -8911 END
START -4600 -7668 15696 17021 6944 -8136 END
START -5236 -3144 14452 16868 6306 -8303 END
START -6728 8 14576 17534 953 -11137 END
START -3060 2368 12884 15853 4583 -9680 END
START -4784 5164 12492 14210 4067 -8714 END
START -3276 7504 12960 11686 4902 -9091 END
START -4952 8248 11996 11877 5559 -6054 END
START -2388 9548 11928 8039 6809 -7031 END
START -2804 9580 11440 7030 10343 -4129 END
START -2456 10644 10836 5043 11674 -3155 END
START -2072 11632 10888 3145 12826 -2406 END
START -1700 11916 11212 1643 12633 -1935 END
START -1324 12180 12508 -939 15464 -1174 END
START -1964 12432 14928 -3872 17964 -1798 END
START -668 9756 18068 -9803 23444 8 END
START -420 7488 20312 -2924 23533 5914 END
START -3056 9404 18524 -6135 24295 7356 END
START -6776 8476 19612 -4890 23963 10920 END
START -3784 6316 22156 525 23380 20140 END
START -10384 8664 23924 3902 21271 24731 END
START -13740 8008 24864 4181 17968 24879 END
START -16784 8252 26176 2782 12808 21759 END
START -19968 9280 28420 -227 7927 15331 END
START -19732 7500 26980 -1997 3517 9905 END
START -15580 2380 20820 3316 1512 15704 END
START -15616 876 21852 6519 -2325 20391 END
START -13780 -520 21376 3466 -4514 17577 END
START -14504 -1012 19564 3563 -6830 15161 END
START -12668 -1480 17992 1342 -7272 10868 END
START -11272 -1968 16928 -1219 -1265 10233 END
START -13056 -960 13916 -2755 -2241 5667 END
START -10332 -2144 11548 -2587 -2355 1938 END
START -10340 -1676 10084 -1569 -1172 -440 END
START -9328 -1436 10008 -2636 -911 -4610 END
START -8552 -2480 9956 -2819 -1546 -6667 END