START 1328 7880 12020 2564 -1715 -9638 END
START 112 9280 15456 5028 -2304 -7213 END
START 1644 8684 14444 1750 -1112 -7587 END
START 896 8476 15100 1073 332 -7204 END
START 56 8712 14792 -85 2067 -6365 END
START -1600 9516 14900 918 2898 -4500 END
START -3716 10764 16172 1805 2780 -2674 END
START -5896 12144 18260 1120 2866 -1282 END
START -7652 13020 19064 -633 2612 -242 END
START -8276 14340 21096 -1966 535 532 END
START -7328 15596 22472 -1838 -1135 1807 END
START -6788 15900 25096 -2219 -3031 2687 END
START -6160 16224 26252 -4461 -4264 2477 END
START -7016 15684 26056 -5319 -4275 3399 END
START -8408 15044 24820 -5065 -5235 5489 END
START -9880 14388 22924 -5701 -6698 7115 END
START -9848 13448 20940 -5527 -9351 8640 END
START -8044 12880 20172 -4951 -11346 10032 END
START -6376 12264 19292 -4740 -12347 11156 END
START -4412 10736 18620 -4600 -12458 12030 END
START -3956 9812 17432 -4866 -11848 12695 END
START -4068 8964 14732 -5420 -11010 13271 END
START -4464 7784 12652 -6736 -10156 13212 END
START -4240 6180 10480 -6799 -10197 13535 END
START -3272 5792 8852 -8073 -10025 12624 END
START -2308 5048 7520 -7605 -9822 13082 END
START -628 4048 6968 -7547 -9219 13367 END
START 164 2996 6852 -8371 -7764 13812 END
START 676 1684 6380 -9136 -6096 14137 END
START 1004 668 5452 -9749 -4053 13993 END
START 1168 236 4756 -9930 -1974 13917 END
START 1396 -128 3924 -9651 282 13873 END
START 1828 -676 3248 -9179 2421 14083 END
START 2224 -788 2652 -8584 4520 14407 END
START 2540 -856 2460 -8431 6913 14461 END
START 2800 -1228 2548 -8688 9043 14348 END
START 2856 -1640 2508 -9739 11405 14090 END
START 2700 -2484 2368 -10911 14258 13538 END
START 2324 -3748 2344 -11913 16870 12411 END
START 1600 -5296 2620 -11979 18866 10779 END
START 556 -7228 4184 -11342 19783 8818 END
START -1184 -7884 5900 -9546 19345 6727 END
START -1936 -9428 9084 -7530 19388 5796 END
START -2728 -9468 14328 -6929 17768 2514 END
START -6204 -11280 19060 -9812 15693 -1609 END
START -9048 -12524 24332 -11683 13221 -6122 END
START -11088 -14616 28176 -14417 9227 -12604 END
START -10068 -22208 28352 -14932 12275 -8517 END
START -7308 -22976 32767 6103 7898 3328 END
START -6064 -18408 30636 7766 8073 -6081 END
START -10000 -13196 32767 9986 1422 -4896 END
START -11124 -8308 32767 8017 551 -9429 END
START -9676 -7500 28508 9283 -1987 -10037 END
START -9452 -5412 25564 10777 -3709 -10230 END
START -8448 -4348 22764 10709 -5696 -9364 END
START -7688 -1820 19860 10574 -5839 -10873 END
START -6564 -896 16284 10323 -5529 -11386 END
START -5292 612 14564 11815 -5818 -9689 END
START -3900 1708 12488 11437 -5339 -8757 END
START -3144 2584 11504 10141 -4509 -8581 END
START -2336 3104 10168 8210 -3521 -9096 END
START -1832 2404 9352 6958 -2006 -7901 END
START -192 2988 8448 5527 -1609 -9323 END
START -788 2720 7624 5255 45 -9199 END
START 316 2144 6952 4875 1831 -8951 END
START 440 2080 6468 5369 3476 -8109 END
START 360 2404 6308 6164 5157 -6977 END
START 88 3352 5884 7339 6017 -5538 END
START 96 4204 6344 7349 7733 -4975 END
START -288 4700 6136 7725 8979 -4083 END
START -584 5116 6452 8077 9825 -2968 END
START -1068 5872 6336 7871 10751 -2687 END
START -1988 6356 7132 8343 10708 -2768 END
START -400 7500 8164 8637 10148 -2627 END
START -92 8400 10532 8673 12769 -2306 END
START -472 10176 11476 8004 12030 -3179 END
START 868 10136 13560 6504 16461 -1526 END
START -388 10656 14408 4980 17816 -675 END
START -1816 11240 14652 3614 18959 2279 END
START -2340 12932 18316 4634 18028 8029 END
START -4188 12212 21572 10024 19363 15985 END
START -7532 16048 23412 7689 17656 14929 END
START -12272 18184 28624 3021 16526 12192 END
START -15420 18532 28520 1270 17533 12089 END
START -16192 17228 25832 -234 14931 13103 END
START -17024 14980 26328 -2906 9237 12434 END
START -16376 10856 27824 -7339 4572 10071 END
START -11420 6368 28980 -11303 3203 7675 END
START -14160 2240 28528 -11733 1065 11201 END
START -12932 -1024 25184 -10238 -370 14672 END
START -11256 -1856 21096 -11280 -520 14831 END
START -11452 -2104 17828 -9390 -2428 12810 END
START -7704 -4064 14364 -4085 811 15123 END
START -8548 -1320 11876 -1191 364 11776 END
START -6484 -612 10428 -2275 2718 7430 END
START -7048 1084 9184 1400 2815 5182 END
START -5144 496 7688 2892 1595 4675 END