START 1400 4684 11640 2067 -12932 -5533 END
START 2524 3792 9752 3695 -10314 -7235 END
START 3864 2800 10288 3332 -7765 -8367 END
START 4924 1152 8220 2567 -4094 -9024 END
START 4636 -236 6308 3323 -1712 -7497 END
START 3948 -160 5464 4989 -787 -4412 END
START 2500 980 4812 5534 -10 -2471 END
START 1428 2304 5484 5794 342 -1757 END
START 932 3284 6252 5957 500 -2305 END
START 888 4724 7856 5731 1119 -4357 END
START 1216 6032 9388 4838 2670 -7312 END
START 1532 6836 10128 4426 4560 -9610 END
START 2256 7744 11864 4680 5799 -9649 END
START 1864 8376 13764 3891 6448 -7655 END
START 1852 8940 16500 4375 4490 -3160 END
START 600 10740 23252 -2771 6398 -3565 END
START -5012 12696 22724 -1549 6275 -1880 END
START -8664 13460 24424 -679 3599 -91 END
START -9948 18076 27104 2853 814 546 END
START -7700 21300 29632 4277 -1250 -216 END
START -8228 19964 32120 -2781 -4224 -593 END
START -8152 20728 32767 -2224 -5582 19 END
START -7612 17536 30060 -3917 -8315 3087 END
START -7164 17292 27992 -4714 -8994 6093 END
START -6376 16172 26172 -4534 -9560 8039 END
START -5944 15112 22804 -4347 -10115 10152 END
START -5296 14192 19676 -3791 -10864 12580 END
START -5240 12972 16628 -4963 -10788 13586 END
START -4924 11600 13748 -6864 -10752 12985 END
START -4860 9104 10028 -9105 -10489 11475 END
START -3716 7076 7620 -10265 -10474 10129 END
START -2160 5132 6528 -10535 -9616 10402 END
START -296 3424 4856 -9436 -8790 11887 END
START 848 2132 3784 -9637 -7283 12439 END
START 1780 708 3304 -9736 -5550 12707 END
START 2668 -592 2880 -9565 -3793 13763 END
START 2700 -700 2308 -8816 -2187 14808 END
START 2964 -1556 2412 -8589 3359 17172 END
START 2244 -1508 1056 -10070 2672 14339 END
START 1972 -1708 660 -9436 5036 13099 END
START 1896 -2072 -144 -8824 6667 12106 END
START 2452 -2708 8 -8298 8519 10860 END
START 2980 -3796 924 -8565 9581 9700 END
START 3256 -5008 1616 -9087 11170 9093 END
START 3044 -6332 2332 -9326 13274 8269 END
START 2636 -7740 3744 -8645 15157 7634 END
START 1660 -8788 4992 -7190 17004 7076 END
START 116 -9008 7536 -5035 17684 6443 END
START -1020 -9480 10700 -3877 17704 4822 END
START -1652 -11324 14512 -4444 18437 2341 END
START -4748 -10596 17292 -1691 16037 972 END
START -6640 -10248 22872 -1652 12967 -1650 END
START -8568 -9024 30588 -2718 11326 -6296 END
START -6984 -11596 31552 -5541 7827 -7659 END
START -6332 -11268 32767 -6279 6356 -11200 END
START -6804 -16580 32748 4430 9197 -3139 END
START -10828 -9872 32767 6440 4964 -4072 END
START -12976 -8484 32767 2628 3657 -8587 END
START -9868 -9000 30800 10568 154 -6426 END
START -11264 -3984 31388 11184 -999 -4641 END
START -10256 -1636 28112 10194 -2994 -5719 END
START -9172 704 25232 8488 -5556 -7332 END
START -7812 1180 22900 7379 -5976 -8422 END
START -6356 1216 19520 7439 -6936 -7967 END
START -5300 1564 16984 6708 -7661 -7674 END
START -3856 1892 13996 5947 -7989 -7076 END
START -3644 2992 12456 5958 -8690 -6698 END
START -748 2740 10636 2562 -6933 -8651 END
START -320 2388 9048 3711 -6593 -7459 END
START 824 1884 8472 3707 -4981 -6786 END
START 1496 2212 7416 2715 -2835 -6771 END
START 1936 2212 5588 2979 -887 -6359 END
START 2116 2620 5092 3777 687 -5658 END
START 2680 3148 4844 3841 2283 -5535 END
START 2696 3364 4232 3991 3204 -6019 END
START 2868 3276 4104 3932 4415 -6965 END
START 2920 3148 4160 3467 6283 -7801 END
START 2320 3280 3876 3623 8391 -7092 END
START 1660 3896 3836 4154 10399 -5826 END
START 1252 4952 4140 4913 12237 -4606 END
START 616 5204 5164 5495 14921 -2794 END
START 384 7088 5084 6559 15374 -1594 END
START -96 7228 6216 7363 16836 183 END
START -624 9052 8744 6827 18349 1633 END
START -1340 11072 10012 7771 19275 2741 END
START -2184 13308 12512 8994 18686 4249 END
START -3512 14828 17696 9086 19087 6333 END
START -3300 14252 17736 10765 16701 11680 END
START -7632 19664 27128 8641 16527 13712 END
START -6628 20244 30844 2804 20425 4217 END
START -11696 16760 30812 -2163 12840 7040 END
START -14312 14308 32767 -4684 10181 7908 END
START -17640 12380 32767 -3978 5893 6561 END
START -18916 11764 32767 -6134 393 2928 END
START -15416 6536 32744 -2874 -2216 6949 END
START -13020 5292 32767 -191 -3305 12815 END
START -11836 4112 30396 -1216 -3503 12210 END
START -11616 3856 28120 -3697 -5919 8464 END
START -10056 2328 24864 -5899 -5886 6482 END
START -6344 1440 21596 -5363 -6488 9815 END
START -8732 848 19984 -2774 -7137 8979 END
START -7584 636 16464 -5178 -6925 6397 END
START -5564 732 13732 -6217 -5111 5582 END
START -5168 16 11536 -3311 -4302 5752 END
START -3596 -248 12232 -4478 -1659 4648 END
START -4220 -540 10372 -5734 -449 2870 END