START 912 3988 17136 -719 -8445 -6635 END
START 252 3724 15852 675 -6240 -3947 END
START 180 4888 15284 2067 -4215 -2250 END
START -88 6296 14988 3618 -2801 -1264 END
START -164 7512 16188 3289 -1604 -1855 END
START -648 7864 16812 870 -372 -2901 END
START -1352 7184 16780 -937 219 -2635 END
START -3844 6196 16428 -1404 354 -1944 END
START -2224 6488 17556 -2902 -278 -156 END
START -3464 7328 18604 -2127 -181 1390 END
START -4052 8516 20532 -1703 -1430 2233 END
START -4724 9628 22124 -3116 -2434 1660 END
START -4864 9892 23604 -2920 -2936 1527 END
START -6228 10268 23604 -2506 -3416 2594 END
START -8748 10556 22236 -3374 -4635 4297 END
START -9900 10580 21620 -2915 -7286 6890 END
START -9504 10188 21176 -3908 -9045 8429 END
START -8560 9200 19928 -4493 -10746 10076 END
START -7872 8740 19256 -4541 -11813 11131 END
START -6844 8392 17480 -4489 -12123 12031 END
START -5804 7776 16372 -4644 -11971 12619 END
START -4956 6100 15552 -5330 -11154 12586 END
START -4368 4112 14308 -6315 -10341 13443 END
START -2092 2468 13276 -7932 -6723 17084 END
START -3832 724 9468 -7619 -8432 18150 END
START -2628 128 8908 -7976 -6868 20313 END
START -2188 80 7840 -7671 -5390 21485 END
START -1464 388 6140 -8557 -2115 21399 END
START 316 -296 5692 -8442 -2247 19052 END
START 288 -1200 5080 -8451 -245 17466 END
START 556 -2184 4796 -8784 1587 15846 END
START 840 -2916 5332 -9474 2855 13698 END
START 1736 -4280 5848 -11498 5796 12918 END
START 1920 -5888 5944 -12235 8576 11800 END
START 1300 -6516 6268 -13956 11540 10276 END
START 72 -7664 5276 -13161 14305 8870 END
START -1196 -8872 5516 -11783 15670 6993 END
START -2228 -9576 6540 -10362 15644 3843 END
START -2568 -10576 7904 -8788 13233 631 END
START -1036 -9796 10944 -8008 15420 -120 END
START -4584 -11540 13852 -8693 12899 -1854 END
START -5536 -13264 15612 -9665 9148 -5123 END
START -4336 -15896 16180 -8108 8035 -5490 END
START -5796 -15484 18592 -5397 5610 -7424 END
START -4120 -17644 19984 2023 4667 -7760 END
START -3156 -16864 23480 3976 3384 -10399 END
START -2384 -15696 23596 3572 4439 -15470 END
START -1996 -15684 22828 7672 6341 -14041 END
START -3128 -13552 21544 11824 6319 -11383 END
START -4968 -9324 19088 15567 5559 -9603 END
START -6088 -5048 17576 17100 4462 -8976 END
START -6448 -1004 16316 16804 3358 -7898 END
START -10676 2328 15904 15905 1436 -8463 END
START -5092 3820 13684 13608 686 -9790 END
START -5356 6804 12864 13292 911 -11176 END
START -4044 7036 13340 8203 3500 -14009 END
START -3296 7388 11952 7904 3708 -13951 END
START -1968 7372 11940 5846 4589 -13759 END
START -892 6392 12328 3838 4878 -13494 END
START -1168 4908 12988 3620 7731 -10944 END
START -1956 5140 13280 4310 9408 -8483 END
START -3140 6248 13084 4560 8324 -7749 END
START -1652 6436 13020 5308 13027 -2832 END
START -2748 8312 13136 5620 13612 547 END
START -3032 9496 13200 4789 14645 2509 END
START -3048 10564 12956 4688 13699 2963 END
START -4156 10708 14964 4200 15649 6646 END
START -4276 11996 16080 2943 15564 9474 END
START -5288 12520 20028 5600 12923 10935 END
START -5136 12452 20572 3679 16021 12212 END
START -6792 12512 21652 1199 16009 11990 END
START -7204 12136 22320 2330 14674 15096 END
START -9456 13264 22160 4020 13223 18412 END
START -10728 12732 23404 3363 8611 17946 END
START -12012 12212 25796 -1741 4424 14536 END
START -13268 9700 27296 -6391 1778 9452 END
START -12488 3768 25272 -6420 1472 10879 END
START -13900 1800 23704 -3322 -113 13617 END
START -14508 1472 22788 -5482 -3633 8705 END
START -12840 -3272 22168 -5712 -4603 6687 END
START -11952 -7096 24132 7647 -6416 17056 END
START -10812 -6652 21944 6444 -5279 15677 END
START -11684 -5972 17816 3789 -5927 10659 END
START -9724 -5456 16036 3419 -4455 8541 END
START -9264 -4384 13404 1119 -7589 3506 END
START -6596 -4016 11728 2996 -8581 2834 END
START -6040 -2504 10452 2058 -9753 449 END
START -3116 -1740 10664 724 -7563 -2551 END
START -1692 -1472 9884 1747 -4890 -2415 END
START -968 64 11308 3087 -1709 -2779 END
START 144 844 10752 1138 3688 -4174 END
START -1968 676 8744 -1040 8565 -4610 END
START -3336 812 8044 -1155 12302 -3185 END
START -5696 1336 8896 -703 12584 -496 END