START -4372 4916 17556 2086 -838 -5002 END
START -5328 4320 19132 3266 -1348 -3011 END
START -6020 5092 21516 2725 -1332 -2955 END
START -5236 4144 21504 1539 -1102 -3492 END
START -10484 4836 23208 1911 -636 -2980 END
START -9808 4660 21544 2450 -3566 -1505 END
START -10152 5280 21456 2709 -5585 -1081 END
START -10144 6444 20456 2780 -7259 -1651 END
START -8660 7340 19152 2813 -8842 -2573 END
START -7492 7516 20260 1594 -10694 -3311 END
START -5572 7180 20504 -234 -10112 -4462 END
START -4812 6536 20052 -572 -8766 -4191 END
START -4840 6728 18992 37 -7374 -2934 END
START -4824 7256 17884 578 -6669 -1316 END
START -5788 7880 17700 115 -6790 325 END
START -6084 8724 17944 -1572 -7503 2031 END
START -6476 9464 17700 -2149 -7927 4414 END
START -6980 10824 17624 -2501 -8166 6542 END
START -7044 11656 16568 -2527 -7789 7893 END
START -6616 11908 15896 -3519 -8462 8048 END
START -7152 9808 16432 -4438 -9075 8706 END
START -5588 8224 15884 -4607 -9628 9869 END
START -5860 7980 14900 -6254 -8988 10751 END
START -5580 8588 13296 -5652 -9267 13467 END
START -5224 9264 12832 -5822 -9522 14668 END
START -2744 8472 13412 -8127 -7784 16494 END
START -4928 7232 14224 -10522 -11106 12853 END
START -3344 4760 12936 -13895 -10021 11757 END
START -1752 2252 10164 -15224 -6499 12905 END
START -1680 212 9912 -14840 -5912 13042 END
START -1608 -708 8340 -13222 -3424 13851 END
START -1736 -1252 6964 -11079 -1499 15420 END
START -1388 -1592 6416 -8529 -415 16973 END
START -368 -2152 8296 -5231 5411 19423 END
START -1936 -1064 7588 -5841 1545 15412 END
START -888 -2436 7868 -7389 1133 12773 END
START -400 -3704 8864 -10157 3106 10508 END
START -608 -5484 9548 -12719 3268 6954 END
START -316 -7412 9488 -14979 4075 4541 END
START 472 -8564 9028 -15219 5823 3278 END
START 828 -9516 8168 -12842 7505 3653 END
START 512 -10492 7984 -9064 8773 4579 END
START -236 -11036 9392 -5190 8853 4485 END
START -820 -11232 11372 -2922 8221 3105 END
START -1396 -12040 14576 -4225 8112 -61 END
START -5768 -12548 17176 -5535 9460 -3625 END
START -3256 -13640 17920 -5688 7744 -6242 END
START -3252 -15540 19992 -5621 6763 -8190 END
START -2304 -15860 21364 -3297 6268 -8394 END
START -1608 -15408 21376 203 6658 -8462 END
START -3672 -13276 21532 3253 4940 -9092 END
START -3724 -12188 20680 7927 3511 -7193 END
START -4436 -10056 20936 7068 2699 -8978 END
START -5552 -8056 19132 6941 1846 -10157 END
START -5728 -5396 18840 8864 662 -9410 END
START -5188 -3036 17392 9639 847 -8928 END
START -5164 -1128 16872 10203 -345 -8217 END
START -8648 368 17812 9364 -1355 -10154 END
START -3872 1608 15048 7583 -663 -10141 END
START -3508 2252 13976 7148 -560 -10443 END
START -1588 3156 11776 6702 866 -9359 END
START -1996 4396 10688 6934 2819 -7250 END
START -2628 4912 9860 6675 3504 -5359 END
START -1704 5676 9260 5622 4980 -4354 END
START -1324 5756 8900 4571 5207 -3700 END
START -192 5200 9776 2462 6517 -3630 END
START 268 4280 10120 860 8142 -3558 END
START 280 3564 10604 231 10133 -2705 END
START -400 3868 10692 69 12316 -1845 END
START -1108 4268 11032 1489 14143 -389 END
START -2204 5268 12012 3603 15181 1153 END
START -3000 7380 12676 5494 11911 -65 END
START -1336 6248 15340 2847 15898 1517 END
START -3524 6716 16888 1313 14755 814 END
START -3880 5776 19372 -2187 14943 1625 END
START -4564 5724 21108 -1082 15596 8162 END
START -6344 5028 24184 4692 17100 16727 END
START -6144 9896 23324 8318 17470 20238 END
START -7848 12424 22896 8069 17549 20341 END
START -10048 11624 24764 7990 15087 19752 END
START -12284 10768 25996 4961 11688 16784 END
START -14624 8748 26488 -1778 7472 11525 END
START -16124 5788 24004 -4557 4292 10538 END
START -16636 4036 22300 -686 1909 15741 END
START -13984 2996 21980 4528 -552 20002 END
START -12364 3416 21912 4135 -3262 16705 END
START -12284 1596 23292 -2339 -8050 7379 END
START -13108 -1520 26324 -8755 -3433 -743 END
START -9072 -10376 20744 3383 -4389 10062 END
START -11436 -8816 19664 3499 -2965 12850 END
START -11820 -7700 16864 2328 -4259 12035 END
START -10648 -4268 15056 2971 -8659 7210 END
START -8952 -2868 14284 2385 -6970 4338 END
START -7472 -1480 12020 1306 -8564 804 END
START -5620 -248 11852 959 -5580 158 END
START -3724 956 10796 717 -3982 -2717 END
START -3608 748 9836 -1448 2319 -2973 END
START -3088 212 9660 -1422 5133 -3799 END
START -5016 -1048 10088 -2263 6971 -5527 END
START -5588 -2536 9408 -2468 7573 -4975 END