START 2292 3860 13372 -1740 -5495 -6945 END
START 1692 4668 15488 -461 -4783 -5989 END
START 2012 5240 16404 -10 -3529 -5154 END
START 1592 5584 17140 128 -2199 -4675 END
START 1196 5672 17988 203 -1113 -3626 END
START 548 6452 17984 1080 -875 -1266 END
START 3196 8320 18032 1907 -1146 1159 END
START 116 11300 20148 2373 -1011 2848 END
START -1004 13324 20644 1793 -1152 4009 END
START -1088 14020 21184 540 -2513 3660 END
START -1892 12644 21988 -3161 -4403 3947 END
START -3476 11228 21520 -4873 -4835 3329 END
START -3284 9728 20020 -4691 -5608 4192 END
START -2104 9084 18332 -2896 -6386 6517 END
START -1056 9200 18104 -2153 -6085 8370 END
START -216 9120 17264 -2485 -4986 9807 END
START -516 8452 15988 -2828 -4145 10813 END
START -1104 7528 14708 -4344 -3635 11424 END
START -1472 5984 14032 -5550 -3070 11559 END
START -1568 3880 12512 -6586 -2454 11758 END
START -1436 1816 10724 -7159 -1446 12306 END
START -1464 592 8996 -7244 -469 13215 END
START -1356 -308 7596 -6798 438 13841 END
START -1264 -616 6484 -6624 1469 13886 END
START -900 -1132 5648 -6460 2433 13767 END
START -736 -1884 5784 -6217 3305 13568 END
START -472 -2756 6376 -6828 4703 12989 END
START -68 -3976 6832 -8147 6759 11956 END
START -376 -5684 7128 -9424 8482 10539 END
START -544 -7348 6700 -9901 9929 9105 END
START -652 -8892 7184 -9395 10792 7381 END
START -932 -10784 8100 -8830 11438 5205 END
START -1988 -12564 9184 -7546 11570 4186 END
START -3312 -13084 10968 -5985 10035 2807 END
START -3852 -13540 13820 -5703 8450 -297 END
START -4228 -14672 15932 -5177 7526 -2941 END
START -3076 -15456 20164 -4521 5911 -7421 END
START -3424 -17428 22920 -1206 4834 -7939 END
START -3064 -18096 22716 -1803 4499 -11378 END
START -2828 -17544 22316 2847 2652 -12568 END
START -2496 -15332 22700 8001 1808 -11000 END
START -2836 -10864 20776 11931 2392 -9697 END
START -2084 -5724 19360 14284 3442 -10562 END
START -4424 -2508 18764 16093 5988 -9792 END
START -4884 1756 14896 17437 7239 -9624 END
START -5016 4644 12072 17543 7499 -8338 END
START -3744 7292 9584 16931 7200 -7001 END
START -2588 10128 8792 15331 6530 -5289 END
START -2552 12708 9100 12126 6824 -4356 END
START -1720 13464 9192 7653 7803 -4702 END
START -720 13104 8912 3751 9325 -6371 END
START -200 12244 8612 1406 10110 -7113 END
START 64 11452 9076 -122 11220 -6118 END
START 804 10916 10308 38 12480 -4067 END
START 1208 10468 12156 242 13836 -1689 END
START 312 10668 14188 1166 14779 989 END
START 784 11784 14016 1197 15090 4480 END
START 1524 12724 18572 8320 17657 11136 END
START 1104 16704 16516 3571 17045 8097 END
START -3344 16028 23676 5671 16826 10708 END
START -3860 16808 25596 2973 14700 14277 END
START -5468 15544 29112 1618 12869 15878 END
START -7216 12992 30968 -1083 10393 15373 END
START -10004 11456 32767 -3982 5358 11860 END
START -12928 8520 32767 -8317 1110 5443 END
START -8692 748 27596 -5233 -1276 9145 END
START -10740 420 32520 621 525 15760 END
START -10808 184 28508 2335 -1257 13408 END
START -12236 -96 26896 1497 -5568 10828 END
START -12480 152 25308 2409 -8554 10184 END
START -11760 -288 22948 593 -8383 7414 END
START -11172 -1200 19292 -1822 -8567 4668 END
START -9888 -1864 16504 -1729 -10127 3426 END
START -7956 -2076 14232 -1351 -11169 1961 END
START -5564 -2228 12012 -1639 -10117 -121 END
START -5636 -2008 9892 95 -5879 -37 END
START -3980 -1632 8028 727 -3261 -1666 END
START -1668 -2068 6856 1517 -239 -2110 END
START -2408 -1560 6348 1242 1164 -3346 END