START 1528 7480 16192 -685 -3729 -5373 END
START 2152 6868 16208 1680 -2994 -3564 END
START 412 8940 17444 2272 -1418 -1296 END
START -1608 11124 18204 2181 -1098 347 END
START -5244 13592 20676 517 -471 764 END
START -3884 14948 21300 -1167 -3507 2814 END
START -4256 18876 24516 -4408 -5343 3211 END
START -5376 16472 24772 -6710 -6778 3936 END
START -6768 16040 24488 -8692 -9136 4453 END
START -7336 14232 22616 -9539 -10301 3831 END
START -5904 12284 20056 -7448 -11787 5065 END
START -4012 11444 18624 -5960 -12244 7004 END
START -1364 11484 17972 -5469 -11180 9453 END
START -476 11692 16824 -5592 -9629 11468 END
START -544 11056 16448 -6459 -9173 12285 END
START -1064 8940 14256 -8453 -8461 11214 END
START -1668 6404 11980 -9833 -8015 9784 END
START -1648 3772 10156 -10825 -7371 9018 END
START -1564 1756 7848 -9825 -6877 9783 END
START -912 740 6288 -8501 -5921 11257 END
START -196 500 5388 -7188 -4281 12813 END
START 932 632 4460 -6245 -1908 13269 END
START 1624 656 4000 -5682 458 13720 END
START 1860 468 3400 -4790 2666 14350 END
START 1972 -56 3980 -5042 4386 14546 END
START 1708 -460 3860 -6363 5944 14227 END
START 1164 -1096 3784 -8320 7947 12879 END
START 716 -2036 2844 -9770 9876 11679 END
START 180 -3088 1856 -9984 11144 10579 END
START 296 -3708 2016 -9239 12020 9590 END
START 260 -4268 3796 -8661 12751 8699 END
START 112 -5388 6552 -8795 13558 7709 END
START -416 -6832 9404 -9583 14668 6135 END
START -1456 -8128 11148 -11082 15830 3501 END
START -2412 -10456 12944 -10836 15429 199 END
START -3588 -12988 15448 -10299 13767 -3990 END
START -5684 -15040 18548 -11593 12753 -9089 END
START -7104 -16688 21676 -6672 7508 -10168 END
START -6876 -18068 27416 -5012 5928 -10562 END
START -3724 -17328 30144 -5205 4601 -12355 END
START -1840 -20864 30992 6411 5371 -5287 END
START -4392 -11388 31740 2000 1872 -11143 END
START -5588 -11968 28736 3375 3885 -14316 END
START -3460 -9988 25252 12127 3913 -10814 END
START -4748 -6272 24964 16356 5197 -6866 END
START -8496 -2452 22808 15920 3044 -7023 END
START -7460 1956 19680 13444 2363 -7656 END
START -7448 4220 17356 11492 911 -7031 END
START -7744 6280 15812 10983 -621 -6173 END
START -5736 6848 13796 6127 -1883 -8147 END
START -4684 6008 12848 4017 -3162 -10354 END
START -2832 4736 11952 2646 -3188 -10769 END
START -2200 4236 11396 2640 -2788 -10356 END
START -248 3160 10248 3854 -80 -8718 END
START 168 3156 9216 5253 1632 -7208 END
START 1508 3948 8764 6779 3174 -5147 END
START 1996 4888 8692 6984 4682 -3294 END
START 1920 6028 8376 6504 6004 -2474 END
START 1964 6756 8276 5326 7240 -2144 END
START 1316 6740 8700 4696 8332 -2219 END
START 1280 6588 8784 3967 9548 -2562 END
START 460 6720 9520 3996 11653 -2016 END
START 20 7820 9568 4996 10900 -1055 END
START 284 8624 11156 6416 13000 2021 END
START -876 10312 12876 6835 12144 3222 END
START -840 9848 15852 6488 12839 4553 END
START -1776 9748 17428 5905 10666 6667 END
START -1168 9336 20804 7903 13853 10774 END
START -5244 13240 22840 8158 10965 11486 END
START -4632 15644 24180 6154 10625 11631 END
START -7328 16288 25688 7029 8691 14330 END
START -9056 16196 27092 4402 7270 14336 END
START -11280 13392 28236 857 4274 11974 END
START -12528 11524 30340 -4595 -135 7038 END
START -12588 7076 29048 -9156 -1281 2592 END
START -9924 -808 26984 -795 -4269 10128 END
START -10284 -1368 26332 1998 -5605 13062 END
START -10140 240 25748 -1101 -7397 7073 END
START -8600 -644 23960 -3455 -8511 2243 END
START -5264 -3704 19140 3637 -6502 8815 END
START -5304 -1584 20024 4589 -4705 9195 END
START -6864 -1040 16720 1187 -694 6267 END
START -5312 -1024 14544 -2823 -3653 -449 END
START -3940 -2036 12560 -1313 -2560 1194 END
START -3192 -2812 9976 694 1369 4367 END
START -2152 -2000 8992 -392 3415 2167 END
START -2600 -2172 9024 261 3112 1183 END
START -3892 -2300 9572 -1322 3803 -1391 END