START -2116 5860 14568 6657 -4874 -4147 END
START -3404 6608 14092 7990 -2960 -3661 END
START -4328 8572 15832 8204 -1490 -4403 END
START -5212 9348 16168 6948 -1170 -5828 END
START -4832 8476 16596 4921 -1561 -7082 END
START -4112 7744 16500 3743 -3029 -7019 END
START -4116 8272 16700 3952 -4079 -4968 END
START -3980 10124 17672 3797 -4339 -1707 END
START -4008 12176 19176 2994 -4809 1628 END
START -4504 13124 20756 -246 -5451 2552 END
START -6592 12776 21336 -3430 -4608 2266 END
START -5336 11256 20184 -852 -3591 2332 END
START -7836 13028 20236 473 -4487 4445 END
START -6316 14524 18576 1049 -4849 6094 END
START -6372 15712 18920 -907 -5517 7660 END
START -6332 15232 18416 -3999 -6615 8481 END
START -7348 12836 18376 -7940 -7945 8924 END
START -7908 10176 17376 -9486 -9038 10442 END
START -7752 7924 16540 -10251 -9461 12190 END
START -5320 6208 14648 -12371 -8080 14577 END
START -4980 5632 12312 -11860 -9193 16007 END
START -4132 5376 10848 -11508 -7458 17206 END
START -2792 4808 10128 -10057 -6366 18105 END
START -2868 3768 10164 -9116 -5397 17507 END
START -2232 2016 10356 -9562 -4880 16363 END
START -2220 576 10512 -10905 -4128 15415 END
START -2676 -1408 12060 -11259 5307 18391 END
START -2428 -332 8940 -13089 2236 17024 END
START -540 -1596 7084 -12101 579 16870 END
START -928 -2092 5552 -11296 2831 16669 END
START -596 -2496 4644 -9663 4299 15850 END
START -928 -3092 5036 -7816 5307 14527 END
START -100 -4248 7252 -7858 4988 11364 END
START 56 -5760 9548 -9389 6238 7655 END
START 160 -6988 10952 -11068 8383 3560 END
START 600 -8768 11724 -12254 10683 -156 END
START -416 -10656 11848 -13733 14796 -3757 END
START -1428 -12572 11548 -10566 16349 -5347 END
START -2128 -15460 12332 -9633 16606 -7824 END
START -2752 -16004 14788 -5574 15606 -9358 END
START -5632 -17948 17356 -2121 12770 -10010 END
START -4880 -16448 17080 859 10190 -8767 END
START -5832 -13572 17792 4243 7979 -8407 END
START -5352 -11260 19072 10280 5808 -5536 END
START -5616 -7860 17276 11325 3551 -6664 END
START -5848 -3092 17156 10305 8 -11823 END
START -4596 -2348 16716 11263 -415 -14607 END
START -7172 268 16604 10161 -1695 -20893 END
START -4180 1940 15344 8177 245 -22482 END
START -3052 2788 14512 7459 2358 -21008 END
START -2144 3872 14516 7497 4817 -17773 END
START -2172 5692 12988 7497 3110 -15256 END
START -1368 5532 13940 7591 9719 -9947 END
START -2584 7616 13520 6811 10721 -7969 END
START -2784 6772 15140 4579 14081 -7248 END
START -4316 7380 14712 83 16827 -7958 END
START -4748 7284 14176 -1094 17032 -8481 END
START -5636 8012 14636 -2238 18608 -5965 END
START -4640 7964 15932 -2215 18936 -4312 END
START -6716 9052 17052 -2755 17833 -2230 END
START -7188 9216 17544 -2815 17106 441 END
START -7760 8236 19308 -2800 16718 2582 END
START -7920 6604 17820 -355 15566 7993 END
START -9040 8860 19008 228 14922 14069 END
START -10036 10032 19700 -3184 13840 14506 END
START -10488 8428 20156 -3557 14376 18644 END
START -11116 8084 20448 -186 14057 24140 END
START -12216 7176 19872 371 12807 25839 END
START -13152 6264 20132 127 9507 25414 END
START -13508 3576 21112 405 7307 23700 END
START -14128 1160 21272 1733 5969 21672 END
START -14492 -488 20928 954 5295 17333 END
START -15132 -2124 19692 733 3270 13684 END
START -14516 -2872 17712 1831 -157 11122 END
START -14024 -2852 16136 2202 -3846 7807 END
START -13676 -2616 14964 817 -7607 2935 END
START -12900 -2516 14144 -2187 -10410 -3113 END
START -10104 -4676 14220 -2577 -3741 -3451 END
START -9592 -4412 12052 -3145 -10599 -6192 END
START -8864 -4404 13536 1621 -9554 -2190 END
START -5128 -3640 12916 2172 -8034 -3131 END
START -5764 -2636 13232 1278 -3336 -4519 END
START -6216 -1960 13852 -322 -1316 -6808 END