START -1444 5344 11924 3321 -1441 -5784 END
START -784 5760 13588 3712 -766 -5148 END
START -824 5652 14048 3401 -312 -4930 END
START -640 6108 15172 3153 155 -4476 END
START -508 6732 15808 3750 864 -3281 END
START -824 8360 17308 4255 1080 -2136 END
START -2516 10724 19432 3284 3257 -1770 END
START -2576 11332 19468 2569 2010 -2244 END
START -2828 12308 20656 1638 775 -2214 END
START -1920 13728 20916 2559 1032 -2281 END
START -3480 15212 21260 2039 -672 -66 END
START -3004 17000 22564 1877 -1697 1813 END
START -2820 18332 22836 750 -2638 3217 END
START -3564 18956 23364 -1293 -3874 4149 END
START -4244 18344 22992 -3289 -4995 4808 END
START -4136 17728 21392 -3716 -5972 6531 END
START -3136 17040 20384 -3868 -7291 8077 END
START -1932 16372 19588 -4756 -8481 9062 END
START -1104 15356 18252 -6315 -8511 9358 END
START -980 13452 17244 -6939 -8869 9534 END
START -1260 11312 15896 -7820 -8479 9326 END
START -1636 9192 14296 -7620 -7965 9877 END
START -2060 7708 12688 -7141 -7373 10700 END
START -2276 6484 10968 -6287 -6548 11617 END
START -1820 5656 9292 -5745 -5686 12270 END
START -1136 4576 7984 -6327 -4585 12099 END
START -364 3756 6888 -6689 -3346 11943 END
START 248 3072 5868 -6606 -1633 12006 END
START 900 2540 5092 -7398 690 11459 END
START 1404 2048 3856 -7111 2860 11797 END
START 1548 1680 2884 -7228 5907 12361 END
START 2016 1336 1944 -6794 8406 13293 END
START 1904 860 1180 -7153 11400 14171 END
START 1464 432 1428 -7480 13749 15001 END
START 224 152 2340 -8897 15237 15280 END
START -1436 -452 3780 -10783 16055 14029 END
START -2980 -2144 4812 -12805 16877 11275 END
START -4920 -3444 6436 -13659 16935 6282 END
START -6160 -6292 8176 -13210 14878 693 END
START -7800 -9428 13672 -11952 10764 -4516 END
START -9020 -12964 19112 -10804 5685 -9538 END
START -9568 -18020 25896 -13509 1819 -16455 END
START -7464 -18776 27020 -13597 77 -20245 END
START -3604 -21248 28392 -7898 -716 -15746 END
START -1880 -21052 29100 -411 -321 -12328 END
START -2560 -19512 22420 10798 4379 -3642 END
START -2072 -13832 26572 18940 6157 -8154 END
START -5568 -8760 23656 19853 6273 -7620 END
START -5452 -4748 19084 19953 5253 -6902 END
START -6596 216 18132 18840 5567 -5649 END
START -7736 3452 15360 16664 3845 -6612 END
START -8540 5716 12316 15065 1352 -9063 END
START -5816 7400 11472 12552 341 -12267 END
START -5304 9196 9068 12064 -497 -11356 END
START -2984 11224 8264 12784 -139 -8758 END
START -260 12280 8532 9577 1835 -8373 END
START 108 12952 8232 8017 2852 -7543 END
START 2908 12484 8000 6393 3300 -7278 END
START 3204 12300 8460 3404 5786 -7557 END
START 2876 11488 8420 2435 7576 -6945 END
START 2932 10520 8948 2620 9911 -5697 END
START 2348 11144 9360 2617 12083 -4512 END
START 1392 12712 10004 3808 12587 -3145 END
START 1456 14224 11488 4489 13646 -538 END
START 1284 15896 12620 5268 15846 2935 END
START 1424 14428 14492 10184 19484 10128 END
START 472 18300 14468 8138 17591 12779 END
START -1528 18860 18524 5816 17238 11252 END
START -4396 20440 21024 4196 16313 13010 END
START -5532 19972 26004 -730 14983 12429 END
START -10852 19904 28116 -750 12936 13083 END
START -12996 18792 28496 -4236 8440 10043 END
START -15456 13936 27300 -5496 4629 8727 END
START -12820 9020 28268 -3166 -139 11863 END
START -13912 8288 27148 -5363 -2466 9734 END
START -14124 4972 25780 -10416 -5735 4031 END
START -9716 -2932 19336 -4027 -5155 9436 END
START -9536 -1768 19060 -3050 -6451 11346 END
START -9944 -1156 17176 -6701 -3650 7645 END
START -8552 -744 13124 -5292 -7893 3685 END
START -7796 -128 12824 -7862 -9175 -606 END
START -4488 -2500 10396 -8113 -7079 -1642 END
START -5044 -3460 9776 -4509 -4282 414 END
START -4028 -3284 10788 -4168 -1635 -1172 END