START -5252 7884 16280 2196 -94 -4075 END
START -3068 8396 15020 852 -627 -3516 END
START -1472 8416 13604 2508 -1101 -1053 END
START -2532 9816 15532 2497 -982 973 END
START -2356 10180 16332 2042 -1791 2085 END
START -876 10932 17324 1410 -2962 3365 END
START -156 11920 18516 35 -4015 3845 END
START 992 12408 19284 -1214 -4321 4300 END
START 304 13588 22264 -3095 -5199 4643 END
START 1008 13448 22208 -4861 -5348 4881 END
START 180 12740 21264 -6195 -5270 5178 END
START -660 11468 19600 -7468 -5081 5673 END
START -1216 10088 17624 -8171 -5329 6717 END
START -1396 8764 15764 -8258 -5875 8062 END
START -1020 7836 14196 -8384 -5637 8960 END
START -724 7068 13068 -8802 -4997 9609 END
START -772 6264 12228 -9103 -4213 10040 END
START -264 5036 11152 -9669 -3042 10344 END
START -212 3560 10432 -9721 -1602 10840 END
START -732 2232 9460 -9570 -44 11239 END
START -1132 1060 8444 -9302 1434 11560 END
START -1740 320 7312 -8643 2459 11907 END
START -2328 -448 6644 -7939 2945 11500 END
START -2272 -1352 6480 -7554 3275 10730 END
START -2068 -2280 6620 -7382 3882 10560 END
START -1952 -3120 7516 -7725 4768 10282 END
START -1920 -4160 8096 -8387 5568 9810 END
START -1764 -5176 8536 -8767 6634 9395 END
START -1596 -6464 9120 -8721 7417 8778 END
START -1688 -7704 9648 -8544 8177 7764 END
START -2172 -9016 10608 -7515 7958 6310 END
START -2364 -10220 12288 -6467 7338 3898 END
START -2832 -11684 14740 -5844 6351 399 END
START -2420 -13120 16432 -4961 4726 -3143 END
START -2024 -16412 18360 -3852 4254 -5602 END
START -2412 -17204 21072 -632 4069 -6359 END
START -2200 -16912 20636 1038 4482 -8244 END
START -2032 -16184 20224 5408 3800 -8954 END
START -1640 -13784 20208 9856 3266 -8730 END
START -1464 -10212 19840 12706 4359 -9262 END
START -1704 -7060 17996 14580 5860 -9639 END
START -2084 -4020 15880 15748 7027 -9362 END
START -2592 -792 13792 15828 8634 -9142 END
START -3292 1856 11552 15522 9679 -7988 END
START -3552 5136 10476 16422 9243 -5774 END
START -3320 8060 10168 15180 8964 -4824 END
START -3020 10524 10312 12487 9292 -5151 END
START -2828 11368 10668 9033 9513 -6448 END
START -2548 11192 11364 5086 9619 -7568 END
START -2264 10604 11532 1698 10071 -7630 END
START -1496 10632 12512 1015 10601 -6047 END
START -856 11116 13844 1664 11516 -3424 END
START -608 12032 15076 3314 12735 -523 END
START -2224 14208 14636 3726 12361 1377 END
START 180 13808 19636 6497 14217 5422 END
START -296 13704 18776 4275 17057 5105 END
START -3340 14284 21316 5372 14450 8185 END
START -2656 14988 23184 2881 11853 9379 END
START -1936 13992 24312 3377 12605 14528 END
START -4284 14992 26772 3060 9878 16188 END
START -5164 15524 28120 36 8750 15551 END
START -9588 14884 30504 -7075 5800 8448 END
START -10960 10024 31044 -12373 3740 3612 END
START -6848 1408 25000 -5223 1427 11733 END
START -9892 892 28264 -4631 1060 14878 END
START -11960 1244 27300 -4539 -249 12695 END
START -11908 440 25408 -2524 -4879 10620 END
START -11488 48 24084 -3009 -7614 7313 END
START -10748 -1240 22664 -4222 -7815 4291 END
START -9748 -2548 19448 -4693 -8129 2231 END
START -9036 -2980 16372 -4202 -9077 705 END
START -7220 -2912 14332 -3395 -10384 -457 END
START -4792 -2868 13192 -2368 -9230 -2642 END
START -3240 -2392 11508 -862 -6935 -2821 END
START -4912 -500 8852 904 -2259 -1445 END
START -3760 -1872 6856 -1644 -810 -4359 END
START -3816 -628 6284 -1257 1567 -5212 END
START -4496 -1704 5096 1674 2793 -2535 END
START -3656 -1796 5908 1314 3028 -1398 END