START 2508 4196 12732 2419 -3646 -5932 END
START 772 5652 14084 2131 -1671 -5976 END
START 200 6320 14148 1914 -1102 -5947 END
START -600 7312 15040 1165 -910 -5768 END
START -1256 8408 16528 601 -889 -5236 END
START -2596 9580 18568 313 -1358 -4458 END
START -3340 10792 20280 -519 -1149 -4041 END
START -4776 12524 22280 -174 -1971 -3136 END
START -7700 15264 25480 -1591 -2084 -3288 END
START -5528 15088 23428 -803 -3188 -1569 END
START -4752 15560 23400 -708 -4368 595 END
START -4776 15796 23560 -2563 -6044 2344 END
START -5112 15492 24628 -5381 -7612 3343 END
START -5052 14188 23972 -6996 -8598 4368 END
START -4508 13372 22244 -6549 -8855 4996 END
START -3400 12808 19180 -5431 -8570 5903 END
START -2412 12848 17596 -4632 -9173 6706 END
START -1416 12220 16604 -5128 -9622 7268 END
START -800 10736 16164 -7150 -9375 7662 END
START -1104 8604 14680 -8786 -9088 7608 END
START -1048 6948 12856 -8963 -8953 7652 END
START -748 6224 11680 -8168 -8439 8192 END
START -76 5940 10780 -7183 -7586 8878 END
START 476 5264 10200 -6305 -6602 9514 END
START 956 4632 9476 -5967 -5755 10165 END
START 660 3992 8548 -5950 -4468 10718 END
START 564 3400 8008 -6329 -2827 10893 END
START 124 2612 6548 -7324 -1471 11026 END
START -736 2048 5512 -8084 -667 11189 END
START -920 1332 4984 -8240 173 11483 END
START -708 904 4520 -8307 1300 11670 END
START -76 456 3904 -8073 2944 11445 END
START 1200 -112 3172 -7886 4526 11181 END
START 2176 -592 2232 -7117 7317 11058 END
START 2712 -780 1604 -6248 10522 10860 END
START 3172 -892 584 -5272 13552 10973 END
START 3056 -960 736 -4257 16486 11119 END
START 2072 -1692 2340 -5116 18439 10408 END
START 700 -2980 4416 -7429 19169 9249 END
START -1588 -5356 6672 -9264 18313 7294 END
START -4024 -7972 10524 -10891 15816 3595 END
START -7268 -11004 15596 -11715 15903 -1030 END
START -5300 -13508 21048 -13238 11165 -8487 END
START -5828 -17352 24756 -12639 7178 -12711 END
START -3776 -21840 28440 -9196 5755 -14604 END
START -6660 -23224 32767 -6756 6799 -17408 END
START -760 -28308 27104 13680 8673 -1380 END
START -8840 -14496 32767 3485 5419 -6972 END
START -9280 -10684 27604 3766 7751 -11531 END
START -8308 -8660 23872 17386 5460 -5696 END
START -9236 -5276 21540 19062 6710 -4658 END
START -9628 -324 19336 17399 3949 -5628 END
START -10444 3104 15504 16066 473 -7053 END
START -8280 4796 15412 13915 -1482 -8358 END
START -5904 5908 14136 12160 -1071 -9164 END
START -4108 6084 13164 10068 183 -9492 END
START -3816 7584 11272 9167 -336 -9645 END
START -1736 6636 10300 8725 532 -9086 END
START -876 7652 10276 7990 1885 -7946 END
START 876 7920 9068 7742 2747 -6888 END
START 832 9560 9136 7448 4549 -5601 END
START 1156 10560 9136 6390 6335 -4844 END
START 1296 11408 9268 6145 7667 -3750 END
START 1116 12316 10180 5529 8846 -2282 END
START 1084 12968 11496 4877 9890 -185 END
START 580 14048 12404 4616 9495 1473 END
START 1024 14624 13852 4155 10606 4057 END
START -888 15868 16060 2589 12830 5842 END
START 284 15720 15192 3490 14235 9562 END
START -1284 15640 17628 9398 13921 14507 END
START -3852 18564 18752 6694 14387 14512 END
START -4904 17672 20740 3780 11838 13658 END
START -7164 16448 24592 -2057 9086 11173 END
START -7640 12568 25980 -7716 10040 9599 END
START -11316 10268 24436 -5268 4932 11721 END
START -13056 8180 24288 -8921 3129 8347 END
START -13504 3892 24376 -6661 1124 10156 END
START -12688 1424 25280 -1201 -1018 14146 END
START -13636 1052 25552 -2573 -1642 10368 END
START -11924 -556 22284 -7995 -2246 4100 END
START -6784 -5820 19552 -578 -3214 10818 END
START -7848 -4064 21088 4682 -2557 14770 END
START -7000 -2832 18476 2182 -1666 8169 END
START -7480 -2884 15036 812 160 4656 END
START -4704 -3356 12604 563 877 2827 END
START -5292 -2600 10988 -396 3066 -837 END
START -4628 -3164 9356 36 3980 -2423 END
START -5084 -3592 9228 -1022 4208 -4662 END