START 1076 3320 11092 7246 310 -5889 END
START 684 3988 11000 6865 1753 -6526 END
START 692 5248 11452 6742 2987 -7370 END
START 120 4464 11260 6574 3613 -7192 END
START 188 5720 12424 5443 5246 -6893 END
START -604 6608 13236 5667 5110 -5204 END
START -1548 7888 14952 5117 4752 -2390 END
START -1540 9988 17192 4546 3411 -527 END
START -1056 12360 19364 4209 2217 802 END
START 416 14320 21900 2902 924 1398 END
START 28 16240 24240 1356 295 1780 END
START 360 18272 25520 1525 394 1676 END
START -1316 17444 27076 -1198 -1887 3524 END
START -1484 17144 28672 -3900 -2430 3653 END
START -2424 15344 27024 -5497 -3631 4610 END
START -2716 14308 24848 -5158 -5309 6036 END
START -2448 13396 22972 -4409 -6462 7780 END
START -2260 12720 21568 -4135 -6811 9331 END
START -1872 11532 19812 -4527 -6985 10774 END
START -1960 10432 17584 -6009 -6855 11390 END
START -1484 8352 14824 -7872 -6378 11754 END
START -1032 5936 12544 -8211 -6113 12474 END
START -364 4136 10852 -8324 -4893 13279 END
START 208 2516 9272 -7938 -3433 13693 END
START 740 1420 8056 -7774 -2291 14043 END
START 1176 936 7384 -7272 -995 14661 END
START 916 336 6592 -7534 287 14216 END
START 1056 -588 6484 -7835 947 13597 END
START 1100 -1500 6316 -8304 2091 12909 END
START 1048 -2600 6544 -9453 3648 11299 END
START 732 -3880 6592 -9948 5039 10077 END
START 528 -4920 6180 -9732 6673 8790 END
START 260 -6468 6100 -8603 7690 7793 END
START 300 -7632 6988 -7293 8494 6622 END
START 100 -8408 8012 -6302 9014 5943 END
START -172 -8608 9120 -6020 9557 5084 END
START -892 -9540 11004 -5995 9764 4316 END
START -2228 -9960 13544 -6558 9360 2423 END
START -3060 -11444 15060 -7413 9226 -191 END
START -4936 -12004 17080 -7100 7284 -5011 END
START -3644 -14836 18876 -2647 5981 -5774 END
START -3512 -15492 21740 -2247 5965 -8398 END
START -3552 -15128 21736 346 5715 -10866 END
START -2800 -14812 21604 4959 4006 -11480 END
START -2464 -12828 22628 8979 3785 -9972 END
START -2652 -9248 21608 11261 4378 -8951 END
START -3900 -5596 20492 13354 4831 -9119 END
START -2136 -2320 18028 15412 6066 -9510 END
START -4812 972 15160 14775 3948 -8467 END
START -4912 4252 15308 13652 5387 -9525 END
START -4104 6644 12836 13247 4485 -9233 END
START -2824 8548 11644 11372 3788 -9778 END
START -2356 9804 11436 9238 4380 -10517 END
START -2304 10480 10300 7313 5621 -9636 END
START -2256 11020 9544 5984 6700 -7842 END
START -1908 10912 8496 4459 7856 -6762 END
START -764 10708 7408 3508 9111 -5903 END
START 512 10900 6964 3565 10302 -4238 END
START 1284 11800 8016 4047 11296 -2669 END
START 1576 12464 9672 4220 12749 -1516 END
START 936 12876 11688 3117 14967 -677 END
START 600 12132 13188 1724 17331 1281 END
START 768 11020 12840 4784 17736 5568 END
START 112 14420 17092 4771 17215 8058 END
START 620 16400 16892 4110 15156 7688 END
START -504 17012 23012 5641 15319 10518 END
START -1408 17744 26140 4301 15992 14245 END
START -4088 18856 28252 1800 14634 15266 END
START -6476 18264 30808 -2287 11954 14851 END
START -7732 15888 32272 -4448 8281 14011 END
START -12200 15704 32767 -11030 4064 8650 END
START -8772 5736 26116 -9648 3291 12793 END
START -11600 4944 32767 -3999 -348 17840 END
START -12264 4240 29144 -5723 -4061 10108 END
START -15524 3080 28428 -11938 -9484 -1995 END
START -13240 -1772 23044 -10014 -14655 -5045 END
START -8552 -6480 22088 -5790 -13106 -442 END
START -7156 -8372 22176 -1287 -9652 7054 END
START -9064 -6192 16896 -1140 -7402 4364 END
START -7736 -6588 11260 1954 -5347 2863 END
START -6332 -4548 11804 3329 -2999 482 END
START -7048 -4672 9344 3625 695 -112 END
START -6636 -4948 8680 2925 1673 -1835 END