START -6720 8720 20380 63 -1565 -5153 END
START -6732 8916 19320 1737 -3391 -1539 END
START -7240 10832 21632 1737 -4716 432 END
START -6356 13184 21600 -1167 -6137 467 END
START -6168 12776 21960 -1339 -7935 1549 END
START -5088 13308 22472 -1253 -8536 2257 END
START -3936 13104 21708 -1570 -9144 2615 END
START -3336 13044 21424 -1800 -8907 3536 END
START -3312 12332 19532 -1996 -8471 5157 END
START -3540 12332 18112 -2341 -8381 7301 END
START -3460 12724 16808 -2664 -8506 9097 END
START -3208 13016 14720 -3907 -8636 9348 END
START -2412 12440 13424 -5245 -9513 9306 END
START -1912 11688 12224 -6729 -9690 9019 END
START -1524 9956 11168 -7592 -9619 8923 END
START -892 8380 10332 -8140 -8964 9194 END
START -764 6976 9404 -8334 -7534 9615 END
START -84 5612 8004 -8427 -5945 10322 END
START 520 4448 6816 -8211 -4351 11520 END
START 1192 3448 5688 -8133 -2820 12767 END
START 1784 2780 5328 -8062 -1378 14188 END
START 1924 2668 4972 -8200 252 15389 END
START 2228 2240 5208 -8508 2285 15923 END
START 2320 1848 4928 -9283 4414 15973 END
START 2092 1244 4532 -9996 6875 15504 END
START 1112 324 4264 -10360 9253 14366 END
START 56 -856 3996 -10155 10996 12860 END
START -812 -2512 4088 -9599 11872 10940 END
START -1068 -4088 5172 -9122 11988 9585 END
START -1148 -6056 6996 -9217 11958 8731 END
START -1256 -7336 9148 -10511 12266 7870 END
START -2304 -8416 11820 -10229 11487 7443 END
START -4044 -9840 15148 -11859 11266 3927 END
START -2728 -12580 16900 -13130 10080 -547 END
START -6720 -15348 19320 -10191 7373 -6000 END
START -6784 -17296 21608 -7346 5351 -10206 END
START -5424 -18940 24372 -2946 2614 -10313 END
START -3604 -18764 28988 -2171 1310 -10700 END
START -3740 -17608 28556 81 1159 -9625 END
START -3308 -17716 25720 7879 2344 -5317 END
START -3668 -12776 27556 12080 3263 -4416 END
START -2352 -10044 20392 13245 3984 -8039 END
START -5792 -5660 18432 17368 3196 -6854 END
START -5596 -1732 17720 17271 4346 -5220 END
START -8024 1948 14792 16547 3379 -3568 END
START -6588 4016 12376 14586 2095 -3063 END
START -5940 5588 11168 12112 514 -3880 END
START -4644 6240 10368 10054 -1292 -5096 END
START -3348 6456 10252 8581 -2620 -7091 END
START -1156 6220 9912 5835 -1956 -9185 END
START -304 6128 8684 6136 -1151 -8309 END
START 1424 6860 9092 6473 910 -7590 END
START 1964 7052 8972 5688 3148 -7386 END
START 2480 6884 8324 5099 5031 -6937 END
START 3164 6536 8304 4495 7008 -6705 END
START 2380 5196 7476 4239 7602 -6199 END
START 2956 5116 7156 4512 10821 -6275 END
START 3168 5724 7376 4696 13062 -4982 END
START 2668 7076 6804 6406 15824 -2958 END
START 2588 9008 7580 8899 18242 -24 END
START 676 11480 8872 10108 19238 2551 END
START 1028 13708 10468 10180 21936 5046 END
START 96 14096 13272 7879 24594 5577 END
START -1612 13416 14536 10897 22377 8537 END
START -4208 16472 17848 8417 21219 11687 END
START -8064 18752 24376 2825 21205 7960 END
START -9488 16336 26540 6259 19255 13469 END
START -13496 17128 30320 6465 16300 14456 END
START -15712 16044 29972 4602 11464 11599 END
START -19268 15824 31296 -1035 7675 6429 END
START -18860 12104 29904 -3057 3489 5794 END
START -16256 7876 28368 577 434 10187 END
START -16852 8328 29580 388 -2742 10732 END
START -17008 7988 26760 -5672 -4140 4709 END
START -15748 4828 23688 -6253 -4910 5203 END
START -13108 1540 20548 417 -4854 13333 END
START -12428 3204 19520 -2646 -3160 13455 END
START -13196 3588 17252 -7906 -3510 7758 END
START -11288 1188 11744 -9922 -1348 7263 END
START -8872 -1580 9648 -9622 -1100 5869 END
START -7968 -3084 8724 -7112 -272 6296 END
START -8800 -4040 8544 -8703 -1327 2010 END