START 3348 1928 11460 3895 -1720 -7354 END
START 2752 3924 15412 4979 -112 -5204 END
START 3692 4804 17008 4292 278 -4488 END
START 3312 4864 17432 3154 1559 -4075 END
START 3640 6036 17420 2219 2705 -4336 END
START 3344 6676 18280 2821 2303 -3747 END
START 5476 7468 20300 4193 416 -1566 END
START 3008 10444 23040 3927 121 651 END
START 2268 12240 24400 2643 -704 2427 END
START 4072 12628 24048 -168 -1227 2178 END
START 1884 13088 23900 -582 -1328 1804 END
START 600 12460 23048 -2756 -2588 1887 END
START 916 11568 22124 -2345 -3584 3553 END
START 1920 10880 21524 -1934 -3888 5565 END
START 2580 10232 20156 -2275 -3641 7510 END
START 3260 10244 18748 -2048 -3780 9031 END
START 2684 9508 18036 -3261 -3654 9386 END
START 1976 8076 16584 -4633 -3656 10093 END
START 1044 6708 15380 -5971 -3383 11213 END
START 128 5548 13892 -6824 -2804 12141 END
START -380 4212 11696 -7111 -2125 12767 END
START -900 2968 9832 -6874 -977 13039 END
START -1084 2092 7816 -6484 -119 13079 END
START -692 1280 6208 -5168 866 12613 END
START 200 256 5124 -4736 2172 11470 END
START 1240 -892 4840 -3787 3176 11665 END
START 2028 -1576 5140 -2962 5667 12494 END
START 1960 -2184 5492 -2645 8702 13315 END
START 1072 -2444 5744 -3171 11181 14174 END
START -260 -2664 5708 -5072 12934 13875 END
START -3164 -2924 5328 -7989 13624 11769 END
START -3920 -4052 5340 -9447 15027 9677 END
START -3184 -5996 6484 -10767 15439 7554 END
START -3552 -7616 8652 -12751 13419 2713 END
START -4828 -9240 10744 -12427 12573 -1251 END
START -5036 -11312 13188 -13060 11110 -5645 END
START -6352 -15768 16992 -13995 9218 -10726 END
START -8996 -17592 17756 -12566 4204 -17990 END
START -5340 -26292 17368 -6361 1981 -18231 END
START -3612 -25104 23196 6573 411 -13292 END
START -204 -22952 23612 11231 7546 -6653 END
START -56 -15396 18072 10585 3821 -8397 END
START -2852 -9384 19856 18500 7495 -8814 END
START -2496 -6896 18548 19354 9326 -9698 END
START -4672 -1624 16400 20853 10768 -8528 END
START -6048 2220 12796 16847 10360 -10704 END
START -5868 4420 11340 15130 6551 -13188 END
START -5764 6232 11060 13659 4339 -13244 END
START -4728 8792 12280 12108 5470 -12400 END
START -3496 10148 11992 10575 8233 -11441 END
START -2760 11492 11404 10492 9524 -9238 END
START -1532 12588 11568 10298 9876 -6433 END
START -1552 14028 12172 8910 11061 -5609 END
START -1356 14592 13028 8054 11659 -5238 END
START -992 15300 14168 7282 13077 -4686 END
START -472 16440 15404 7021 13982 -1785 END
START 520 17324 16288 8274 14568 3763 END
START -1044 18940 19548 9108 12633 6419 END
START -852 19788 20100 7366 13388 8319 END
START 476 19276 23364 4331 13426 9124 END
START -380 18576 25080 2949 13127 11386 END
START 456 17324 27508 460 9994 12814 END
START -1588 16108 28652 1711 10135 17322 END
START -5904 16452 29992 -3381 7645 15688 END
START -10084 14456 31384 -8204 3845 9469 END
START -6856 6060 25496 -8533 1882 11862 END
START -11320 5704 32767 -5665 -2042 14313 END
START -11612 3988 31264 -10663 -5825 5862 END
START -12792 2856 27920 -12908 -11151 -3850 END
START -9612 -580 23084 -13591 -14382 -8183 END
START -8632 -2484 22968 -8981 -13849 -5436 END
START -3640 -6612 19320 1279 -9249 7165 END
START -5568 -2724 17604 2619 -4416 11937 END
START -5580 -720 11464 2502 -4453 7739 END
START -5372 -1648 10212 2908 -2703 5979 END
START -6776 -1808 9160 1662 -1347 5500 END
START -6920 -2992 7620 -2644 -1284 1865 END