START -3716 8152 20760 2962 -4066 -7731 END
START -5352 7848 19744 3501 -2464 -5580 END
START -5440 9372 19392 4939 -3020 -1582 END
START -5900 10756 18960 4050 -2894 805 END
START -4520 11576 17472 3860 -3598 3644 END
START -6888 12600 18176 3193 -5678 6182 END
START -6784 12128 17588 651 -6820 7464 END
START -7604 11408 17252 232 -8278 9163 END
START -8236 10952 16288 -1100 -8107 10560 END
START -6220 11616 14684 -1705 -9080 11797 END
START -4940 11752 15048 -350 -10322 12934 END
START -4096 10540 16328 -1991 -9878 12468 END
START -4940 8036 15784 -5048 -7572 12562 END
START -2588 6376 13096 -7139 -6668 14355 END
START -1572 5304 11728 -5272 -6845 18716 END
START -920 5344 11468 -5264 -5510 22821 END
START -680 5512 11628 -6192 -4153 24336 END
START 1008 5464 9848 -8372 -1181 25911 END
START -1532 5192 10828 -10353 -3096 21760 END
START -104 3832 10288 -11694 -2784 18899 END
START 276 2508 10392 -13144 -2205 15418 END
START 1076 1360 10992 -13739 -347 12922 END
START 1672 -156 11220 -15154 2518 11414 END
START 2388 -1512 10812 -15753 5857 11364 END
START 3012 -2296 11512 -15928 9062 11879 END
START 3008 -3272 12912 -16129 17256 13390 END
START 2700 -3184 10876 -18533 19358 12314 END
START 2740 -4724 10736 -18857 23418 12414 END
START 1252 -6732 10872 -21256 28683 11124 END
START -4060 -8424 9808 -23808 32767 7390 END
START -5196 -11712 8856 -19108 32767 3881 END
START -10108 -15696 7908 -12384 32767 -155 END
START -13136 -17764 11064 -5165 28687 -2260 END
START -15824 -17584 11076 1184 14225 -4050 END
START -14188 -16628 15624 5642 2934 -7588 END
START -15832 -12004 16472 10304 -6617 -10861 END
START -13776 -8656 18240 12476 -11054 -19023 END
START -7316 -7136 14632 13096 -24326 -29722 END
START -5264 -8304 17036 13385 -19722 -32768 END
START -1888 -6344 16304 19708 -18368 -32768 END
START 44 -4300 15288 24129 -12494 -32768 END
START -1592 -4908 12500 27519 -6242 -32768 END
START -1372 -2300 14684 32767 -3926 -24261 END
START -3392 4616 13488 30134 -1480 -17593 END
START -5216 8836 13060 21857 1682 -14696 END
START -1080 11292 10956 16131 5403 -9733 END
START -2144 12596 11784 11705 10835 -6008 END
START -1976 11860 10268 2813 13627 -6124 END
START -1836 12120 10716 -2939 16979 -6881 END
START -1356 10784 12544 -8525 26897 -6619 END
START -2748 11196 12296 -12358 32766 -7648 END
START -848 10800 13340 -16704 32767 -9926 END
START -3128 10156 14852 -20881 32767 -9985 END
START -6740 7328 14948 -25545 32767 -6533 END
START -11076 5260 15488 -24657 32767 3621 END
START -13648 4940 16952 -17077 30589 18619 END
START -15628 4856 19760 -11294 24544 31318 END
START -20460 8184 24412 -10489 21941 32767 END
START -22124 7832 22040 -6753 17430 32767 END
START -24664 4704 21256 -5255 9214 31384 END
START -25756 260 18160 -2244 -2098 28736 END
START -23924 -1908 18052 1252 -12501 26598 END
START -20468 -2424 17940 3387 -20638 23007 END
START -16108 -2480 15676 7632 -24981 22812 END
START -9116 -2916 18504 10484 -21068 22400 END
START -11016 492 14936 10630 -21626 17771 END
START -10384 720 13836 4907 -19347 10746 END
START -8896 1908 12844 -128 -15866 5806 END
START -8440 1884 11340 -3771 -10085 1054 END
START -6780 168 11824 -7370 -1737 -5022 END
START -7140 -2392 11384 -5320 3384 -7596 END