START -6692 13056 24608 -796 -2018 2660 END
START -8420 16068 26104 864 -4171 4478 END
START -8524 17768 25292 -688 -5705 3526 END
START -7448 17036 24176 -1962 -7745 2326 END
START -5228 15528 24660 -3103 -9433 3361 END
START -3652 13460 24076 -4963 -9540 5200 END
START -2572 11612 23224 -4647 -9632 7007 END
START -1316 10148 21776 -4515 -9075 7901 END
START -960 8684 18580 -2649 -9925 9668 END
START -612 9316 18396 -2303 -9294 11056 END
START -900 9632 17400 -3436 -8831 11421 END
START -780 8956 15160 -4963 -8948 11442 END
START -532 8168 14060 -6415 -9251 11031 END
START -108 7020 13204 -7580 -9343 10200 END
START 464 5272 11828 -8457 -8786 9909 END
START 968 4140 10616 -8419 -7508 10094 END
START 1316 3196 9104 -7673 -5923 10837 END
START 1868 2456 7656 -7046 -3906 11734 END
START 1972 2344 6568 -6273 -1883 12653 END
START 1944 2440 5596 -5947 -184 13703 END
START 1848 2552 4700 -6077 1069 14609 END
START 1776 2700 4928 -6915 2096 15103 END
START 1432 2004 4712 -8774 3546 14725 END
START 1248 800 4768 -10607 4908 14030 END
START 748 -556 4896 -12231 6177 13616 END
START 884 -2032 4696 -12974 8048 12594 END
START 732 -3612 4308 -11845 10280 11353 END
START 3568 -5944 4688 -9929 11942 10508 END
START 1788 -6148 5840 -8129 14181 10669 END
START 1204 -7008 8268 -7906 15775 9845 END
START -364 -7408 10840 -8933 16344 7813 END
START -2596 -9196 13136 -10934 15848 4390 END
START -5060 -11904 14148 -12535 12846 -496 END
START -5876 -15592 17524 -14292 12221 -6750 END
START -6292 -17904 19904 -9260 7491 -9250 END
START -3972 -18660 23296 -7800 5991 -11835 END
START -2400 -18616 25140 -4687 5465 -11260 END
START -1172 -17388 27740 -1327 6646 -10266 END
START -1704 -16636 29732 4569 7142 -6865 END
START -2988 -15300 28212 6639 7602 -7191 END
START -3284 -10360 27952 6505 5941 -7890 END
START -6272 -7236 27416 9695 3539 -5102 END
START -6844 -2900 27108 11810 2603 -5189 END
START -7184 -364 23084 12737 868 -5829 END
START -7296 1608 19776 12110 -1530 -6755 END
START -6568 4332 17176 9891 -3935 -9639 END
START -4500 5220 14900 9540 -4479 -10430 END
START -3144 5240 12460 10446 -4713 -7999 END
START -1404 5952 12020 8186 -3034 -6741 END
START 856 5608 9840 6182 -2052 -6098 END
START 368 5080 8920 4976 -1084 -5878 END
START 1164 4084 8152 3801 372 -6085 END
START 1904 3016 7208 2727 1952 -6514 END
START 2288 2408 6192 2845 3154 -6270 END
START 2748 1936 5968 2418 4527 -6681 END
START 3228 1748 6080 3310 6295 -6203 END
START 3012 1964 5824 4594 8284 -4900 END
START 2144 2344 5360 6597 10488 -3065 END
START 1164 3912 5560 8001 13098 -1610 END
START 468 5708 6392 8351 14350 -821 END
START 36 6532 7100 9833 15445 -421 END
START 4 7924 8208 10957 15086 -31 END
START 972 9364 9952 11263 16145 1446 END
START 860 10432 12104 10511 16507 2553 END
START 680 11124 13940 10648 17507 5315 END
START 144 11128 13968 12168 19171 13662 END
START -1644 16340 20808 15900 21120 20694 END
START -1040 18804 19208 12448 21024 20293 END
START -6900 23172 24640 9425 17083 18307 END
START -7416 22988 29240 7021 15937 15798 END
START -12264 22168 32767 -65 14249 10479 END
START -13624 15648 32767 -3829 10968 7054 END
START -17016 10632 31792 -5269 7085 5972 END
START -16720 6840 30756 -4093 2766 6010 END
START -18448 4712 29560 -7611 3281 3709 END
START -15640 -28 27416 -5022 -2454 5647 END
START -14700 -2700 26928 -2117 -4226 8515 END
START -13616 -4232 23680 -3042 -5650 6548 END
START -11488 -4052 21908 -1820 -6745 5871 END
START -9016 -4884 19424 -1644 -4323 5346 END
START -10076 -2236 15504 -547 -6320 2344 END
START -7304 -2832 14840 -1745 -6462 400 END
START -6392 -3468 11572 -1683 -5867 -110 END