START -1560 5776 13000 2874 -1275 -3843 END
START -1976 6120 13280 2457 -88 -4968 END
START -2176 6096 13008 1523 1235 -5810 END
START -784 5380 13096 569 2076 -5711 END
START -2452 4756 13276 471 2555 -5063 END
START -2468 4156 13660 705 2921 -3870 END
START -2528 4308 14084 993 4444 -2669 END
START -3136 4968 14544 1401 5176 -1908 END
START -2568 5764 14752 2014 6236 -636 END
START -4272 8016 15632 862 4465 -2281 END
START -2716 7980 16732 -1531 4536 -3360 END
START -3268 8448 18604 -3076 6246 -4672 END
START -2276 7328 21228 -5794 7389 -6297 END
START -3752 7932 21704 -7435 7813 -7585 END
START -3976 6436 22056 -8376 11982 -6638 END
START -6036 4896 22612 -8272 12442 -4342 END
START -9464 5136 22908 -6226 9343 -2044 END
START -11760 6308 22524 -2613 4707 2628 END
START -12608 7828 22008 -689 -191 6649 END
START -14072 8088 22104 -432 -3885 7267 END
START -14924 8712 20960 -2048 -7624 6277 END
START -14512 7092 18416 -2740 -12411 6817 END
START -12796 6036 16416 -2890 -16539 8196 END
START -9952 5468 15184 -2767 -19136 10316 END
START -7412 5256 13616 -2778 -20545 12738 END
START -708 3124 12120 -2640 -21026 17613 END
START -3436 3832 13340 -3427 -19256 20131 END
START -1712 2412 12496 -5631 -18873 20022 END
START -1028 1692 12536 -8040 -15028 21174 END
START -88 1332 10596 -10476 -13877 19989 END
START 1512 780 9944 -12213 -9595 20204 END
START 708 1060 8888 -12767 -7991 18041 END
START 2256 -360 8756 -12313 -6274 15899 END
START 2528 -1152 9120 -12174 -4300 13944 END
START 2652 -2892 9376 -12153 -290 13455 END
START 2040 -4028 10280 -12845 281 11166 END
START 1848 -3996 9696 -11220 2732 11955 END
START 1604 -4344 9536 -10693 6145 11902 END
START 1564 -4472 9480 -10141 9074 11479 END
START 1388 -4384 10020 -9866 11477 10664 END
START 676 -4660 11056 -11254 14036 8946 END
START 0 -5744 12368 -14541 16423 5917 END
START -2028 -7604 11956 -17590 18253 3525 END
START -2716 -9220 13100 -19813 26635 3683 END
START -4320 -11832 14168 -20815 20080 -23 END
START -6804 -16456 12408 -14738 18820 -291 END
START -8256 -17848 13140 -7694 16613 -2142 END
START -9136 -16788 14652 343 13553 -5527 END
START -9524 -14996 16988 6876 10223 -7762 END
START -10372 -13168 18440 6510 9171 -11981 END
START -11908 -11592 18352 4786 7302 -15715 END
START -10008 -11396 16500 5122 3310 -18874 END
START -8952 -10208 15660 9811 546 -14718 END
START -7856 -7812 16696 12327 -810 -13190 END
START -6352 -5260 16704 12517 -1070 -14534 END
START -7084 -3160 15924 15286 2494 -12024 END
START -3048 432 13160 15410 1413 -10961 END
START -4624 2928 13232 15823 4715 -10146 END
START -2752 4780 11676 14772 7750 -8813 END
START -3800 6184 12052 13098 11645 -9204 END
START -2996 7268 10504 9693 12154 -11486 END
START -3192 6728 10948 6217 13943 -12910 END
START -3036 6292 12084 2687 14058 -12846 END
START -2188 5668 14004 -169 17185 -10796 END
START -3812 6504 15200 -3827 18656 -9938 END
START -3328 5668 16004 -6391 22910 -7841 END
START -3480 4676 17740 -8302 25304 -5059 END
START -5848 4584 15692 -4960 27209 1806 END
START -7524 7632 16104 -4399 28329 6107 END
START -10140 9824 16976 -7137 26762 7494 END
START -10408 11636 18476 -8745 20158 12198 END
START -11044 10068 20704 -10513 14831 16635 END
START -13916 6872 22208 -10755 11347 22442 END
START -16060 4516 21156 -9630 11232 26904 END
START -18684 3440 20124 -5209 8585 30124 END
START -19792 3732 18508 -959 4783 30356 END
START -20368 2580 17580 937 583 28966 END
START -19220 -196 17376 1070 -2258 24212 END
START -18276 -3540 17080 1057 -6119 19035 END
START -16972 -5972 16764 1679 -7983 14519 END
START -15784 -7368 15884 1951 -9137 10783 END
START -15240 -7236 13500 1349 -11278 6586 END
START -11628 -8056 12180 302 -4401 6607 END
START -10576 -8432 6976 5142 -10061 6508 END
START -9608 -8024 9832 11312 -9485 11358 END
START -7624 -3844 10136 9625 -7709 7365 END
START -8716 -1600 12856 1656 2674 -1054 END
START -8872 -3300 12052 -4725 8235 -7173 END