START 2808 8112 16192 193 -2985 -7850 END
START 1796 6804 18108 -17 1331 -10193 END
START 1296 5296 16468 160 4723 -11102 END
START -232 2860 13736 146 7383 -10472 END
START -788 2472 12812 1419 9741 -6003 END
START -5296 2972 13376 4871 8471 29 END
START -5432 6180 15060 8698 2747 7278 END
START -5748 10912 18880 6869 125 8273 END
START -4924 13200 20544 3076 -823 3813 END
START -4440 11972 20540 -4440 -2026 -1751 END
START -7644 13712 27864 -3397 -5790 -572 END
START -4780 9968 24604 -5164 -4857 -1070 END
START -4064 8640 23044 -1283 -6616 3210 END
START -3860 8292 23960 -221 -7179 7066 END
START -3812 8232 23156 -852 -7533 9574 END
START -3716 8580 21508 0 -8317 11451 END
START -3216 9552 19740 399 -8900 12039 END
START -668 9828 18292 -254 -9007 11709 END
START -1288 8436 17332 -1483 -10047 11386 END
START -1096 6728 16644 -3167 -9505 11557 END
START -1020 5512 14532 -4047 -8491 12765 END
START -1112 4588 13200 -4497 -7778 14336 END
START -56 3468 11844 -5024 -7575 15640 END
START 300 2844 11448 -5625 -6628 16468 END
START 432 2256 10088 -6615 -5151 16953 END
START 1304 1472 9216 -7810 -3112 16839 END
START 2640 48 8544 -7995 -524 17728 END
START 372 576 7744 -7806 783 17574 END
START 2676 -1740 9212 -8173 2317 16810 END
START 1448 -1436 8260 -8925 4843 16733 END
START 924 -2268 8604 -7402 5927 16808 END
START 1120 -2812 8728 -8587 8979 15427 END
START 944 -2968 8444 -9062 12146 13465 END
START 1236 -3664 8444 -8725 15076 11595 END
START 1600 -3896 8712 -8981 17704 9494 END
START 1684 -4604 8508 -10642 21022 6949 END
START 900 -5616 8288 -12968 23680 5331 END
START -2352 -7056 8192 -14608 27381 6725 END
START -3332 -8780 7160 -14864 26617 8790 END
START -5312 -10044 9628 -17491 27499 6763 END
START -8012 -14112 9084 -10626 24241 6420 END
START -10184 -14160 11736 -5196 18534 3461 END
START -11172 -13544 14720 -2225 13199 -2370 END
START -12116 -14112 20024 -3301 8424 -9613 END
START -11964 -13096 21012 -5242 3886 -15286 END
START -10356 -14556 19756 -1524 755 -16236 END
START -9612 -13692 19896 630 -2046 -15905 END
START -7736 -12944 19488 3225 -3305 -16786 END
START -5788 -9824 17372 10086 -3678 -16299 END
START -4560 -6716 15912 11985 -2790 -18097 END
START -4328 -2900 15660 14431 -2328 -17578 END
START -2036 -112 16080 17779 -1556 -13562 END
START -1836 2776 16716 16512 821 -11746 END
START -2268 4148 17080 13679 4539 -12803 END
START -2692 4292 16044 10260 7436 -15674 END
START -3428 3040 15720 7755 12233 -18395 END
START -3564 2812 14544 5682 14482 -19961 END
START -3940 3416 14148 5002 12828 -20736 END
START -2164 2628 13520 5402 17415 -14786 END
START -3344 5440 14032 6374 18305 -8568 END
START -5852 8512 13860 6523 17355 -4540 END
START -4336 9304 13932 6306 18699 1189 END
START -6796 12824 13892 5772 17324 7006 END
START -5760 14832 14132 4517 12480 8654 END
START -4220 11584 16464 3104 19615 12167 END
START -5708 13416 17632 1560 16253 11880 END
START -4524 10884 20336 -83 19342 13776 END
START -7652 9568 21232 -169 20367 15809 END
START -9884 7748 21696 1198 18874 18753 END
START -11864 6820 20628 4157 15646 21412 END
START -13028 7588 20576 6362 11557 22673 END
START -13548 7552 21652 5137 7488 20099 END
START -13424 7412 21316 439 3926 15434 END
START -14076 4832 21740 -3479 403 12687 END
START -14204 1096 21692 -5052 -1410 12021 END
START -14356 -2000 21288 -5025 -3087 11976 END
START -14596 -3980 18904 -3614 -4881 9023 END
START -11980 -4784 16832 -911 -1586 10852 END
START -12148 -3376 15264 6234 -6753 11881 END
START -9456 -2040 13692 7001 -6708 13133 END
START -7900 -1668 12224 7630 -8842 12356 END
START -9052 336 12452 6305 -8814 10195 END
START -7508 428 11860 2793 -7183 6857 END
START -8324 1388 12108 998 -4503 3908 END
START -8292 1780 12036 -121 -2423 585 END
START -7156 688 11452 -845 1334 -2521 END
START -7340 -504 10876 -1145 4299 -5487 END
START -6064 -928 10776 593 7407 -6569 END
START -7468 -976 11752 705 8491 -6810 END