START -3988 10640 13780 3558 -1269 -3961 END
START -1356 11768 14932 4015 -810 -1659 END
START -4316 12200 16656 905 573 -4132 END
START -4496 12048 15532 1796 -992 -2116 END
START -5968 14040 17716 13 -275 -1764 END
START -5124 15436 17404 2125 -1178 616 END
START -4384 16636 19448 2269 -2423 2533 END
START -3492 17384 21360 -548 -3032 2999 END
START -4192 17196 21900 -2722 -3878 3565 END
START -4252 16420 21800 -3548 -5211 4474 END
START -3724 15708 21512 -4219 -6333 5507 END
START -3180 15208 20600 -4557 -6877 6280 END
START -2124 14940 20092 -3635 -7752 7627 END
START -1540 14620 19836 -3869 -7632 8386 END
START -1376 14252 18736 -4110 -7432 9539 END
START -1568 13516 17384 -4802 -6949 10328 END
START -1708 12352 15824 -5343 -6534 11057 END
START -1944 11420 14140 -5971 -6047 11020 END
START -2392 10160 12440 -7274 -5571 10457 END
START -2212 8456 11068 -8026 -5094 10352 END
START -2808 6924 9648 -8686 -4940 10403 END
START -2524 5524 8288 -9194 -4552 10540 END
START -2176 4564 7304 -9495 -4072 10935 END
START -2492 3784 6600 -9193 -3121 11793 END
START -1972 3040 6172 -9381 -1910 12109 END
START -2220 2388 5856 -9621 -141 11779 END
START -1956 1700 5588 -9711 1432 11059 END
START -1752 344 5064 -9842 2859 10556 END
START -1760 -564 4904 -9645 4327 9984 END
START -1180 -1304 4404 -9047 5972 9454 END
START -780 -1920 4300 -8008 7796 8861 END
START -88 -2368 4096 -6720 9710 8534 END
START 560 -2752 4372 -5201 11583 8767 END
START 508 -2868 6380 -4576 12325 8580 END
START 444 -3772 8812 -5265 13223 7106 END
START -264 -4928 10476 -5354 14004 5311 END
START -1852 -6340 13800 -6197 15006 2314 END
START -3416 -7168 16620 -5303 13594 216 END
START -4720 -8064 19080 -5720 13236 -1950 END
START -6152 -8396 20804 -2865 10777 -2623 END
START -7396 -8496 25540 -1809 7163 -5034 END
START -5192 -7360 28000 -3289 6154 -9081 END
START -9416 -8612 31928 -4694 3227 -13470 END
START -8852 -11432 29124 1202 603 -10016 END
START -8152 -10980 26044 5901 -1788 -10361 END
START -8592 -8152 24300 12052 -1911 -12658 END
START -5916 -5408 22516 15684 -2841 -10780 END
START -4932 -1172 20212 18725 -1239 -8007 END
START -6344 2388 17728 17926 -2916 -7145 END
START -6472 5864 15628 14672 -3060 -9351 END
START -6468 7444 12512 13360 -3910 -10593 END
START -5644 7912 9772 11698 -4223 -11311 END
START -5164 7392 7768 10482 -4532 -11371 END
START -2216 8824 7260 11056 -5304 -12815 END
START 80 8776 5332 9729 -2942 -12681 END
START 980 9820 5956 10717 151 -11195 END
START 1684 10944 5920 10237 4007 -9198 END
START 1392 12656 5524 9967 7538 -6809 END
START 560 14176 4812 9378 9471 -4621 END
START 472 15288 4564 8655 10601 -3262 END
START 1996 16560 4976 7051 10104 -2923 END
START 1584 17228 6984 6469 10309 -2384 END
START 2716 16980 9196 2369 13377 -1509 END
START 1776 18392 11112 4064 14157 1091 END
START 548 19388 13688 1217 15875 1626 END
START -56 19924 14716 665 17367 4171 END
START -340 20512 16272 27 16876 5777 END
START -596 17412 17796 3274 18825 9578 END
START -3392 19796 19568 -1640 16209 10213 END
START -5168 17848 22628 -5242 15748 10048 END
START -7868 15912 23804 -3721 14825 14443 END
START -12148 16012 25204 -3022 11460 16030 END
START -14284 13628 25376 -5518 9176 15264 END
START -15512 11960 26596 -6012 3828 13372 END
START -15552 8460 25476 -11129 1112 7061 END
START -13220 3700 23132 -11104 -66 7445 END
START -13132 1204 22184 -8657 -3411 8497 END
START -10740 -1524 19716 -7984 -4107 7949 END
START -8740 -2364 17268 -7027 -2477 8487 END
START -8884 -648 15436 -6309 -4256 6919 END
START -6040 -2456 13416 -6061 -1587 6464 END
START -6524 -1280 10760 -2727 270 7565 END
START -6256 -1268 10640 -4025 -22 2578 END
START -6016 -2236 9268 -3683 1148 729 END