START -2628 7588 11800 9945 3337 -11252 END
START -2740 9344 12676 13686 1247 -9632 END
START -5176 11660 15112 11841 190 -8441 END
START -4660 14380 19512 8088 1597 -9515 END
START -8440 14056 18724 1861 -1557 -8238 END
START -8088 13368 20248 -29 -2038 -4247 END
START -9020 13768 21128 -673 -4420 -1204 END
START -9428 16188 22216 194 -6182 1927 END
START -5392 18708 21656 2897 -5656 2697 END
START -8132 19800 21104 2053 -7984 4388 END
START -9056 19848 21336 -795 -8648 4715 END
START -9620 17436 19920 -3958 -9783 5529 END
START -9716 14732 19084 -5443 -11570 7584 END
START -9040 12372 17848 -5624 -12240 10260 END
START -7772 10944 16072 -3543 -12599 13305 END
START -7576 10576 14572 -2474 -11707 14614 END
START -6832 10212 13648 -2089 -11239 16232 END
START -4032 9232 11320 -1049 -9547 17538 END
START -3580 8284 9652 -3353 -8747 17984 END
START -2520 6800 7884 -4888 -8187 19355 END
START -2100 6200 6892 -7108 -7704 19803 END
START -1144 5116 5964 -9139 -7234 19416 END
START 104 4060 5956 -10570 -6585 18745 END
START 884 3048 5624 -12175 -5508 17892 END
START 1856 2008 5760 -13077 -3635 17056 END
START 2436 712 6148 -13907 -1342 16283 END
START 2804 -392 6988 -15268 727 15594 END
START 2900 -1284 7612 -16403 3175 14917 END
START 3128 -2012 8448 -17251 6136 14039 END
START 2636 -3396 8872 -17742 9799 12188 END
START 3564 -4708 9276 -17002 13257 10626 END
START 4076 -6564 11720 -16563 20684 10394 END
START -156 -8108 12060 -17315 21642 3703 END
START -1684 -10588 11728 -16158 25577 2208 END
START -5004 -13500 12584 -10863 22920 307 END
START -8120 -15248 15276 -6930 19404 -923 END
START -8004 -16120 19584 -1773 11969 -2355 END
START -6596 -14012 21860 -1033 7074 -4816 END
START -6036 -12652 23060 -1269 4679 -7517 END
START -6468 -11392 24624 -1777 3333 -10328 END
START -5796 -10320 23592 -1614 3172 -13141 END
START -5836 -9232 22104 -1406 -845 -17720 END
START -3636 -10828 20864 3013 4128 -16226 END
START -5000 -9120 18840 6003 2257 -16309 END
START -5940 -7412 15764 9771 1085 -13405 END
START -6812 -3876 13984 13821 -3164 -8794 END
START -5344 -700 12932 14497 -7331 -7636 END
START -6760 2316 12308 14223 -7599 -8603 END
START -6652 3792 11756 13208 -8762 -11617 END
START -5460 5540 11872 11112 -8681 -15866 END
START -3104 5460 11600 9144 -8154 -18485 END
START -1136 5928 11520 8933 -5896 -18436 END
START 248 5820 10724 7306 -2257 -17504 END
START 888 5952 10056 8681 159 -13930 END
START 1428 6208 9944 7953 3685 -11024 END
START 904 6544 10056 6720 6659 -9502 END
START 732 6576 10188 3972 9044 -8749 END
START 284 6080 10020 1385 12564 -8399 END
START -60 6208 10068 -382 15547 -7547 END
START -724 6672 9872 -748 18372 -6311 END
START -1268 7868 10664 -114 19874 -5568 END
START -1728 9068 10816 1199 21460 -3584 END
START -1864 8944 12136 903 23603 -1417 END
START -3776 10012 13664 -546 22327 -1633 END
START -3544 9924 15276 -2836 22016 1009 END
START -6468 11616 18352 -4507 20195 3214 END
START -6376 11080 21436 -3482 21743 8899 END
START -6552 12124 21676 55 21870 14171 END
START -7712 14464 23260 3084 22372 17758 END
START -10944 15296 22112 2122 20051 17988 END
START -14256 14380 24224 1214 15440 20000 END
START -15380 13960 25536 -1100 12857 19947 END
START -17336 12136 25608 -3899 8662 19168 END
START -17908 10744 24724 -7631 4137 17174 END
START -18504 8288 24476 -8480 740 16134 END
START -16368 5184 24036 -8797 -1998 16110 END
START -15852 2192 22564 -7752 -3781 15005 END
START -14596 -1176 20800 -7315 -5796 12249 END
START -13508 -3220 18296 -6637 -7838 8940 END
START -13848 -3796 16024 -5719 -5267 8213 END
START -13072 -2708 14068 -4546 -7711 7264 END
START -7528 -4596 11452 -3836 -4592 8238 END
START -7268 -3776 10492 -1497 -3196 9870 END
START -5888 -4036 9952 -2216 -85 7583 END