START 2648 3128 8812 2592 4801 -6289 END
START 1584 3776 10020 3991 6424 -4918 END
START -392 5064 11340 3829 9684 -5062 END
START -852 5880 11496 3440 8289 -4635 END
START -2028 6976 13116 4426 6143 -2680 END
START -2772 8776 16320 2746 5334 -2152 END
START -2852 10380 19132 -432 5235 -2911 END
START -4872 11368 20688 -117 2343 -465 END
START -4976 13632 24676 -160 805 -38 END
START -5884 14788 29076 -95 -2177 -685 END
START -4640 14008 31204 -2183 -2428 -580 END
START -104 10480 30060 -2499 -1146 -1515 END
START -5332 12496 26744 -74 -3087 451 END
START -5920 13284 27104 924 -3831 3610 END
START -5220 14152 25996 840 -5756 6010 END
START -4992 15684 24536 -77 -8375 7327 END
START -4532 15656 23508 -2212 -9585 8223 END
START -3664 14944 22256 -3819 -10653 9234 END
START -2828 13780 20368 -6099 -10893 8739 END
START -2356 11296 17344 -7806 -10715 8276 END
START -1872 9228 15360 -8215 -10515 8797 END
START -932 7656 13196 -7469 -10056 9475 END
START 0 6568 11292 -7311 -9260 10294 END
START 748 5876 10664 -6867 -8441 11061 END
START 992 5004 9692 -6964 -7155 11448 END
START 788 3932 9140 -7307 -6062 11428 END
START 1080 2760 8288 -7707 -5225 11229 END
START 840 1844 7420 -8249 -4231 10750 END
START 1060 824 6696 -7942 -2239 11975 END
START 160 416 5580 -7744 -2319 10814 END
START 940 -164 4876 -7708 -857 10896 END
START 1672 -596 4528 -6882 331 11504 END
START 1856 -536 4216 -6512 2039 11537 END
START 1888 -936 4208 -6184 3931 11486 END
START 1896 -1580 4532 -6115 5612 11639 END
START 1112 -1984 4476 -5989 7117 11522 END
START 1064 -2564 4668 -6218 9003 10752 END
START 732 -3344 4116 -5915 10998 9896 END
START 588 -3884 4036 -5152 12582 9102 END
START 628 -4148 4464 -3960 13618 8467 END
START 572 -4484 5768 -3464 14274 7970 END
START 516 -4756 7672 -3685 15073 6880 END
START -128 -5264 8972 -5076 16268 4921 END
START -1264 -6224 10024 -5423 17144 3577 END
START -896 -8216 12024 -5078 18029 2506 END
START -4852 -9220 16036 -4235 16995 -79 END
START -7288 -10404 20660 -3234 14126 -2585 END
START -9744 -12508 25432 -4112 11666 -6255 END
START -7628 -12688 30020 -4720 9109 -8818 END
START -9704 -11792 32767 -2757 6113 -10407 END
START -4680 -19680 30840 10160 4174 -2991 END
START -5476 -11812 32767 5540 4610 -3136 END
START -10504 -9220 32767 -1886 5842 -12461 END
START -8004 -8184 28928 7014 1872 -9655 END
START -8384 -4964 27320 9637 2566 -8958 END
START -8268 -2684 25084 10950 89 -7729 END
START -8800 352 22736 10597 -2085 -8369 END
START -7696 2492 20416 8528 -3397 -10391 END
START -6500 3540 18240 8769 -4727 -9909 END
START -5956 3940 16540 6498 -4651 -10599 END
START -4684 3936 14168 6517 -4651 -9642 END
START -3832 4364 13236 5809 -4345 -8744 END
START -3360 5120 11448 4552 -4679 -8901 END
START -2108 5212 9512 4979 -4786 -8126 END
START -400 4624 9764 1650 -2941 -10094 END
START 376 4128 8680 2562 -2600 -9991 END
START 1232 3764 8700 2501 -1112 -9890 END
START 1708 3848 8076 3237 1013 -8931 END
START 2004 4108 7744 4297 3193 -7523 END
START 1568 4272 7400 5499 5297 -5760 END
START 2052 4864 7008 6345 7266 -4385 END
START 1104 5692 7244 6910 9302 -3152 END
START 936 6672 7664 7605 10493 -1593 END
START 628 7884 8188 7791 11410 -68 END
START 372 9128 9020 7804 12253 1166 END
START -128 10540 10364 7327 12999 1559 END
START -664 11688 11832 5882 13878 1052 END
START -1708 12200 13236 4051 14613 815 END
START -2352 12008 15460 4763 15305 3966 END
START -2688 11816 15288 7257 16156 10569 END
START -2920 15260 21172 6840 12770 13951 END
START -7024 19208 23276 7988 12766 14689 END
START -8020 17832 23276 3110 14991 13873 END
START -8784 17020 24992 525 11845 15039 END
START -12536 15224 26828 -2764 8609 12410 END
START -13904 12268 28936 -8023 4112 7552 END
START -13200 7336 31128 -8238 47 7675 END
START -11072 2920 32144 -3634 -2503 11252 END
START -11464 2628 30384 -1587 -4513 11342 END
START -11340 3280 28184 -6379 -4499 5631 END
START -7680 -1696 23288 -1438 -3852 11199 END
START -7852 -4 22852 5953 -7205 17212 END
START -8664 2552 20828 1694 -6052 12829 END
START -8948 2724 16640 -235 -5681 9683 END
START -8560 2728 16852 -4952 -7399 4251 END
START -6492 1120 13080 -8656 -5859 2503 END
START -6168 -272 9968 -7854 -6027 1737 END
START -6792 -2400 9708 -7120 -3957 1303 END
START -5212 -3108 7520 -6315 -1407 -213 END
START -3540 -3624 6144 -3474 -226 -1446 END
START -3428 -3468 8180 -3453 208 -3169 END