START -3528 8224 15004 2803 -8781 -1161 END
START -3772 9996 16288 1342 -8554 -2137 END
START -2344 10016 18056 -474 -9038 -3548 END
START -1432 9768 18644 -1911 -8037 -4570 END
START -300 9108 19556 -1091 -7158 -3388 END
START -824 8900 18860 531 -5887 -613 END
START -1932 9876 17852 2068 -4385 3181 END
START -2724 11324 15584 2776 -4765 7572 END
START -4008 13940 16356 2173 -4511 9788 END
START -4540 14148 15308 -499 -4577 10277 END
START -5812 14100 15532 -4547 -6186 9020 END
START -5360 12824 14788 -7300 -6833 8343 END
START -4712 10916 13336 -8502 -7142 9335 END
START -4088 8996 12588 -9469 -6751 10558 END
START -3672 7488 11828 -9726 -5796 11693 END
START -3544 6252 10408 -9577 -4822 12879 END
START -2876 5020 9544 -8994 -3993 13390 END
START -2296 3272 9276 -8827 -2572 13148 END
START -1936 1852 8784 -8215 -1337 14037 END
START -1800 836 8236 -7658 -298 14791 END
START -1792 -140 8008 -7787 793 14379 END
START -1740 -1228 7584 -8329 1856 13330 END
START -1680 -2132 7576 -8828 2872 12556 END
START -2072 -3344 7408 -9091 3863 11632 END
START -2300 -4580 7772 -9206 4683 10562 END
START -2468 -6040 8628 -8893 5233 9127 END
START -2588 -7864 10288 -8996 5333 7129 END
START -3168 -9604 12556 -9412 5130 4598 END
START -3396 -11420 13052 -9819 4919 1545 END
START -2504 -13396 13832 -8661 4141 -1778 END
START -1536 -15456 16000 -6243 2496 -4096 END
START -1984 -15868 18392 -3775 486 -6509 END
START -212 -17040 20512 -523 1219 -5504 END
START -424 -15752 22664 252 2340 -5983 END
START -1484 -14144 21000 3506 3189 -8230 END
START -620 -12856 20040 8188 2878 -9066 END
START -208 -10212 19432 11042 3685 -9544 END
START -968 -6968 17912 12878 5242 -10033 END
START -1400 -3384 16176 15855 5323 -8894 END
START -2440 1152 14664 17577 6041 -7559 END
START -3136 5072 13252 17690 6884 -6423 END
START -3900 9092 11868 16383 7232 -5513 END
START -4324 12124 10880 13926 6887 -5228 END
START -3824 13492 10528 10823 6357 -5665 END
START -2900 13740 9736 6818 6954 -6601 END
START -2060 13640 7888 3552 7453 -7941 END
START -804 12020 7128 2351 8355 -7541 END
START 12 11496 8124 2513 8920 -5755 END
START 848 11332 9876 2175 10220 -4319 END
START 1636 11088 11304 1816 11925 -2761 END
START 1328 11168 13192 2160 13121 -616 END
START 1344 11628 14328 2280 14269 1167 END
START 720 11988 16068 3026 14952 2637 END
START -128 10876 19776 3296 16276 5399 END
START -2616 10804 20436 6498 16069 10800 END
START -2044 14796 25272 8566 12887 14210 END
START -3968 17632 27032 3310 11044 11110 END
START -6212 18080 30628 -834 9396 5664 END
START -7236 13592 29584 -69 8773 11414 END
START -10416 11236 31460 -1035 6486 10725 END
START -11848 8800 30176 -3186 2451 7740 END
START -13264 7276 28988 -7432 -1824 2890 END
START -8424 2116 26728 -7939 -2311 3141 END
START -11012 -2644 24676 6604 -3637 15733 END
START -8128 944 23420 2374 -2908 14104 END
START -10416 1504 21436 -336 -2817 8378 END
START -9168 408 19176 52 -4630 5470 END
START -8408 524 16676 -546 -5144 4138 END
START -7748 216 14332 -1739 -4683 2451 END
START -7324 8 10988 -4079 -3340 1377 END
START -5632 -764 10164 -4247 -3629 -707 END
START -4816 -2032 10204 -5081 -4140 -1720 END