START 2216 3764 10128 2925 -2207 -5054 END
START 2120 4060 10960 3041 -548 -5565 END
START 1816 4012 11268 2478 1126 -6013 END
START 1484 4192 11576 1289 3135 -6443 END
START 820 3604 11344 705 3899 -6918 END
START 36 3536 10908 1124 4519 -6376 END
START -1112 3688 10984 1444 5632 -5996 END
START -2160 3424 11724 2264 5832 -4953 END
START -2392 3836 13300 3406 5145 -3430 END
START -4516 5732 15404 4124 4851 -2896 END
START -4708 6748 17032 4951 4388 -2941 END
START -6468 8956 19324 5352 3430 -3312 END
START -5528 9372 22780 3327 2958 -3367 END
START -8028 10980 24560 1799 1010 -3521 END
START -9704 10996 27580 -1492 -3388 -3434 END
START -7212 11060 26504 -2025 -1050 -221 END
START -6780 11456 27932 -346 -1914 2082 END
START -7636 12280 26732 -425 -2620 2933 END
START -7976 12932 24960 250 -4529 3842 END
START -7696 13876 24284 -126 -7225 3955 END
START -6264 14580 23256 -1812 -9091 3172 END
START -5384 14316 22216 -3964 -9887 3520 END
START -3356 13292 21144 -4628 -10207 4453 END
START -2572 11600 20984 -5330 -9969 5948 END
START -2052 9944 20028 -5591 -9453 7751 END
START -2308 9388 18668 -5180 -8941 9843 END
START -2556 9308 16792 -5071 -8403 11137 END
START -2740 9652 15004 -5172 -8513 11511 END
START -3020 9528 13764 -6543 -9010 11093 END
START -2296 8644 13360 -7264 -10168 10541 END
START -2404 7912 12724 -9362 -10263 9590 END
START -2816 6440 10936 -11154 -9523 9106 END
START -2860 4760 9460 -11457 -8694 9386 END
START -2588 2900 7928 -11209 -7568 9894 END
START -1912 1616 6756 -10498 -6517 10583 END
START -1348 672 6024 -9536 -5406 11668 END
START -284 -12 5432 -8303 -4399 12910 END
START 400 -456 5476 -7417 -3000 14252 END
START 1612 -104 5028 -7451 342 17073 END
START 1564 -656 4728 -7067 1075 15934 END
START 1616 -796 5012 -7902 2860 15100 END
START 1780 -1520 4400 -8567 4805 14596 END
START 2124 -2120 4888 -9311 6557 14043 END
START 2048 -3232 5736 -10018 8017 13065 END
START 2096 -3948 7152 -10668 9364 12349 END
START 1776 -4260 8136 -10958 11635 11221 END
START 1136 -4932 8288 -11264 14624 9244 END
START 428 -6644 8780 -11250 16187 6962 END
START -1008 -8744 10488 -11337 16411 4319 END
START -2656 -10864 12088 -11421 14859 1424 END
START -3368 -13368 15248 -10998 13526 -1332 END
START -5156 -14516 18820 -10296 11280 -3338 END
START -5460 -16224 22136 -11505 10322 -5886 END
START -5816 -18060 22200 -9010 9531 -6800 END
START -5064 -20260 22584 -5328 9904 -7121 END
START -5172 -19708 24544 1418 7593 -6035 END
START -6260 -17180 25160 4509 6344 -7559 END
START -6308 -15032 24556 6675 4077 -8055 END
START -7512 -12980 24712 9050 3076 -8788 END
START -6352 -10392 22972 12868 2238 -7800 END
START -6976 -7856 21080 12780 1584 -9180 END
START -7184 -5464 19112 14337 61 -9144 END
START -6924 -2868 16688 15146 -1263 -8854 END
START -6300 356 15208 14873 -3052 -8610 END
START -4972 2172 14332 13632 -4517 -9603 END
START -3148 3592 13936 11901 -5160 -11748 END
START -2292 3600 13884 8508 -4569 -14989 END
START -1560 2812 13836 6902 -3613 -14958 END
START -1168 2336 13184 6281 -1912 -13670 END
START -984 2044 12604 6748 85 -11877 END
START -1000 2400 11840 7370 1617 -10527 END
START -1164 3120 11188 8430 2894 -9131 END
START -1104 4400 10500 8974 4101 -8287 END
START -988 5420 9868 9131 5206 -7878 END
START -888 5904 9480 9156 5937 -7495 END
START -656 6452 9080 9087 6550 -6869 END
START -236 6880 9108 8362 7408 -6385 END
START 208 7188 9328 7901 8923 -5560 END
START 1764 8780 8240 7910 5666 -6019 END
START 2752 7612 10188 7913 13553 -2446 END
START 396 9972 10036 7844 15418 -132 END
START -276 11140 11236 7793 15203 438 END
START -304 11744 12076 5364 18889 2371 END
START -2212 13188 13004 2744 17925 2093 END
START -2624 12852 15212 -1173 18507 3522 END
START -3528 13252 16544 -1390 17704 6288 END
START -6088 14816 18468 -1764 19665 10004 END
START -6980 16360 17424 -1533 19756 13942 END
START -8868 15468 22848 3268 19415 16981 END
START -12480 16356 24768 2540 16226 16056 END
START -17052 15956 28476 37 11503 14081 END
START -15604 13232 28884 -2317 10871 15688 END
START -17724 12120 26880 -2485 7164 17885 END
START -18316 11268 26080 -4559 1902 16946 END
START -16880 8456 25984 -6215 -2879 14946 END
START -13640 3796 25292 -3814 -5571 16881 END
START -13216 2444 24512 -4285 -5887 15445 END
START -13212 2024 23372 -6966 -8208 10524 END
START -13944 -828 22728 -10614 -1680 7146 END
START -12164 -1040 17956 -9795 -8823 6159 END
START -7628 -6680 15640 -625 -9565 14409 END
START -8052 -4428 15248 -3126 -4880 15067 END
START -7664 -3744 13768 -5882 -7565 8494 END
START -6504 -4044 12496 -5296 -6219 6258 END
START -5404 -3672 9756 -4465 -5838 4467 END
START -3284 -4284 10476 -3650 -2716 3155 END
START -4668 -2388 8212 -2868 -2321 1918 END
START -2228 -2520 7988 -2727 2250 1698 END
START -2228 -2812 8168 -433 6124 989 END
START -3032 -2988 8424 -908 9016 -976 END