START -1100 4504 18436 -4416 -1027 -7847 END
START 408 3784 18524 -2405 169 -6520 END
START 1220 2712 16804 -2296 908 -5039 END
START -144 1956 16816 -1148 631 -2756 END
START -736 3004 16832 -498 974 -1107 END
START -852 3400 15740 -830 2041 -165 END
START -2064 4512 16260 -551 154 -1780 END
START -1720 4588 16584 -263 -743 -3319 END
START 124 3676 17308 -1263 -372 -5091 END
START 512 3164 17520 -1431 930 -5980 END
START 1116 2716 17780 -707 1537 -5939 END
START 452 1896 16712 422 2409 -4977 END
START 652 1552 15864 746 2606 -4700 END
START 644 1428 15280 1212 2202 -4056 END
START -1272 1300 15624 192 1561 -4163 END
START -1148 1292 16036 268 100 -3204 END
START -1296 2132 17416 -77 -674 -2615 END
START 100 2884 18496 -247 -582 -3807 END
START 52 3304 19416 288 -624 -4453 END
START 540 3364 20512 884 -257 -4899 END
START 664 3452 21172 2133 -336 -4660 END
START 916 3992 22216 3026 -733 -3982 END
START 108 5576 23016 2722 -1037 -3213 END
START -1048 6844 22908 3324 -2040 -2007 END
START -3152 9020 23756 3582 -3173 -1549 END
START -3252 10268 24508 2847 -4972 -1705 END
START -1768 10536 24128 2038 -7040 -1719 END
START -1048 10928 23364 1925 -7695 -1556 END
START 36 11208 21904 2510 -8056 -732 END
START 432 11148 20728 2556 -8142 479 END
START 636 11136 20336 1691 -8669 2134 END
START 856 10560 19468 494 -9048 4195 END
START 268 10828 18220 -1061 -9890 4740 END
START 840 10432 17044 -2602 -9462 5236 END
START 1300 9772 15868 -2705 -8984 6277 END
START 1632 8916 14204 -2903 -8251 6966 END
START 2036 8364 13052 -2754 -7244 7632 END
START 2700 7728 11552 -2186 -6090 8524 END
START 2784 7284 10048 -1703 -4681 9948 END
START 2772 6892 9284 -2509 -3081 10605 END
START 3016 6652 7760 -3511 -1739 11095 END
START 2488 6392 7680 -5128 18 10910 END
START 2372 5184 6660 -7030 1558 10420 END
START 2384 3900 6016 -8764 3039 10120 END
START 2264 2620 5656 -9793 4750 9869 END
START 1808 1160 5668 -10407 6481 9584 END
START 1288 -264 5392 -11185 8506 9055 END
START 652 -1844 5516 -11389 10316 8339 END
START -720 -3572 6548 -11608 11576 7679 END
START -2240 -4868 7604 -11466 12475 7213 END
START -3644 -5612 8740 -11962 13448 5993 END
START -5324 -7408 8852 -12241 15418 4410 END
START -6352 -8404 10328 -12920 14035 -441 END
START -6608 -10348 12976 -10734 12494 -3442 END
START -7420 -10696 15576 -10406 10443 -7591 END
START -7156 -14100 17040 -8197 8475 -8750 END
START -6892 -15288 19876 -5310 7005 -7782 END
START -7784 -14592 22340 -3858 7858 -6279 END
START -5944 -14360 24060 3856 5976 -3320 END
START -5832 -10904 23600 7054 7989 -7642 END
START -6312 -9908 23280 8449 4019 -9748 END
START -5608 -7896 23344 11197 3322 -11234 END
START -5708 -5544 21400 12701 1874 -11146 END
START -5688 -2352 21448 13203 -483 -9937 END
START -4984 1124 20040 12948 -2258 -9804 END
START -3940 2724 17800 11476 -2930 -11072 END
START -2900 3952 16260 9770 -2272 -14380 END
START -3156 4624 14280 10123 -1569 -15888 END
START -1708 5540 10796 10017 -912 -14846 END
START 340 6416 9640 11057 361 -11838 END
START 1560 8192 8804 11700 1268 -9092 END
START 2688 9580 8580 11138 2867 -6637 END
START 3360 11304 8980 9811 4973 -4455 END
START 3608 11912 9200 7515 7260 -4282 END
START 2324 12560 8852 3299 5383 -9558 END
START 3500 9508 10284 1121 11478 -6738 END
START 1780 9376 10332 -33 13195 -5114 END
START 1636 9236 10108 921 13285 -2190 END
START 2056 10216 12528 2859 13086 803 END
START 2196 12112 14320 3911 13487 2463 END
START 1952 12928 16756 4643 15470 4008 END
START 2128 16236 18948 4524 15533 5056 END
START 124 14916 21428 4833 17520 7682 END
START -588 17136 23580 3773 15962 11325 END
START -3896 17940 25116 3885 14559 14900 END
START -6008 18652 26144 823 11926 15788 END
START -8676 19044 26644 -2973 10430 13907 END
START -8672 15708 26828 -4220 7843 13574 END
START -9228 12400 27980 -6369 5546 12997 END
START -9640 8004 27704 -7687 3301 13469 END
START -10060 5068 27180 -5930 295 15064 END
START -11000 4108 25912 -8677 -1458 10700 END
START -8372 -396 20964 -8771 -2149 9504 END
START -11856 -1704 21476 -6612 -3816 7226 END
START -10520 -3476 18544 -8037 -4099 3323 END
START -10248 -6116 15896 -7293 -3535 496 END
START -6884 -9744 12896 -5754 -165 2045 END
START -10244 -8148 11988 1407 140 3947 END
START -8424 -7908 10244 -844 491 305 END