START 100 4632 12056 1967 -3553 -9113 END
START 36 4504 13440 3483 -1982 -9445 END
START 120 4540 13220 4644 -1112 -9881 END
START 364 4472 14172 6157 -1093 -11444 END
START 544 4248 14804 6055 -385 -13222 END
START 280 4476 15572 6531 706 -12507 END
START 932 5308 16800 5631 364 -11151 END
START -756 6584 18388 6368 620 -8060 END
START -1192 6916 21768 6892 -1239 -5611 END
START -888 8716 22236 6669 -3705 -4260 END
START -1704 10172 22148 7864 -891 -1065 END
START -3656 14348 23420 6654 1636 -1471 END
START -6320 16152 22200 7398 2261 -1584 END
START -6764 16988 18924 5444 1545 -1816 END
START -7692 16560 18084 3842 -3222 -2750 END
START -5728 12168 17960 -1932 -1190 -1104 END
START -8604 9048 15512 -4667 -3487 2653 END
START -7980 7724 13088 -5936 -6690 12225 END
START -9316 8752 11820 -4689 -9882 22000 END
START -7784 10004 11412 -7710 -10273 25518 END
START -4628 9492 11112 -8928 -6480 26592 END
START -4924 9176 9604 -15386 -9368 19401 END
START -1744 5496 9732 -16888 -9477 13652 END
START -60 2120 9640 -18016 -6981 11871 END
START 2184 -480 9040 -16613 -4761 12557 END
START 2528 -1696 8812 -14377 -1900 14979 END
START 2580 -2900 8600 -14061 -776 15031 END
START 3128 -4960 10996 -13903 3104 15254 END
START 1880 -5120 11296 -13807 5404 15706 END
START 2236 -5464 12508 -14391 7785 15765 END
START 2108 -6284 14740 -17416 11906 13471 END
START -20 -7492 14300 -18561 16241 9679 END
START -2400 -9776 12456 -14700 20907 4844 END
START -4136 -15428 14000 -6979 20924 -3839 END
START -5644 -16436 14592 -1957 17796 -19113 END
START -5968 -19296 13832 9015 13875 -23385 END
START -6156 -17244 19208 13142 12052 -23726 END
START -6428 -14872 16264 17432 9460 -23895 END
START -8116 -11100 14956 20671 1922 -25304 END
START -7764 -6648 15212 21690 -5620 -25020 END
START -6476 180 12648 23582 -17308 -24494 END
START -656 3272 15468 25332 -17331 -21243 END
START -292 9564 15524 20921 -15594 -22071 END
START 4936 10036 17176 10303 -1507 -27322 END
START 3092 10128 12252 1408 8856 -29837 END
START 1100 10288 10568 -811 16959 -24735 END
START 220 12580 10092 -2602 22039 -20478 END
START -544 12852 9664 -6526 30407 -15613 END
START -2180 10300 9116 -10926 32767 -12939 END
START -4248 9576 9436 -14195 32767 -9731 END
START -5496 9436 9752 -16280 32224 -3171 END
START -7744 10752 12652 -17200 28231 2284 END
START -7928 11496 14784 -20676 27369 4513 END
START -10032 8760 18024 -22911 30712 4571 END
START -9988 5312 19992 -22291 32767 8049 END
START -12212 3764 20600 -19935 32621 15516 END
START -17520 1816 22192 -17378 26849 24636 END
START -18408 -2716 19832 -10176 20081 31450 END
START -20352 -3264 18336 -736 11302 32767 END
START -23808 -1304 18040 1968 1255 32767 END
START -21352 -2652 17900 8881 -2107 32767 END
START -22488 872 17728 9702 -15824 32767 END
START -20096 1748 16176 9055 -21721 24911 END
START -14976 488 14596 8599 -23139 17591 END
START -11904 1456 15416 4408 -22543 8945 END
START -11148 772 12548 3212 -24757 2474 END
START -8316 1240 11124 322 -25670 -1800 END
START -6912 208 11308 -2790 -23708 -5716 END
START -5452 -96 11060 -3058 -20598 -5184 END
START -4456 -444 11796 -2884 -16150 -3435 END
START -3068 -280 12360 -3526 -9907 -1907 END
START -3468 -788 13588 -2075 -3122 104 END
START -2608 -1888 13776 -2352 2035 160 END