START -2556 14452 19772 4656 1691 -2510 END
START -4984 15480 20952 2134 999 -2794 END
START -5916 15740 20592 2959 -1087 -121 END
START -5720 17216 21292 2417 -2704 2533 END
START -5852 18888 21800 1540 -4667 4254 END
START -5276 20156 21788 -57 -6205 4732 END
START -4112 20256 21428 -2166 -6823 4375 END
START -2936 19040 20412 -3078 -7194 4977 END
START -1944 17784 19884 -3809 -6977 6327 END
START -940 16744 19232 -4655 -6756 7752 END
START -368 15904 18404 -5173 -6688 9011 END
START -168 14832 16712 -6167 -6401 9418 END
START -400 13376 14956 -7116 -6389 10024 END
START -720 12144 13028 -7743 -6598 11371 END
START -880 11576 12196 -8472 -6444 12257 END
START -588 10832 11332 -9404 -5625 12186 END
START -744 10036 10144 -10125 -4425 11543 END
START -568 9052 8848 -9600 -3168 11630 END
START -532 8000 7760 -9775 -1381 11460 END
START -560 6524 6624 -10003 366 11598 END
START -916 5256 5604 -10040 2036 12475 END
START -1524 4084 4928 -9461 3248 13988 END
START -1240 3648 4448 -9296 5033 15959 END
START -1612 3348 4208 -9620 6952 16679 END
START -1892 2716 3952 -10444 8679 15315 END
START -1652 1460 3564 -11302 10261 12944 END
START -2084 -180 3644 -11344 11423 10982 END
START -2076 -2136 4780 -11736 12258 9150 END
START -3220 -3932 6372 -12509 13179 7564 END
START -4048 -6184 7272 -12310 14119 6025 END
START -5100 -7968 7680 -11343 14490 4291 END
START -6624 -9240 9636 -10074 13189 1965 END
START -6628 -11372 12044 -7834 12233 992 END
START -7200 -12528 15704 -8442 10066 -2159 END
START -8496 -13780 19356 -9867 8082 -6505 END
START -5196 -13368 20960 -9232 8358 -9631 END
START -8040 -15808 22292 -7307 4435 -11742 END
START -6028 -16312 23016 -2219 4486 -10676 END
START -4420 -15304 25312 1801 4577 -9912 END
START -4672 -13752 25660 15339 1864 -2487 END
START -3256 -8340 19228 15848 5490 -7642 END
START -8448 -2768 20240 16319 3989 -8327 END
START -7840 -828 18788 18636 2493 -6346 END
START -6408 1832 17948 17603 2605 -6033 END
START -7492 5816 16620 15951 623 -7121 END
START -6572 7488 15784 14569 -1197 -10259 END
START -4444 8180 14052 12045 -2315 -13138 END
START -3436 8992 13248 11690 -2477 -13134 END
START -1756 10560 10540 12291 -2801 -11831 END
START -1580 11960 11148 10524 -1237 -12039 END
START -208 12432 10332 10267 755 -10497 END
START 880 13256 10652 8197 2905 -9800 END
START 1688 13064 9520 7050 2708 -9293 END
START 2736 13336 9532 6398 5164 -7384 END
START 2664 14268 9588 6041 7546 -4745 END
START 2740 15380 9480 5970 9753 -1872 END
START 2312 16772 10332 5353 11498 501 END
START 2012 17216 10764 3799 13121 2551 END
START 1068 16668 13060 4847 12648 4200 END
START -452 16892 14356 2405 14080 4258 END
START -1096 16512 14904 441 15490 3726 END
START -2140 16564 15836 -333 14589 5475 END
START -1500 16664 17920 1721 15790 9813 END
START -4084 19228 18604 3418 17164 13445 END
START -5528 19364 20528 2388 16487 14939 END
START -7948 19572 23788 -4235 15168 13057 END
START -10632 15836 24064 -10646 12518 10797 END
START -13664 11612 24868 -10759 8388 13494 END
START -16100 9340 25064 -9820 5003 14483 END
START -18428 6464 24168 -12569 2208 10750 END
START -16328 2668 24484 -5697 -3985 12016 END
START -17520 2604 26048 -9392 -3726 5842 END
START -14860 -308 20952 -15495 -7576 -1362 END
START -13276 -4324 17224 -10764 -11961 -2385 END
START -9224 -6616 17572 -3805 -12609 3064 END
START -7648 -5816 13988 -3641 -9147 4796 END
START -7536 -4992 11808 -1077 -8051 4053 END
START -4156 -4780 10944 -821 -6784 1879 END
START -3012 -4016 10252 538 -5321 926 END
START -2592 -2164 9872 2693 -2654 852 END
START -3092 -348 9840 2692 530 -1220 END
START -3020 120 8768 2964 2906 -2596 END
START -3612 412 8140 2661 4303 -3667 END
START -4608 756 7224 1802 6789 -3558 END
START -5704 1260 7600 3764 7192 -975 END
START -7320 2536 9604 3037 6862 456 END