START -6636 9016 17200 3652 1079 -3757 END
START -7868 12668 18184 1476 -963 2808 END
START -8672 13076 16608 498 -3519 7167 END
START -9068 13088 16720 -2874 -4195 6946 END
START -8640 12640 15676 -4857 -6346 9129 END
START -7864 11552 15932 -7263 -8576 11633 END
START -7372 7336 13952 -9638 -9939 13907 END
START -6904 4928 13236 -7030 -10424 15758 END
START -4696 6132 14992 -4275 -6307 19246 END
START -3672 7488 13652 -1488 -8668 20838 END
START -1660 7236 14608 -1709 -7894 19124 END
START -380 5756 14376 -5841 -5925 15983 END
START 1176 3160 12652 -10492 -657 18160 END
START -1500 2572 12048 -10619 -389 22966 END
START -720 3228 11940 -11304 -3119 26264 END
START -576 3528 12096 -13438 -1400 26769 END
START 40 3324 11640 -14629 450 25466 END
START 964 2432 11920 -14480 1799 24010 END
START 2160 1620 11144 -13536 3190 23125 END
START 2568 248 13436 -14621 5862 18493 END
START 2544 -1184 13816 -16745 9624 15470 END
START 2332 -2064 13052 -18054 12949 14554 END
START 2140 -3100 13180 -18775 16587 13694 END
START 3060 -4584 13596 -16724 22842 14594 END
START -472 -5600 12580 -18716 22847 8958 END
START -2924 -8448 11896 -16445 27513 3191 END
START -6856 -11128 12708 -9833 27942 -1985 END
START -9068 -13952 12928 -2522 26868 -10277 END
START -10856 -15736 15112 3246 17109 -15297 END
START -13712 -12748 13944 12297 6979 -18958 END
START -11596 -10512 16124 19524 -1964 -23599 END
START -6836 -7996 17596 21320 -8482 -31985 END
START -5036 -2948 20088 18079 -11206 -32768 END
START -5016 -2160 18552 18252 -7381 -32768 END
START -2884 -1924 16764 20215 -4986 -32768 END
START -3764 -864 14372 17546 -1408 -32768 END
START -5092 2212 12036 15972 -3856 -23689 END
START -4440 5428 11632 13519 -6793 -14471 END
START -1644 9456 11780 10275 -4852 -6603 END
START -92 10712 11104 4547 1353 -2890 END
START -592 11420 12360 1906 9198 -1437 END
START -256 11228 11904 -4187 18821 -1648 END
START -904 10592 12584 -8527 26534 -3701 END
START -1772 10132 11844 -11349 32436 -4040 END
START -2228 9896 13180 -14455 32767 -4542 END
START -4568 9980 14404 -18893 32767 -5294 END
START -5240 7296 15668 -24189 32767 -5559 END
START -8944 5036 16276 -22727 32100 3461 END
START -8608 2604 17892 -19438 24393 15024 END
START -11924 2024 19148 -18717 21664 24881 END
START -11704 -1076 22508 -7390 19711 32767 END
START -17168 -492 27508 -1240 17156 32767 END
START -21856 -24 22568 4860 9205 32767 END
START -20980 -1876 19512 4409 4182 32767 END
START -21884 -2196 18476 8762 -8269 32767 END
START -21296 736 17388 10497 -21740 29857 END
START -18308 956 13652 10625 -29034 25650 END
START -11000 1788 17656 11123 -28823 18412 END
START -8600 4068 14224 8024 -31302 8690 END
START -6020 3388 13028 2642 -28632 172 END
START -6116 3460 13480 -3709 -25506 -7449 END
START -5340 1552 12648 -6544 -21549 -11615 END
START -3508 -524 13420 -7349 -16844 -13666 END
START -2468 -1660 12704 -8723 -9085 -13113 END
START -1480 -3600 12792 -3786 -3385 -8276 END
START -1840 -4596 14952 -707 1674 -4533 END