START -940 11364 17668 -1862 -2424 -4994 END
START -1600 11108 19968 -1999 -2033 -5621 END
START -1516 10836 21132 -2096 -2053 -5412 END
START -1644 10256 20460 -1707 -1145 -4223 END
START -3784 11060 21976 -409 -1666 -1026 END
START -3684 12968 21936 1153 -2912 3291 END
START -4564 15448 22044 824 -3804 6004 END
START -4992 17156 22184 119 -5766 6902 END
START -5344 17248 21276 -2035 -6927 5932 END
START -5044 16252 19488 -2494 -8017 6183 END
START -4408 15292 17764 -2937 -8315 7113 END
START -3300 14028 16600 -2573 -8002 9412 END
START -2544 13332 15632 -3324 -7589 11122 END
START -2052 12228 14064 -4593 -7274 11751 END
START -1840 11128 12924 -5612 -6912 12615 END
START -1564 9832 11428 -6385 -6320 13162 END
START -1164 8576 10284 -7465 -5640 13132 END
START -1240 7020 8928 -8237 -4709 13829 END
START -1196 5720 7620 -9189 -3438 14418 END
START -992 4576 6644 -9417 -2220 14842 END
START -152 3624 5676 -10327 -854 14541 END
START 528 2812 5248 -10493 511 14265 END
START 1120 2476 4552 -10092 2212 14368 END
START 1320 2020 4756 -9871 3828 14231 END
START 1724 1104 5164 -10379 5705 14291 END
START 1652 128 5788 -11435 7848 13922 END
START 1092 -1188 6448 -12309 9831 13477 END
START -20 -3132 7344 -12981 11347 12284 END
START -1628 -5464 9280 -13035 11925 10263 END
START -3256 -8556 11372 -13560 12237 6751 END
START -4100 -10872 12344 -11842 11032 4344 END
START -4732 -14276 15424 -10764 8702 767 END
START -5640 -16012 17996 -8877 4808 -4005 END
START -4992 -16644 20440 -6922 3292 -8155 END
START -3892 -17640 22228 -6081 2337 -11068 END
START -1792 -18036 22664 -2342 3380 -10060 END
START -2128 -15508 22316 1214 4570 -10241 END
START -988 -14516 20660 11352 5273 -5356 END
START -1756 -10456 19008 12971 6553 -4685 END
START -6020 -4412 17304 13378 7845 -6894 END
START -4336 -3004 13944 14776 7630 -6261 END
START -5560 -708 12804 15386 7194 -6478 END
START -5376 780 11996 13658 6701 -8571 END
START -4420 2284 11916 13204 4938 -9408 END
START -2440 4100 11632 12244 3499 -9453 END
START -2228 5484 12144 11349 3862 -9285 END
START -1796 6336 12184 10504 4282 -9469 END
START -472 6800 12080 8869 5443 -10073 END
START 128 6656 11592 7876 6357 -10676 END
START 1072 7036 10860 7438 7506 -10599 END
START 1276 8560 10992 8957 9486 -8763 END
START 1364 11412 11108 10641 11026 -6656 END
START 1936 14480 10268 11516 13380 -2864 END
START 2816 17272 12816 15129 17073 2193 END
START 1256 19496 12292 14699 18210 4906 END
START -404 19208 13804 11032 18746 5218 END
START -1856 19292 16376 399 19234 2418 END
START -2924 19316 17980 1995 17482 6457 END
START -5800 18628 21036 -2062 18814 10379 END
START -9944 21144 23472 -2300 17002 12699 END
START -12328 21236 24852 -1564 15155 12433 END
START -13868 19572 25392 -414 10330 12251 END
START -13340 16580 27268 -2175 6634 10940 END
START -13716 12980 27852 -5559 3238 10508 END
START -13916 9540 28396 -8489 -43 10222 END
START -12964 5552 27140 -13572 -1709 7064 END
START -12404 -296 24812 -3997 -4240 14882 END
START -12268 304 24392 -3529 -6420 14079 END
START -13780 -1860 23808 -6791 -1169 10245 END
START -11700 -1112 20348 -5869 -7856 6512 END
START -10028 -1848 17660 -7187 -9974 3769 END
START -9468 -1904 13432 -6176 -10143 2388 END
START -8900 -2368 13244 -5161 -8463 1657 END
START -7000 -2448 10924 -2001 -8369 2824 END
START -5368 -2596 10436 -317 -8718 3622 END