START 1320 2612 15000 417 -7213 -12097 END
START 2224 2728 13744 2772 -5068 -12755 END
START 1700 3116 13928 4657 -3359 -12043 END
START 1124 3352 14532 5701 -2472 -10121 END
START -76 3876 14520 5321 -1431 -7068 END
START 1212 4400 14264 5260 -270 -2891 END
START -1888 7756 15736 4487 -1150 -639 END
START -1932 10184 16336 4840 -2001 1463 END
START -1612 12700 17588 2904 -1857 2104 END
START -1828 14584 18988 2212 -3676 1574 END
START -956 16284 20192 -240 -5405 359 END
START -1184 15912 21056 -2956 -4812 -376 END
START -2100 15168 20772 -5261 -4548 331 END
START -3184 14296 19568 -5660 -4128 2590 END
START -3576 13900 18128 -5374 -4292 5280 END
START -4200 12944 17848 -5282 -4858 7767 END
START -4404 12124 15904 -5462 -4523 9602 END
START -4128 10584 14148 -5859 -4031 10960 END
START -4292 9464 12740 -6393 -3719 12455 END
START -3792 8076 10964 -7216 -3281 14163 END
START -3400 7124 10292 -8107 -3162 14747 END
START -2632 5380 9420 -9271 -2934 14421 END
START -1920 3348 9004 -10787 -2448 14123 END
START -1328 1156 8452 -11650 -1871 14174 END
START -1196 -908 7880 -11933 -1027 13619 END
START -740 -2736 7460 -11199 -346 13016 END
START -196 -4132 7176 -9743 342 12095 END
START 444 -5308 7468 -8449 1089 11312 END
START 956 -6172 7952 -7383 2120 10376 END
START 1016 -6836 9084 -6766 3041 9445 END
START 608 -7596 9948 -7156 4349 7955 END
START 228 -8588 10612 -7659 6021 5996 END
START 152 -10080 10596 -7607 6969 3836 END
START -860 -11852 11132 -6741 6734 1690 END
START -1356 -14268 12428 -5377 5579 -925 END
START -1856 -16532 15344 -3622 2851 -3818 END
START -2072 -18284 18340 -3367 637 -6678 END
START -748 -18476 18928 -2355 149 -8593 END
START -372 -17492 19132 -564 2073 -10940 END
START 944 -16440 19992 7343 1708 -7250 END
START 1164 -13700 18628 8738 4648 -9833 END
START 568 -10288 17488 10584 7464 -11095 END
START -28 -7700 14988 14251 9785 -8795 END
START -2164 -4160 12864 15556 12277 -7221 END
START -4288 -664 10332 16214 13792 -4693 END
START -5844 3736 9136 17125 13439 -1987 END
START -6224 7488 7764 15439 13423 -1478 END
START -5984 10352 7424 13152 12984 -2231 END
START -5156 12316 7512 10335 12003 -3535 END
START -4060 12724 8224 7173 11867 -5019 END
START -3020 11996 9532 3574 12566 -5934 END
START -2356 10492 10924 -148 13123 -6159 END
START -1676 8848 12828 -1256 13417 -4527 END
START -1212 8116 14228 -217 13842 -2194 END
START -1048 8448 15460 2559 14541 -591 END
START -1152 9608 17176 5438 16465 1181 END
START 564 11136 16340 9086 19945 7138 END
START -5592 15084 20432 12401 11665 8060 END
START 2440 14516 23392 12735 17993 10080 END
START -4240 16684 26656 4688 15954 7240 END
START -4948 15056 26920 2518 14760 10085 END
START -8036 15160 29392 -62 15899 10129 END
START -10836 12256 27512 1685 10843 13010 END
START -13668 10540 29336 164 7200 10855 END
START -13920 9032 28976 -2688 3335 5908 END
START -15232 6916 28588 -4930 -245 2212 END
START -12340 580 27012 -6236 1169 6926 END
START -11660 -72 26852 3690 -1573 14675 END
START -10804 768 25352 1639 -1421 11317 END
START -11116 -488 21660 950 -2262 9018 END
START -10792 152 20688 1478 -4424 8989 END
START -10424 584 18968 1231 -5182 8013 END
START -10036 636 17104 -1092 -5300 5744 END
START -9788 1128 15144 -3792 -6355 3145 END
START -7956 976 13652 -3587 -5302 3693 END
START -8988 2768 10952 -4551 -8423 1829 END
START -5500 1476 11876 -6432 -8477 -1810 END
START -4836 612 11128 -6566 -5959 -2998 END
START -4344 608 10932 -5257 -4834 -3377 END
START -3380 -836 10828 -5063 -2610 -3824 END