START -2392 5592 14020 4551 730 -3749 END
START -3476 6316 15548 7204 1802 -3015 END
START -3668 6916 16744 4624 4139 -4697 END
START -4292 6000 16648 2550 4958 -5699 END
START -5100 4396 16132 1935 5401 -5715 END
START -5340 3504 15724 2166 5661 -4862 END
START -6880 2720 15572 3742 5385 -3394 END
START -7312 3548 16016 5497 4195 -2013 END
START -10296 5776 17572 6402 3906 -1779 END
START -8088 7004 17828 5153 1361 -1944 END
START -7348 7272 20288 3030 372 -3307 END
START -7524 5820 22084 -1018 -1051 -5734 END
START -7824 4700 22492 -2098 -2147 -5827 END
START -8488 5148 22620 -8 -3402 -3462 END
START -9072 6608 21544 3153 -2543 621 END
START -9836 9760 20372 5203 -3935 2947 END
START -10036 12900 19644 4955 -6157 3837 END
START -9352 15012 19344 3578 -8832 3848 END
START -8248 14228 20044 -1364 -8824 1830 END
START -7596 12428 19444 -2928 -10055 2706 END
START -6168 10648 19588 -4543 -9758 4339 END
START -5820 10456 18832 -3717 -9415 7474 END
START -6092 11164 17872 -2697 -9106 10605 END
START -5968 12056 16416 -2708 -8745 12836 END
START -5836 12644 14964 -4721 -8475 14006 END
START -5696 12496 13244 -8110 -7697 13972 END
START -4256 10924 11436 -11183 -7190 13748 END
START -4272 9368 10880 -14615 -6958 12991 END
START -1204 7320 8952 -16281 -5281 13394 END
START -2468 4952 9688 -17125 -4811 12121 END
START -2432 3740 9728 -17583 -2357 11997 END
START -1680 2008 8640 -16908 95 13215 END
START -1720 1244 7996 -16157 2879 14857 END
START -1196 692 6796 -15332 6308 18025 END
START -3028 -192 6680 -14539 7534 18496 END
START -3600 -564 6664 -14526 8371 17680 END
START -4596 -1456 6548 -13866 9024 16238 END
START -5468 -2592 7088 -12244 9227 14704 END
START -6040 -3584 8500 -11512 6655 10892 END
START -6660 -5196 9892 -11132 5085 6828 END
START -6668 -6792 11024 -11172 4898 3641 END
START -5392 -8436 11004 -10795 4840 1491 END
START -4912 -9720 11496 -9138 5230 375 END
START -4700 -10660 12324 -7197 5917 -784 END
START -4932 -11828 13244 -5137 6444 -1885 END
START -5368 -11960 14440 -2485 7121 -2260 END
START -5304 -12008 15480 -1006 8031 -2947 END
START -4056 -13184 16488 1494 10713 -747 END
START -5276 -12792 17952 8738 10175 2245 END
START -7644 -11356 18580 7703 9956 -1510 END
START -14972 -8436 20196 6142 9179 -7657 END
START -12760 -8564 19296 5991 7045 -11718 END
START -11092 -7908 19028 6357 5456 -15214 END
START -11720 -7320 18560 8450 1601 -15818 END
START -10788 -5444 17352 10269 -1711 -15532 END
START -9380 -3232 17712 11284 -4199 -15820 END
START -7536 -1072 16688 11136 -8498 -17811 END
START -6556 880 15156 10621 -2330 -14843 END
START -6632 3268 13888 14253 -3970 -12275 END
START -3848 5672 11896 13984 -1729 -11361 END
START -4272 7496 12380 13814 -797 -11036 END
START -3136 8640 11780 12131 -651 -12627 END
START -2544 8880 12876 9188 2676 -15171 END
START -2524 8632 13604 6250 7732 -16824 END
START -3312 8300 13352 4037 10954 -17383 END
START -2828 7220 13032 1089 14852 -16085 END
START -5384 8236 12592 -574 16879 -13567 END
START -3424 7016 12936 -2228 19318 -10431 END
START -6152 7836 12388 -2306 19564 -6304 END
START -7736 9052 12644 -2584 18096 -3768 END
START -7908 10124 13044 -3475 17650 -353 END
START -8140 9640 14016 -583 18211 4519 END
START -8584 12032 15360 -1546 16542 4985 END
START -11560 13232 17712 -8116 19056 3328 END
START -12160 11616 17396 -9937 20079 6336 END
START -13064 10572 17656 -10894 17209 12612 END
START -13412 11452 17012 -11200 13404 19628 END
START -14684 11468 17196 -11763 11019 23330 END
START -14932 8376 16684 -11111 8173 24825 END
START -15496 5928 16632 -10056 4484 25966 END
START -16156 3720 16740 -9380 1639 25920 END
START -15448 964 16720 -6676 -37 26443 END
START -16260 -740 18200 -6170 -2453 26183 END
START -15680 -2460 17004 -6703 -4515 24590 END
START -11900 -4160 14660 -10300 -6227 19675 END
START -15408 -4616 14580 -13994 -4830 13708 END
START -12092 -5264 11980 -11684 -8706 10877 END
START -7568 -9700 7544 -3438 -5782 16684 END
START -8996 -5688 7956 2548 -4247 19971 END
START -7936 -3488 8872 3542 -1975 17024 END
START -7420 -2224 8688 2028 -2070 11811 END