START 928 -740 10912 -8605 3144 6732 END
START 636 -3032 12408 -8771 3513 5528 END
START 952 -5948 13328 -10135 4274 2743 END
START 2380 -9896 14848 -10667 6646 -499 END
START 532 -15604 15636 -9830 5003 -5953 END
START -408 -20284 16912 -7027 4333 -12016 END
START 1616 -25516 15692 747 5431 -13552 END
START 1964 -26068 17148 8532 5581 -13319 END
START 2032 -24428 17636 12213 6094 -14973 END
START 2616 -20960 17856 14551 6758 -15266 END
START 840 -15648 16744 16834 8200 -14927 END
START -828 -8852 15376 17804 9169 -17161 END
START -3580 -3996 15324 22490 9500 -15042 END
START -6224 1468 14212 22648 10570 -15248 END
START -9172 7352 12780 23103 9909 -13907 END
START -11536 13660 13680 23272 9159 -11623 END
START -13728 18916 13968 23111 8323 -8744 END
START -14180 22484 15320 15586 8478 -7918 END
START -13388 24588 13704 13653 5448 -4285 END
START -11820 25824 14640 7812 2418 -2717 END
START -11100 25704 16368 2977 -1411 -3072 END
START -8012 23988 18852 274 -2693 -2363 END
START -7184 22440 20188 -2890 -3150 -2936 END
START -7256 19692 21520 -5062 -6723 -5093 END
START -6092 16184 22584 -5065 -4378 -2520 END
START -5780 13328 22340 -5087 -4709 9 END
START -5424 11984 21900 -4557 -5250 2752 END
START -5256 11752 21732 -3442 -6557 5443 END
START -5048 11480 21948 -3311 -7730 6598 END
START -4292 10640 22068 -3682 -8812 6346 END
START -3580 9660 22672 -4950 -10392 5102 END
START -3988 8012 22620 -5999 -11507 4432 END
START -2260 6700 21076 -6344 -11905 4261 END
START -3320 5992 19732 -5586 -12855 4932 END
START -1780 4896 18724 -5374 -12793 5105 END
START -1136 3936 17208 -3356 -12802 7223 END
START -248 3592 17332 -2144 -12601 8598 END
START -428 3348 16224 -2179 -11740 8325 END
START -364 2852 14492 -1978 -10952 8206 END
START -268 2392 12912 -2069 -9836 7663 END
START 656 2156 11204 -1807 -8685 7207 END
START -1220 2064 8628 -868 -7915 7340 END
START 576 1548 8008 -1716 -6265 6593 END
START 1484 1236 6828 -2236 -4986 6357 END
START 1848 1220 5656 -2093 -4200 6417 END
START 3496 668 4620 -2545 -3000 6278 END
START 2452 552 4268 -2533 -717 6221 END
START 2484 292 2304 -2533 56 5744 END
START 3356 596 3244 -2422 1894 6226 END
START 3756 604 2484 -3032 4348 6037 END
START 3772 476 1688 -2977 6515 6144 END
START 3904 520 1756 -2989 8744 6254 END
START 3292 284 2208 -2343 11857 6942 END
START 4496 -804 2244 -3072 13940 6849 END
START 4712 -1520 3636 -3292 16138 7147 END
START 4748 -2208 5768 -4792 17254 6816 END
START 4628 -3908 8736 -8210 18486 5060 END
START 3488 -6364 10800 -10738 20099 2760 END
START 1728 -8652 14100 -12119 24180 -2480 END
START -3524 -13700 13804 -10243 23799 -8632 END
START -5696 -16344 18224 -6611 21971 -16517 END
START -10252 -17768 20720 -1028 18102 -24568 END
START -9336 -20652 20088 14160 11025 -21467 END
START -8624 -13832 29148 21975 7511 -15636 END
START -9308 -5764 27124 9957 11285 -22709 END
START -13740 -68 27192 12227 3840 -21255 END
START -13808 3932 25588 15671 3237 -16933 END
START -9692 8532 22260 17150 -2348 -15383 END
START -11776 12880 22384 18901 1670 -11158 END
START -12920 16548 21780 17565 2260 -8282 END
START -10068 18176 21252 15805 2574 -4335 END
START -10668 19804 20520 13131 2959 -1266 END
START -8604 19552 18784 9996 2731 919 END
START -7820 18476 17224 6589 1265 1062 END
START -6912 16880 15960 2156 17 -809 END
START -5072 15088 16280 -107 -1219 -1670 END
START -3736 13572 16096 -461 -1454 -1842 END
START -3328 11896 16348 -763 -1043 -1976 END
START -2472 9596 17440 -963 -351 -1570 END
START -3652 8772 18684 -1109 12 -465 END
START -4636 8808 17776 -1892 1263 484 END
START -5752 9592 17048 -1762 3818 1029 END
START -4008 8452 16852 -155 2476 3549 END
START -6368 9304 17528 -148 1732 4858 END