START -2136 -3908 16104 -7427 3354 4641 END
START -2768 -6724 16044 -3496 5282 4787 END
START -4056 -7872 16308 -18 5670 4064 END
START -6900 -8924 17912 87 6247 1225 END
START -6472 -11212 18000 898 4010 -1584 END
START -6368 -12664 20200 887 3840 -5859 END
START -4892 -14676 20140 4157 -142 -9683 END
START -5944 -14268 21144 5058 -2732 -14882 END
START -4744 -13548 20652 6942 -4809 -18914 END
START -3564 -12400 19608 11022 -5291 -19023 END
START -3300 -9568 18356 15859 -4369 -16963 END
START -4096 -5884 16484 19028 -3163 -16111 END
START -3904 -1624 14228 19905 -1654 -16501 END
START -5248 2616 12928 21162 -802 -15772 END
START -4648 6024 11420 20832 -307 -14493 END
START -5124 9120 10280 17616 1517 -13463 END
START -6596 13748 9640 17010 2337 -11630 END
START -7528 16300 9252 15111 1897 -7985 END
START -7348 18772 10472 12130 2118 -6478 END
START -7264 20028 11256 7760 1718 -6058 END
START -5964 20264 13624 4726 -166 -6821 END
START -5260 19616 14884 1252 1228 -5091 END
START -7080 19608 16168 50 660 -3986 END
START -6820 18444 17524 -567 48 -1383 END
START -8064 17912 17064 -922 -61 2753 END
START -9500 18360 19292 -3081 -2293 6421 END
START -8456 17804 20908 -4431 -4438 8696 END
START -8140 16468 22772 -5516 -6945 8260 END
START -6516 14476 23536 -7004 -8816 5524 END
START -5092 11812 23464 -6548 -9760 4345 END
START -3600 10496 23360 -6069 -10477 5401 END
START -2820 9424 23128 -4712 -11062 8220 END
START -2004 7668 23160 -4337 -11848 10145 END
START -984 7044 22720 -4620 -12729 11215 END
START -1984 6100 21636 -4858 -13571 11625 END
START -2316 4972 18412 -6031 -14293 10152 END
START -1860 3964 15904 -5486 -15266 9149 END
START 0 3644 13768 -4941 -14948 8323 END
START 1324 2172 12240 -3607 -11098 12473 END
START 2736 3028 12236 -3125 -13760 7899 END
START 2956 1864 11508 -3238 -12553 8096 END
START 4248 1416 10928 -4631 -11405 6124 END
START 2432 956 10620 -4490 -9290 4738 END
START 3144 1132 9264 -4647 -5805 4013 END
START 2292 -892 4400 -1710 -3966 4027 END
START 3248 -1080 5780 -1239 -3663 3523 END
START 2912 -320 4244 -1437 -1203 2690 END
START 3180 -416 3932 -184 -39 2288 END
START 4084 -244 4364 -55 1425 1986 END
START 4760 -856 4856 -533 3931 1565 END
START 4944 -1164 4700 -680 6412 2244 END
START 4680 -940 4900 -1041 8915 2478 END
START 4040 -760 4996 -1524 11484 1599 END
START 3408 -712 4696 -2000 13923 518 END
START 2436 -600 4796 -1504 16049 -20 END
START 1584 -228 5104 -998 18188 -778 END
START 788 80 5800 -1069 20190 -2265 END
START -128 -320 6288 -1173 21637 -3921 END
START -488 -828 7244 -1964 22904 -5168 END
START -1448 -1180 9412 -3378 24780 -6444 END
START -816 -740 10748 -3103 23061 -8186 END
START -3596 -612 12408 -2961 25420 -5250 END
START -3328 -52 16412 -2789 26258 -3489 END
START -4268 1732 19416 -2494 23391 -3515 END
START -7584 112 20572 -6306 22855 -5470 END
START -6052 -5952 23952 5576 21851 4947 END
START -12000 -200 25804 -178 20459 1549 END
START -16800 860 28268 1901 16134 -3373 END
START -14408 -880 27760 7545 12828 -3677 END
START -15464 1188 28352 11622 9800 -4517 END
START -18028 2868 28316 10511 4165 -10476 END
START -15044 3836 26360 7958 1828 -16032 END
START -11904 2548 24472 7240 -435 -17893 END
START -9736 1952 23644 7869 -1681 -16845 END
START -8072 2172 22344 9528 -662 -15410 END
START -8664 2584 20536 12646 -1131 -13491 END
START -5468 5196 17328 12207 -1775 -11395 END
START -6704 7404 16780 12002 368 -10686 END
START -7416 8868 15468 10168 -418 -12086 END
START -8588 9812 15016 6246 -485 -13836 END
START -9152 9596 14584 3069 -1594 -14083 END
START -8712 9540 14060 1797 -1920 -12342 END
START -9164 10208 14136 2868 -531 -9584 END
START -9368 11076 13448 3802 871 -7136 END
START -10268 11764 12248 4655 1691 -4170 END
START -10072 12476 12172 3796 1861 -1904 END
START -10060 12568 12424 1767 1101 -673 END
START -10000 11756 12588 -1010 272 924 END
START -9896 11232 12760 -1731 -1662 5074 END
START -9208 11180 13616 -2091 -1692 7932 END
START -9060 11040 13176 -1544 -387 10388 END
START -10208 10792 13612 -1064 574 12091 END
START -8904 10204 13968 -529 -610 12814 END