START -180 2064 12532 -4383 1136 3857 END
START 504 1356 12380 -3699 2491 5316 END
START -388 1476 12256 -2924 3654 6839 END
START -516 1480 11980 -2562 4890 8090 END
START -1472 2328 12688 -3347 5380 7939 END
START -2424 1936 12648 -4064 5646 7299 END
START -2872 1336 12552 -5137 5738 6159 END
START -3184 172 13176 -5815 5418 4492 END
START -3104 -1520 14164 -6204 5144 2138 END
START -2776 -3960 15248 -5892 5419 139 END
START -3308 -6584 16824 -4845 5190 -1219 END
START -3468 -9520 18956 -4047 5397 -2450 END
START -5216 -11324 20052 -2433 4592 -4578 END
START -7412 -11288 18972 435 1361 -8652 END
START -4336 -15620 19704 2181 1307 -10295 END
START -4220 -14992 19516 8186 1787 -9740 END
START -4372 -12684 18532 9660 2100 -12910 END
START -3432 -11224 17208 13169 1212 -12842 END
START -3212 -7696 16140 15355 1977 -12477 END
START -3296 -4180 14792 16659 2595 -12705 END
START -6340 340 14104 18913 1835 -12268 END
START -5520 5560 14452 19692 2579 -10665 END
START -5880 11228 14228 20010 4078 -8160 END
START -5868 16012 13464 19974 1638 -5677 END
START -5216 19856 15308 17275 2013 -4763 END
START -4828 23688 16608 13798 -548 -6317 END
START -4628 24916 18076 10326 -1563 -6220 END
START -5756 26652 19652 5744 -3773 -4790 END
START -4020 25648 21404 2928 -4768 -1134 END
START -5344 25088 22988 -2291 -5425 -274 END
START -5672 21852 24924 -6146 -7311 716 END
START -5324 17836 25620 -8038 -10038 1014 END
START -5472 14532 26036 -8210 -10820 716 END
START -3868 11672 25196 -6348 -11699 507 END
START -3640 9908 24292 -4012 -12558 2006 END
START -2468 8872 22316 -3324 -12514 4278 END
START -2988 8196 19692 -3170 -12765 6548 END
START -2460 7296 18008 -2405 -13606 7334 END
START -840 5996 16200 -3490 -14172 6886 END
START -108 4832 15076 -3458 -14134 6496 END
START 1664 4384 13436 -2643 -13763 6293 END
START 2492 3976 11824 -1487 -12060 6188 END
START 3260 4176 10260 -117 -10069 7093 END
START 2148 5080 9412 -549 -8625 7197 END
START 1924 4848 8884 -2289 -7851 6218 END
START 1648 3872 8044 -3266 -7836 5796 END
START 1916 3432 7644 -4327 -7082 5257 END
START 2128 2868 6832 -4448 -6215 5212 END
START 2280 2700 6264 -4215 -4835 5259 END
START 2460 2596 5620 -4155 -2935 5378 END
START 2544 2660 3756 -3321 591 7383 END
START 2064 2356 4876 -4042 1038 5404 END
START 2092 2520 4948 -3103 3889 5855 END
START 1500 2456 4376 -3329 4830 4673 END
START 1516 1980 4052 -3249 6374 4346 END
START 1728 1308 4080 -3424 8049 4084 END
START 2000 688 4140 -3796 10039 3894 END
START 1944 88 4180 -4268 12404 3688 END
START 1744 -304 4648 -4103 14187 3837 END
START 1440 -864 5864 -4032 15791 3958 END
START 432 -1488 7616 -4385 17493 3892 END
START -1120 -1588 8816 -4522 19308 2776 END
START -2576 -2320 9772 -5180 20587 -31 END
START -3136 -3608 10220 -5999 21697 -2577 END
START -4984 -4556 11428 -4951 21197 -4573 END
START -6280 -5756 13648 -4390 19792 -6788 END
START -5344 -6772 16848 -5181 18831 -8646 END
START -8644 -7604 19156 -2499 15826 -10290 END
START -10976 -11828 18640 3564 15107 -9299 END
START -9360 -7840 26748 3923 11495 -9247 END
START -8056 -6256 27320 5868 10147 -14596 END
START -2416 -5768 29952 13386 9154 -15967 END
START -6520 -3728 28860 12290 5784 -15843 END
START -6808 -2132 31048 15533 6135 -14752 END
START -7716 2504 28068 15446 4000 -15545 END
START -7840 6528 27080 18965 2632 -10538 END
START -8812 12560 25480 20103 713 -7756 END
START -9056 16676 21992 18476 180 -6201 END
START -9408 19376 20256 14917 -1071 -6935 END
START -7704 19492 18336 10503 -1072 -7849 END
START -8220 18564 15400 8588 -2829 -5624 END
START -6892 17892 13988 6675 -3368 -4585 END
START -6016 16984 13256 3236 -2176 -3339 END
START -4096 14976 12120 1437 -1714 -1023 END
START -3812 14008 11876 -646 -737 98 END
START -3408 11308 12104 -2223 -71 542 END
START -2940 9152 11740 -1863 1308 1171 END
START -3112 8232 12584 -1986 1776 794 END
START -2408 7324 13408 -1578 1686 1169 END
START -2664 5936 13916 -1953 2658 1671 END
START -3436 5232 14932 -998 2706 2886 END