START 3860 -3780 7440 -5009 317 -1876 END
START 5024 -1988 7840 -2255 3351 -1404 END
START 4096 -1324 6148 -1204 7014 -731 END
START 2852 -1056 5420 346 9116 733 END
START 2124 -684 4632 -315 11749 1291 END
START 1008 -448 4492 -1317 15187 1710 END
START 512 -888 3860 -1691 17451 2965 END
START 240 -748 4484 -767 18665 5364 END
START -636 -576 5480 -1402 20485 6283 END
START 512 112 6060 -4266 23906 6707 END
START -784 -464 5540 -3960 24668 8063 END
START -1156 280 6368 -5150 27718 9086 END
START -1424 108 6304 -5505 31071 10320 END
START -3056 188 7680 -6387 32767 10340 END
START -5508 -100 8216 -8352 32737 8093 END
START -5560 -1352 8520 -9443 32767 6877 END
START -7820 -2648 10628 -8908 32767 7047 END
START -10828 -3232 13268 -5852 32624 5886 END
START -12088 -4388 15944 -1281 27627 3071 END
START -13508 -5312 18932 4014 26101 2067 END
START -14636 -4108 20204 4006 22598 -3926 END
START -14444 -10112 21692 7945 18429 -5420 END
START -13440 -12996 22256 17936 16173 -2082 END
START -17876 -7312 20448 18004 12508 -8156 END
START -18596 -2568 22964 18840 7590 -11356 END
START -18276 2708 21800 25192 667 -11189 END
START -13520 7124 21156 26477 -6468 -12933 END
START -12836 9868 22152 20598 -7413 -21821 END
START -10892 11324 20340 12876 -9961 -31863 END
START -10532 10428 19380 7026 -9146 -32767 END
START -10004 10376 21212 5226 -12248 -27113 END
START -7484 11452 22164 6169 -6482 -19354 END
START -11024 15144 23552 5356 448 -13445 END
START -12012 16816 20848 7462 3471 -6979 END
START -14568 17984 19796 5838 3328 -2069 END
START -15360 18172 19340 1813 2168 2241 END
START -16920 18188 19460 1399 -140 7994 END
START -16976 18396 20528 330 -2746 11047 END
START -16352 17636 20820 -1815 -5971 11270 END
START -14912 16312 20920 -2418 -9855 12277 END
START -12876 15144 20516 -3005 -12861 13884 END
START -10884 13068 20664 -4839 -13815 14299 END
START -8360 11344 18892 -2628 -13421 18559 END
START -6856 11128 18784 -3931 -13968 20986 END
START -5680 10880 18412 -6687 -14255 20900 END
START -5136 9908 16712 -9499 -13985 20306 END
START -5856 9220 16100 -12186 -13982 19538 END
START -3928 7784 11504 -13821 -9381 21401 END
START -6324 6516 10096 -18339 -14750 14832 END
START -4116 2796 9368 -18634 -11620 16259 END
START -3356 1412 8036 -18857 -13246 15119 END
START -1912 -784 7992 -18915 -14987 13184 END
START 132 -2988 9236 -18486 -13131 13272 END
START 548 -4648 10368 -17284 -12885 11161 END
START 748 -6656 9752 -16425 -10225 9145 END
START 176 -8892 8140 -14548 -7815 9094 END
START 912 -8372 10748 -10329 -4011 10604 END
START -940 -7576 11084 -7295 -4453 8714 END
START 60 -8336 12512 -6607 -3299 8066 END
START -128 -8552 12748 -7333 -1332 5434 END
START 48 -9792 13308 -7756 -378 2257 END
START 20 -11804 13676 -7255 -187 -628 END
START 4 -13752 13876 -6706 406 -3549 END
START -480 -15136 13236 -4547 1509 -5487 END
START -864 -16308 12936 -160 1792 -5713 END
START -1736 -16248 13796 4136 1423 -6513 END
START -1564 -17128 15800 5816 991 -9953 END
START -1548 -18408 16492 6445 1034 -14833 END
START -516 -19560 15384 10336 1769 -20074 END
START 1464 -18616 15128 15913 1342 -25304 END
START 1504 -16160 15232 20822 102 -27422 END
START 2064 -10180 15160 21903 1583 -29863 END
START -1012 -4284 16260 17860 5332 -32768 END
START -4416 -1860 12680 19653 6324 -30887 END
START -6568 2228 15924 14844 4610 -28708 END
START -9296 5612 14100 15589 4287 -20492 END
START -12980 13004 14212 14058 5948 -11941 END
START -15940 19616 12108 14167 2583 -64 END
START -13504 23160 14016 13561 1956 6852 END
START -11228 26128 12624 7904 -1033 5400 END
START -5596 25092 16668 6066 410 266 END
START -4388 19520 17092 -970 855 -1279 END
START -3844 17752 17200 -2572 5 -3878 END
START -3580 13896 16256 -3820 1629 -2968 END
START -3028 9636 15792 -2624 1631 1065 END
START -2576 7216 15972 -1662 2543 3058 END
START -2568 5176 15168 -409 2575 4648 END
START -2084 3796 15664 850 2607 5492 END
START -1720 3236 15844 331 3053 5604 END
START -1212 1928 15516 -188 3651 4984 END
START 64 -436 14524 -645 4278 3888 END
START 668 -1856 13404 -215 5119 3049 END
START 956 -2592 11968 953 7090 2148 END
START 5268 -4008 11716 3319 9340 3252 END
START 848 -2228 12320 6108 9889 2730 END
START 452 -1772 12612 5479 10894 -543 END