START 4816 672 11236 -5022 -6758 667 END
START 3724 224 11228 -2864 -4715 258 END
START 3972 -316 10564 -1817 -2235 331 END
START 3740 -200 10256 -423 -357 1181 END
START 3596 -284 8540 344 1550 2150 END
START 3416 -216 7768 610 2642 3101 END
START 2912 56 7252 844 3739 3760 END
START 2380 316 7032 684 5007 3881 END
START 2168 64 7308 -40 6354 3328 END
START 2124 -500 6960 -793 7726 2840 END
START 1748 -1156 6692 -685 9107 2747 END
START 1328 -1124 6476 -420 10674 2734 END
START 1052 -840 6092 -228 12107 2495 END
START 1072 -752 5808 -156 13624 1583 END
START 1276 -1552 4208 -468 15073 886 END
START 1204 -1288 4180 527 17714 1302 END
START 708 -396 4008 233 20049 1184 END
START 752 -104 4060 -55 21695 2043 END
START 504 1092 4692 292 23022 3583 END
START 392 1492 5288 -266 24681 5414 END
START 1032 1988 5828 -1345 27195 6772 END
START -32 2288 6080 -2377 29163 7237 END
START -1532 2004 8524 -4448 31509 6192 END
START -3952 616 9804 -5360 31064 3930 END
START -5700 -1400 12772 -5160 30136 1290 END
START -8412 -3832 16100 -5709 27091 -2513 END
START -4612 -6488 19588 -5252 26201 -4787 END
START -11576 -6232 23324 -4942 22811 -8339 END
START -11320 -11672 21368 3620 21716 -4087 END
START -12056 -8980 26300 8891 19528 -3219 END
START -13368 -8728 27268 7807 16254 -10971 END
START -7188 -9220 29024 9435 11281 -15546 END
START -11176 -7052 27432 15878 12329 -11360 END
START -12188 -2476 24540 20647 9190 -8821 END
START -15704 4568 23156 20228 4229 -11980 END
START -12144 8748 20268 18502 -343 -16492 END
START -11068 11920 20148 9905 -1583 -23578 END
START -11800 10420 20180 2466 -1923 -26205 END
START -12072 9928 21432 975 -1987 -21050 END
START -12844 11096 22256 3196 95 -12461 END
START -13980 13580 23052 5710 2431 -5440 END
START -12896 14840 21920 5181 3427 -1220 END
START -15832 16584 22156 5219 3572 2632 END
START -16824 17948 22184 4315 2330 4044 END
START -17068 18384 21260 2937 -752 6147 END
START -16796 17824 20272 373 -5115 8275 END
START -15100 16692 20644 -1038 -9312 11354 END
START -12688 15968 21732 -2015 -11128 13268 END
START -10540 14884 21408 -3635 -11848 14000 END
START -8852 13276 21332 -5492 -12239 13429 END
START -7284 10736 20640 -6822 -12332 13152 END
START -6128 8856 19112 -7086 -12518 14862 END
START -6300 7972 18364 -7140 -12516 15968 END
START -6292 7000 17028 -7623 -13080 16464 END
START -5988 5964 14964 -8544 -14026 16440 END
START -3892 4888 13744 -10678 -12714 17717 END
START -4612 4120 13668 -11369 -14011 15427 END
START -4280 2444 12332 -12567 -13872 11944 END
START -2684 0 11192 -12027 -13080 10415 END
START -1676 -1456 11200 -10969 -13443 9002 END
START -336 -3540 10988 -10590 -10503 9091 END
START 112 -4064 10860 -9932 -9171 10468 END
START 472 -4184 10992 -9793 -9425 8916 END
START 616 -5112 10736 -9240 -8353 7912 END
START 988 -5876 10916 -8951 -6793 6327 END
START 1088 -6744 11380 -8058 -5393 5502 END
START 1420 -7380 11484 -6394 -3782 4401 END
START 1836 -8300 12384 -5382 -2328 2722 END
START 1776 -9224 12728 -4805 -866 1154 END
START 1272 -10908 12956 -4314 15 -143 END
START 900 -12920 13304 -2966 545 -1784 END
START 1056 -15248 13980 -1409 67 -4273 END
START 448 -16856 14288 2173 -744 -6628 END
START 536 -18964 15848 4859 -1470 -9688 END
START 1000 -20148 16164 7850 -1050 -13513 END
START 3420 -23252 17272 12878 -644 -14939 END
START 1980 -19728 15880 16788 -2375 -18562 END
START 2156 -16488 15840 19210 -671 -24135 END
START 1284 -12752 14664 20299 2461 -27422 END
START -1840 -8308 12948 21035 3758 -28171 END
START -5796 -3132 11188 23188 3704 -26596 END
START -7612 2052 10680 19391 3725 -25261 END
START -9688 9116 9288 23048 2604 -19981 END
START -9560 15308 10688 18834 2050 -16560 END
START -11152 20992 13052 15936 5245 -13979 END
START -13044 22080 10988 12173 6403 -10083 END
START -11520 23968 10532 12307 5508 -4034 END
START -9788 23528 11912 10097 8124 851 END
START -11344 24228 12428 3812 7690 3743 END
START -5712 19572 9876 -460 7536 2294 END
START -6224 17892 10344 -4590 4572 3749 END
START -3764 14968 12652 -6106 835 3016 END
START -1484 11172 14888 -6693 2178 3358 END
START -1244 8652 17048 -8121 4676 1648 END
START -1752 4444 16540 -7304 7381 1483 END
START -2728 3312 16732 -1824 6132 2808 END
START -3748 2328 17308 -686 9020 2867 END