START -4548 -6232 13772 -4263 255 1502 END
START -4068 -7936 13776 -3005 1101 -743 END
START -4056 -10276 14780 -1648 735 -4167 END
START -3624 -12636 15284 -275 1488 -8706 END
START -4112 -14204 14568 3321 1302 -11802 END
START -3308 -14672 14084 6962 1775 -16065 END
START -3412 -13224 13376 11806 452 -19939 END
START -3052 -10668 13700 15845 318 -22927 END
START -2624 -8000 14424 16495 1028 -25603 END
START -3088 -5844 14184 16361 2520 -26315 END
START -4520 -2764 13868 17284 3769 -23742 END
START -6200 12 14236 16637 4786 -19464 END
START -6660 4536 12216 16800 760 -16734 END
START -9180 7048 14168 17210 7056 -11937 END
START -11880 11364 13720 17162 7349 -8909 END
START -12340 14540 13552 14533 5937 -7294 END
START -12740 16184 15028 12299 5488 -6121 END
START -12360 16100 14868 5582 4330 -7122 END
START -13748 16100 14996 3669 2443 -5828 END
START -13260 15468 16704 3058 1171 -3115 END
START -12484 15144 17572 2426 -324 -357 END
START -11952 14808 18688 1029 -1813 759 END
START -11264 14144 20000 -187 -3887 824 END
START -10256 12040 21516 -2527 -5805 313 END
START -9296 9872 23836 -2179 -7977 -52 END
START -9880 7476 24032 -419 -7732 2752 END
START -8700 6532 23108 329 -8870 3397 END
START -9488 7028 22576 2839 -10229 5518 END
START -9080 7900 21012 5017 -11099 7229 END
START -8684 8996 20016 5181 -13001 7763 END
START -8584 8876 19864 2837 -15023 6764 END
START -7748 7624 19604 145 -17054 6138 END
START -6948 6892 18400 -1279 -18359 6754 END
START -5840 6280 17580 -371 -19492 8737 END
START -4720 6520 17016 430 -19828 9489 END
START 104 4580 17768 1396 -15032 11674 END
START -5104 7632 13476 1070 -16594 10830 END
START -1492 5588 13832 -1940 -19115 6970 END
START -1064 4840 12876 -2809 -17626 6992 END
START 232 3944 12776 -2479 -15026 8488 END
START 528 3872 11380 -3816 -15657 6893 END
START 1924 2496 10360 -4535 -14266 6344 END
START 2460 1908 9224 -4575 -13367 6139 END
START 3152 1892 8496 -4466 -12072 5678 END
START 3668 1652 7720 -4489 -9794 5318 END
START 5468 596 7752 -3829 -5187 6146 END
START 3564 1632 6820 -3173 -4025 5420 END
START 4644 1160 5892 -2788 -2352 3661 END
START 4808 1156 5812 -2982 -244 2160 END
START 4684 616 5268 -3559 2252 920 END
START 4472 -60 5196 -3869 4807 164 END
START 4300 -536 4760 -4764 7453 -476 END
START 3696 -980 4368 -4969 10217 -674 END
START 3096 -760 4176 -4700 13092 -450 END
START 2560 -488 4300 -4212 16208 -364 END
START 2628 -124 5028 -4122 19110 -351 END
START 2516 420 6520 -3931 22326 -509 END
START 2440 304 7164 -4238 25598 -577 END
START 1316 -100 7680 -4584 30443 -430 END
START 8 -832 7544 -4544 32116 1118 END
START -2152 328 12060 -5199 32767 1528 END
START -4040 -1084 10948 -6424 32767 2530 END
START -5276 -2076 13084 -4000 32767 5235 END
START -10256 -576 17972 -237 28269 4583 END
START -13696 -2044 20084 2299 25664 4218 END
START -15572 -692 24556 5036 22274 4470 END
START -15708 -2224 25856 5753 17403 -6035 END
START -17860 -5264 26204 3882 13025 -10018 END
START -16696 -6656 26076 5027 8323 -12372 END
START -16184 -6600 25536 8575 4285 -12729 END
START -15612 -4616 23320 11444 -992 -14784 END
START -12464 -2228 22352 13847 -3131 -14610 END
START -11404 1532 21920 15217 -6811 -17105 END
START -6868 4440 18796 15961 -7633 -18365 END
START -9452 6264 18644 16023 -4362 -19719 END
START -9224 9324 16920 12676 -2741 -21660 END
START -8860 9980 15624 8395 -844 -22309 END
START -9752 9948 14916 5512 1508 -20813 END
START -11276 9140 13620 4555 2368 -16047 END
START -13160 9976 12628 5951 740 -7184 END
START -13796 12024 12944 5555 60 159 END
START -14160 13528 13592 4859 240 6205 END
START -12784 14284 13432 2391 1337 8439 END
START -12196 14516 12496 53 1948 9098 END
START -10168 12440 12412 -943 440 8843 END
START -10568 12528 12884 -776 1117 9599 END