START -2624 28 13164 -7392 -5906 5776 END
START -1776 -1296 13008 -7938 -4496 4502 END
START -980 -2360 13724 -7271 -3389 3854 END
START -440 -4116 12900 -7502 -1930 2634 END
START -368 -5940 12932 -7341 -254 655 END
START 156 -8920 11940 -5900 760 -1414 END
START 704 -11548 11816 -2424 1940 -2641 END
START 496 -13572 12508 973 2673 -3485 END
START 116 -15000 13024 2956 2765 -5604 END
START -412 -15864 13896 5341 1856 -8515 END
START -452 -16740 14620 7277 2081 -11467 END
START -184 -16896 14360 10670 2713 -12966 END
START -752 -15764 13692 13852 3273 -16753 END
START -764 -12988 12860 16842 3657 -21581 END
START 428 -10512 13548 23364 3950 -22632 END
START -4052 -6784 13456 24174 6729 -22772 END
START -2848 -2876 13128 22036 8132 -24487 END
START -6412 1724 12384 23706 6947 -23215 END
START -10044 7196 13356 22764 6113 -19559 END
START -12272 13028 13812 22328 5877 -14648 END
START -14528 18280 13460 17923 5835 -12321 END
START -16576 23156 16084 16292 3312 -10933 END
START -15924 24256 15764 10317 1816 -9502 END
START -19932 26092 13468 5474 -6682 -6050 END
START -13320 26848 16912 3102 -823 -4116 END
START -11540 26088 17896 2562 -3618 -364 END
START -9168 24916 18992 -1150 -4955 1149 END
START -7588 22700 20108 -3989 -6267 2326 END
START -7228 20324 20308 -4865 -7646 4121 END
START -6032 18180 19952 -5816 -7707 6128 END
START -6156 16016 19888 -5463 -8741 7786 END
START -5408 15228 20080 -5236 -9668 8866 END
START -4320 13828 20204 -5965 -10661 8753 END
START -3180 12284 20400 -6477 -12276 8532 END
START -1732 10004 20640 -7573 -13018 7645 END
START -2580 8288 20072 -6932 -13842 8124 END
START -2360 7044 18208 -7524 -14027 8371 END
START -2452 5992 16104 -6435 -14720 9922 END
START -1620 5756 14800 -5596 -15559 11594 END
START -896 4636 13192 -6390 -15713 11321 END
START 336 3528 12512 -6332 -15508 10515 END
START 788 1928 9244 -2302 -12422 13590 END
START 3196 724 12024 -1485 -11821 14340 END
START 2432 1128 8920 -3381 -8049 10938 END
START 2784 540 8268 -1867 -6727 10723 END
START 3476 624 7620 -510 -5074 11065 END
START 3312 1796 6832 -1985 -3423 8383 END
START 3728 1596 5732 -3095 -1988 5936 END
START 4408 724 5296 -3550 -66 4471 END
START 6456 -572 5728 -4343 2822 4626 END
START 4548 -836 3328 -4895 5683 4428 END
START 4412 -1476 3060 -5274 6482 3759 END
START 4528 -2472 2848 -6228 8165 4122 END
START 4092 -2800 2956 -5359 10199 5080 END
START 3896 -2332 3768 -5134 12485 5014 END
START 3356 -1800 4484 -5249 15037 3776 END
START 2992 -1716 5700 -4982 17781 2379 END
START 2316 -1652 7500 -4185 20590 787 END
START 1460 -2020 9028 -4149 23189 -781 END
START 176 -2888 8700 -3897 26377 -1694 END
START -1536 -3320 8932 -3619 28946 -2284 END
START -3112 -4740 8756 -2658 30512 -1824 END
START -4904 -6364 11408 -91 30465 144 END
START -9588 -3888 14764 -2066 28113 -2409 END
START -8940 -6108 13356 6909 25687 5306 END
START -8652 -4180 22080 11020 21521 6025 END
START -13364 -2852 22052 6194 20021 -6340 END
START -15948 -5500 24296 4568 13773 -15738 END
START -13188 -8920 26444 9956 12587 -18863 END
START -13096 -7720 26672 15042 10361 -21266 END
START -13424 -3692 26588 16798 4751 -22736 END
START -12328 496 27392 16398 1847 -22386 END
START -13032 4792 26664 16554 -2661 -21439 END
START -11772 8156 23344 19341 -808 -18224 END
START -13104 11216 20812 19279 -36 -17230 END
START -13908 12808 17872 15863 877 -15819 END
START -13380 14740 15868 15034 924 -12749 END
START -13440 16604 14884 11102 822 -9587 END
START -11868 17764 14472 9443 744 -5404 END
START -12100 18792 14296 6938 1151 -2171 END
START -12508 18088 12948 4274 965 -685 END
START -12572 17212 12952 2397 245 -117 END
START -12440 15800 12132 1075 -774 -494 END
START -11764 13764 12280 870 -2163 -452 END
START -10240 12124 12380 29 -3326 -72 END
START -8720 11268 12688 229 -4407 1654 END
START -6712 10632 13636 -355 -4399 2944 END
START -5848 10356 13332 -1412 -2003 4101 END
START -4852 9080 14004 -811 462 5329 END
START -4936 9100 14356 -942 -178 6373 END