START 2036 1340 10548 -6372 -9210 4046 END
START 2128 -496 10016 -4830 -5968 3405 END
START 1488 124 6668 -3386 -4059 4550 END
START 1920 432 6984 -1734 -3340 4893 END
START 1964 928 6896 -1715 -1530 5138 END
START 1676 1148 6192 -2063 322 5067 END
START 1100 1068 5608 -2176 2029 5534 END
START 616 1036 5256 -2630 4103 5604 END
START 448 228 5184 -3412 5821 5648 END
START 68 -628 5140 -3481 7184 6142 END
START -256 -1432 5556 -4069 8770 6297 END
START -996 -2336 5592 -3932 10616 5649 END
START -1128 -2804 6232 -3501 12694 4370 END
START -1128 -3576 6344 -3175 15215 1946 END
START -1580 -3648 6036 -2514 17134 -124 END
START -1780 -3796 6624 -2134 18734 -1605 END
START -1520 -4316 7256 -2600 20904 -3335 END
START -1028 -4496 8012 -3371 22263 -4917 END
START -3264 -3804 9588 -2336 23849 -6247 END
START -2484 -4596 10124 -2591 25060 -5640 END
START -2276 -4528 12048 -868 26439 -3382 END
START -3720 -2680 14376 2172 23275 -2003 END
START -3604 -100 18188 4476 22280 -163 END
START -408 1684 20604 6276 18820 463 END
START -4112 5524 21512 6322 16106 1701 END
START -3252 8016 26928 9853 19810 2643 END
START -5412 8220 25764 5866 19173 -5598 END
START -8860 6008 25536 -268 15262 -7808 END
START -4596 3604 25732 1410 14044 -3160 END
START -8968 3612 28780 2949 13449 510 END
START -10436 3072 29960 3038 11767 608 END
START -11424 368 30408 2825 10682 -1881 END
START -13708 -1336 29572 5912 8139 -3954 END
START -13364 -1812 27680 7490 4512 -6953 END
START -12620 -264 25596 6639 -1406 -11617 END
START -10424 -1012 22484 4790 -4832 -17187 END
START -9804 -252 19852 4645 -6661 -20277 END
START -11100 324 18048 6290 -7346 -22467 END
START -9288 2080 15688 6656 -6086 -23609 END
START -8640 3688 15416 5252 -4178 -23945 END
START -9640 3644 15612 2320 -1202 -23319 END
START -11108 3428 13888 3908 215 -18469 END
START -13760 5336 12960 7738 -38 -9656 END
START -14632 9316 13244 9219 -1206 -1678 END
START -13404 12228 13572 8598 -2285 3289 END
START -14180 14468 14924 6072 -1571 3470 END
START -15444 15392 15596 293 -1910 1654 END
START -14920 14524 16264 33 -4574 4934 END
START -14340 14296 17948 -105 -5018 7814 END
START -13000 14276 17564 363 -5879 10868 END
START -12312 14188 16816 -949 -7481 12826 END
START -10060 13720 16628 -2717 -10377 15161 END
START -7832 13592 17588 -4446 -11697 16813 END
START -6112 12492 18008 -6962 -11440 17180 END
START -5656 11244 17920 -9268 -10498 17327 END
START -5328 8780 16632 -9314 -9701 18404 END
START -4652 7132 16252 -8605 -9605 19603 END
START -4044 6504 15812 -9088 -9756 19994 END
START -3628 6084 14488 -9017 -9961 20022 END
START -3376 4808 13828 -9203 -11363 19118 END
START -2964 3212 12916 -11519 -12794 16059 END
START -3240 848 12732 -13165 -11727 13729 END
START -4364 76 10800 -14098 -13444 10920 END
START -420 -3596 10956 -14872 -12064 9031 END
START -776 -5380 9888 -13791 -10977 8775 END
START 3592 -9204 10756 -13092 -9039 6747 END
START 3384 -10980 10192 -10686 -8038 5393 END
START 4956 -13256 11220 -8207 -6044 4560 END
START 5144 -15312 11552 -5156 -4217 2662 END
START 5444 -17756 12948 -3283 -2759 -562 END
START 4536 -20268 14056 -134 -800 -4732 END
START 7296 -22232 15136 3857 2678 -7895 END
START 4664 -21900 13252 10265 4437 -10454 END
START 6696 -21160 13952 15602 5265 -15787 END
START 6144 -20092 12916 15646 8971 -23591 END
START 2460 -16792 10980 18495 10827 -24939 END
START -1556 -10772 11288 22664 9090 -23724 END
START -5656 -5024 12540 19989 11427 -24836 END
START -9980 1672 12260 18850 12115 -24009 END
START -15016 4848 11996 14426 10539 -20554 END
START -19104 10148 11908 13612 10021 -13673 END
START -19988 16372 11932 14540 8376 -4789 END
START -18700 20424 11232 11483 8029 1698 END
START -15120 22684 10692 9997 6788 7137 END
START -13700 22376 11280 8902 4722 11786 END
START -5444 20088 14808 10700 4903 7488 END
START -3684 19140 14356 -1084 4273 4167 END
START -3360 15176 14580 601 4494 4893 END
START -2836 11788 14112 -1412 6413 3743 END
START -3364 8700 14652 -1807 6211 4616 END
START -1988 5520 15432 -2527 5464 3276 END
START -3368 4164 15908 -1177 5167 2773 END
START -1736 5008 17452 687 5043 2758 END
START -2724 4508 19844 1207 3461 922 END
START -3580 4396 20752 1240 2766 -1640 END