START -1404 -1484 12084 -3513 1253 5920 END
START -1524 -1768 11688 -2302 1997 5596 END
START -1508 -1932 12928 -1728 2895 4379 END
START -1480 -2556 13528 -2045 3590 2782 END
START -1728 -3244 14400 -2132 4465 1608 END
START -1492 -4080 14244 -2024 4847 740 END
START -1744 -4700 14200 -1318 5417 371 END
START -1976 -5272 14924 -238 5399 -15 END
START -2520 -6016 15624 660 5701 -792 END
START -2804 -6452 16636 1651 5639 -1716 END
START -3236 -7364 17216 2429 5585 -3037 END
START -3940 -8376 17236 3550 5732 -4676 END
START -4564 -8892 17088 4953 5379 -7009 END
START -5028 -9780 16544 7070 4678 -9247 END
START -5388 -10408 15852 8893 2680 -12280 END
START -4504 -13700 15580 10278 2602 -15502 END
START -4200 -12872 16596 16132 2093 -15082 END
START -4104 -10176 16488 18073 1943 -18071 END
START -3540 -7196 15860 21037 1352 -18846 END
START -4304 -2912 15324 22702 2285 -18361 END
START -8020 3280 14148 24875 -249 -17401 END
START -6384 9492 13644 24818 1906 -14416 END
START -9436 15912 14800 24756 2884 -11133 END
START -10752 22188 14676 23249 1266 -9980 END
START -11868 25472 15204 19198 907 -7631 END
START -9072 31244 17572 10991 -838 -9113 END
START -9724 30892 17660 8494 -3227 -3624 END
START -6920 30912 17092 4850 -4354 -2308 END
START -5724 29664 17652 805 -5537 -1619 END
START -4608 27308 18632 -2927 -6454 -1805 END
START -3944 23876 19116 -5364 -6447 -1010 END
START -3648 20584 18944 -6388 -6971 1416 END
START -3544 17612 19360 -7124 -7112 3333 END
START -3300 15168 20108 -7304 -7635 5583 END
START -3152 14276 20092 -8075 -9364 6020 END
START -3532 12544 20848 -7524 -10100 6749 END
START -276 11112 21004 -6348 -10894 6768 END
START 64 9956 21360 -6844 -11126 5790 END
START -1048 8220 20552 -5954 -11304 6195 END
START -148 7240 19128 -4575 -11425 7990 END
START -504 7316 17616 -2971 -11305 9691 END
START -192 8036 15800 -2357 -11650 10248 END
START -144 8080 14116 -2960 -11701 9738 END
START 372 6824 13556 -4012 -12090 8621 END
START -352 6144 12668 -5345 -11628 7539 END
START -1020 4616 10960 -6307 -11052 6751 END
START -1040 3776 8772 -6083 -10190 7037 END
START -408 2888 7536 -5666 -8742 7951 END
START -1992 3672 4852 -3900 -5701 9782 END
START 756 1816 5600 -5998 -6857 7188 END
START 1080 1736 4932 -5746 -5100 7212 END
START 1868 1408 4000 -6105 -3187 7494 END
START 2332 776 3660 -5990 -1329 7767 END
START 2760 380 3660 -6281 454 7521 END
START 3300 -148 3652 -6552 2762 7075 END
START 3272 -544 3272 -6557 4994 6562 END
START 4160 -1520 3140 -6473 7492 6450 END
START 3392 -1568 3564 -6272 9596 5957 END
START 3184 -1740 3488 -6324 11666 4560 END
START 2620 -2004 4092 -6256 13831 3029 END
START 2292 -2352 5164 -6234 16211 1240 END
START 1484 -3308 6144 -6311 18330 -730 END
START 1000 -3792 6976 -5885 20929 -2416 END
START -40 -3848 7272 -4559 23353 -3371 END
START -1672 -3880 7764 -2603 25016 -3460 END
START -3200 -3836 9784 -1667 26370 -4334 END
START -5324 -4516 12492 -378 26564 -5878 END
START -5952 -6144 14840 -781 24172 -9579 END
START -10888 -6456 18812 -1648 22015 -14805 END
START -10528 -10716 22356 4843 19532 -12966 END
START -8908 -10012 28944 15079 15053 -12969 END
START -10540 -7772 28424 14675 14661 -19817 END
START -10148 -2488 29292 22495 4749 -23443 END
START -10708 -36 29668 26150 2747 -19036 END
START -11172 6260 30068 26088 -4891 -19862 END
START -9584 11052 29652 22125 -4662 -20815 END
START -8872 12464 27436 18781 -3825 -21582 END
START -6864 12196 24364 16100 -1392 -18780 END
START -8760 14012 20812 17347 1372 -13068 END
START -9884 16508 17480 15742 5435 -8427 END
START -10236 19232 13448 13424 6471 -3309 END
START -11960 20700 11380 5979 6648 -2361 END
START -12300 18716 10968 810 3389 -700 END
START -11312 16556 11264 -53 -407 3809 END