START -4724 -14720 17760 112 221 -8860 END
START -2780 -17744 16512 2193 429 -11408 END
START -2856 -17992 15332 6899 1276 -12106 END
START -1708 -16124 14748 11112 1816 -12567 END
START -2080 -12900 14548 14069 1570 -12601 END
START -1480 -7828 14740 18052 1940 -13724 END
START -1976 -4108 13876 16376 1758 -16010 END
START -1432 -100 12812 15447 2089 -18217 END
START -1708 4200 12940 15588 2997 -20558 END
START -1756 7168 12628 15915 5248 -19683 END
START -4136 10156 13052 15660 7018 -16014 END
START -7328 13272 13044 16519 8033 -11859 END
START -11520 18256 14768 14751 4333 -11179 END
START -12300 21060 16436 9892 9252 -7865 END
START -10364 21128 14396 9989 7523 -5225 END
START -14380 23084 18452 3414 3056 -2940 END
START -12944 21840 22308 586 -1445 -3287 END
START -13988 19844 24936 -1016 -2774 -1252 END
START -13928 17952 27036 -4480 -7029 -2555 END
START -12060 14176 27872 -3259 -8079 1595 END
START -10640 13368 28676 -2292 -10583 3349 END
START -9824 12472 29336 -1984 -13215 4185 END
START -9944 11280 27680 -2578 -15289 3848 END
START -8876 9404 24756 -3198 -17803 3758 END
START -8004 8484 20552 -2663 -21513 4120 END
START -5692 6020 19364 -4453 -22518 3025 END
START -4640 5692 16932 -3579 -21667 5195 END
START -852 4172 15180 -612 -21135 7788 END
START 1376 3356 13044 616 -19778 8920 END
START -212 3684 9424 812 -16271 11920 END
START 1740 3748 9264 588 -16710 10049 END
START 856 4316 5816 1435 -15884 10954 END
START 2472 4716 5428 -1459 -15115 9723 END
START 3812 4244 3364 -1922 -13535 8958 END
START 5744 3388 2688 -3454 -12113 8862 END
START 5852 3392 2432 -4498 -10540 8135 END
START 7864 2128 2120 -5463 -8184 7876 END
START 8692 1420 2188 -5272 -5174 8181 END
START 8676 1192 1932 -5284 -1958 7780 END
START 8040 1368 1492 -5283 1739 7643 END
START 7624 1428 1140 -5126 5269 7293 END
START 7108 1072 508 -5273 9056 6455 END
START 6800 496 796 -5046 12587 5145 END
START 6196 -260 1044 -4879 15675 3861 END
START 5808 -1192 1884 -5355 18691 2754 END
START 4880 -2312 3152 -6178 22309 1886 END
START 3940 -3364 3972 -7546 25817 912 END
START 2344 -4832 4136 -8131 29139 84 END
START 3340 -6212 5728 -8600 32767 -624 END
START -2248 -8512 6420 -6803 32767 -1953 END
START -6660 -10968 8980 -4648 32767 -3191 END
START -9044 -13008 12300 -4274 32767 -7137 END
START -11324 -13640 16508 2861 25947 -7285 END
START -13136 -11760 22300 3719 20974 -10715 END
START -10812 -10376 25364 4807 17738 -11285 END
START -11632 -11192 30892 10293 7842 -12990 END
START -11436 -8536 29696 8689 7480 -18523 END
START -11908 -6208 30960 12273 5857 -22260 END
START -13292 -3764 28560 16245 6939 -20806 END
START -10320 476 23732 23198 -1236 -15734 END
START -14924 8040 24456 25949 -1209 -10425 END
START -14452 14384 23276 24437 -1108 -8253 END
START -12936 18980 20440 22953 -1440 -5792 END
START -11136 21484 17980 16862 -238 -7395 END
START -11464 21708 15568 12077 -1645 -7484 END
START -8964 20256 14636 7140 -769 -7807 END
START -7608 18532 13144 6038 -1220 -4502 END
START -6516 17660 13956 2609 989 -2640 END
START -6612 15576 13884 705 2236 184 END
START -7348 13136 13876 -881 3270 2593 END
START -7816 12408 12968 -1046 4566 5992 END
START -6660 11456 12920 -864 5068 7883 END
START -7104 10920 14352 -2910 5534 8108 END
START -7452 9188 13928 -4133 5429 7273 END