START -1116 -4496 14920 -2570 7322 7881 END
START -2724 -6132 16852 -2730 6626 5062 END
START -3112 -8832 18272 -3603 6226 889 END
START -3816 -11716 19508 -3160 5463 -4477 END
START -4008 -16508 20000 -249 4890 -9070 END
START -2636 -20540 20016 4594 4320 -12912 END
START -2204 -20564 19504 10556 2520 -15178 END
START -1416 -17628 19616 15169 1626 -17015 END
START -2548 -11440 19524 15745 1390 -19530 END
START -4228 -6440 17628 14222 1662 -22749 END
START -6700 -1264 15908 12828 1182 -25160 END
START -9552 2740 14844 11443 1550 -24802 END
START -9560 4192 14160 13627 2066 -19405 END
START -11308 7760 12724 15769 2097 -11200 END
START -11680 13376 12900 16472 2908 -5191 END
START -12080 18244 12376 13117 2327 -2138 END
START -8984 20084 12240 11080 2980 -221 END
START -8100 20676 12892 8050 2049 -231 END
START -6964 19704 12872 3301 1204 -2149 END
START -5220 17856 14064 23 -242 -3364 END
START -4240 16220 15788 -2785 -936 -3984 END
START -4244 13856 17532 -4241 -1238 -4020 END
START -4568 10972 21188 -4903 -2700 -3919 END
START -5980 9416 23564 -5760 -3624 -3577 END
START -5996 8616 24856 -4443 -4739 -1857 END
START -5492 8984 25856 -2447 -5137 -276 END
START -6984 9912 26036 -874 -5494 1205 END
START -7472 10552 27072 -63 -8102 2827 END
START -7392 10696 26860 -499 -8865 5040 END
START -7204 10124 26584 -1394 -10394 6293 END
START -7008 9440 24968 -870 -11511 7876 END
START -6404 9424 22832 434 -12819 8684 END
START -5504 9400 21360 230 -14093 8264 END
START -4852 9636 20064 -1398 -15229 7729 END
START -3200 8428 18760 -2304 -15417 7927 END
START -2152 7148 18196 -3825 -16075 8223 END
START -340 5216 16368 -4458 -15368 8820 END
START -1464 3476 15588 -3579 -15300 9938 END
START -352 2416 13052 -3728 -14792 9565 END
START 836 1888 11688 -2909 -14454 8783 END
START 1752 688 10432 -3483 -13913 7638 END
START 2428 392 9280 -4499 -13944 6616 END
START 4192 12 7616 -4355 -12260 5598 END
START 4924 -620 7112 -2910 -11224 6306 END
START 4104 -48 5528 -1276 -8148 9111 END
START 4776 -52 6096 -3716 -7423 4882 END
START 5868 -1008 4844 -3349 -5596 3770 END
START 6608 -1484 3852 -2572 -3529 4675 END
START 6392 -1588 3976 -2311 -1413 4429 END
START 6208 -1760 3120 -2877 1220 3431 END
START 5896 -2052 2352 -2532 3643 2702 END
START 5400 -2236 2596 -2108 6209 2171 END
START 4704 -1720 2476 -1575 9235 1908 END
START 3780 -1100 2076 -629 12481 2104 END
START 3240 -548 1116 -33 15430 2030 END
START 2980 -344 1248 706 16857 2465 END
START 3204 -180 2096 1193 18133 3632 END
START 3116 -156 3764 1124 19402 4788 END
START 2212 -384 5308 -537 21205 4684 END
START 880 -692 6944 -1914 22881 4165 END
START -380 -1452 8872 -1829 23747 3086 END
START -2944 -3136 12164 -2722 25028 -405 END
START -4008 -7424 14280 -1916 23492 -5005 END
START -5456 -8392 19064 291 18977 -9977 END
START -3996 -10572 22108 874 15767 -15403 END
START -6188 -13460 24372 2577 15711 -14652 END
START -4976 -13944 20476 12336 11513 -11681 END
START -5508 -11920 31192 21975 12745 -4797 END
START -8968 -4044 30896 13304 10245 -12622 END
START -11412 -208 28812 18231 12385 -14208 END
START -12652 5724 26376 17720 10834 -15515 END
START -14840 7832 23396 14853 7107 -15951 END
START -14268 11380 20864 11808 2104 -16219 END
START -12156 13004 20252 9736 -1398 -15606 END
START -11580 14360 20704 9719 -2405 -13842 END
START -8768 14512 19608 10284 -1087 -12253 END
START -8268 14996 17628 8424 -146 -11642 END
START -8796 15096 17436 5775 1535 -10521 END
START -9444 14916 16752 5886 1278 -7175 END
START -7624 14540 16700 3302 1855 -5311 END
START -9300 14016 16032 1828 1820 -2965 END
START -8820 13292 14948 1099 1314 -456 END
START -9024 13224 15488 398 618 962 END
START -9264 12732 15628 -588 -27 1113 END
START -9132 11992 15488 -1235 -984 1310 END
START -8832 11256 15700 -1522 -1939 1990 END
START -8060 10592 15892 -1942 -2350 3170 END
START -7472 10260 15392 -2556 -1636 4479 END
START -6644 10080 15052 -2378 -647 6093 END
START -6376 10456 15248 -2397 -412 8057 END
START -6176 10020 15628 -3337 391 8526 END
START -6800 8960 14800 -3172 219 9276 END