START -2812 3688 14232 -4832 614 7919 END
START -2836 2964 14684 -4764 594 6666 END
START -2688 2028 14092 -4566 1327 5613 END
START -2316 520 13552 -4558 2241 4608 END
START -2212 -904 13104 -4387 2990 4135 END
START -1948 -2376 13236 -4429 4523 4404 END
START -3052 -3796 13820 -4120 2885 3987 END
START -3728 -4836 15184 -3921 2648 3435 END
START -3824 -6300 16440 -4197 1068 1172 END
START -4244 -8552 18168 -3867 315 -1955 END
START -4464 -10588 18632 -2125 -394 -5001 END
START -3292 -12612 18880 604 -504 -7542 END
START -2436 -13420 19632 3702 -697 -9151 END
START -3296 -13212 19572 5599 -1238 -11309 END
START -2496 -13596 17984 7075 -1121 -12645 END
START -2772 -12080 17984 12500 -1027 -10618 END
START -4152 -7916 16632 14124 -1352 -12715 END
START -4108 -3820 15284 15472 -1888 -14073 END
START -4660 116 14480 15564 -1484 -15040 END
START -3712 3784 13116 15299 -1142 -15799 END
START -1816 7064 11636 15835 -833 -14751 END
START -3684 10876 11852 16631 1058 -12242 END
START -3272 14884 10916 16458 2337 -8754 END
START -3904 18952 11148 15558 3419 -5950 END
START -3788 21368 11740 11095 3850 -5545 END
START -3128 23156 11308 7153 2561 -6045 END
START -4656 22648 13300 3469 215 -7533 END
START -3440 22044 14904 1070 550 -6186 END
START -4368 20716 17244 -1439 -342 -5778 END
START -4576 19408 19488 -2205 -858 -3016 END
START -5060 17608 21720 -3365 -1442 -966 END
START -4752 16052 24236 -3833 -3196 1525 END
START -4616 14776 25576 -5637 -4645 2402 END
START -4220 13084 26020 -5360 -7460 2762 END
START -4772 11904 25900 -5124 -7328 2979 END
START -5152 10968 24352 -3479 -8517 3505 END
START -3740 10224 23360 -3169 -9999 4565 END
START -2960 9364 21568 -4391 -10570 5050 END
START -1756 8492 20544 -4213 -12024 6538 END
START -644 8804 19728 -4445 -11749 6872 END
START 836 7860 18248 -3761 -11734 7380 END
START 232 6904 18248 -3939 -11647 7021 END
START -256 5556 15484 -4626 -10345 6511 END
START -888 4856 13192 -3771 -9588 7725 END
START -1000 4552 10984 -3260 -8576 8527 END
START -640 4020 8788 -3250 -7547 8890 END
START -756 3864 7848 -3393 -5300 10636 END
START -1108 3900 6220 -4465 -6380 7973 END
START 1148 2928 5500 -4941 -5549 7442 END
START 2480 2300 5224 -5112 -4133 6999 END
START 3304 1664 5220 -5138 -1833 6707 END
START 3312 684 4904 -4847 407 6729 END
START 4152 272 5080 -4212 2375 7595 END
START 3604 -72 4300 -3809 4511 8276 END
START 2876 -100 4572 -4395 6387 7905 END
START 2164 -356 4128 -4513 8100 7622 END
START 1360 -776 3984 -3754 9913 7524 END
START 984 -840 4172 -3105 11609 6676 END
START 520 -1016 4092 -2563 12846 4903 END
START -80 -1192 4808 -1764 13388 2770 END
START -132 -1652 6264 -1163 14598 1584 END
START -276 -2300 8000 -1086 16133 518 END
START -1032 -3200 8936 -1387 18231 -848 END
START -2072 -4676 10312 -382 18841 -1641 END
START -3512 -5860 12640 171 19001 -3779 END
START -7100 -6568 15276 389 21073 -6503 END
START -8040 -8400 16920 2789 16796 -9587 END
START -7600 -9796 20984 2460 14563 -13551 END
START -7724 -8580 22840 4246 11438 -16912 END
START -7608 -8252 22204 7697 9830 -15807 END
START -3896 -8056 26392 13681 5889 -12903 END
START -7256 -3952 24672 12845 6199 -17924 END
START -6204 404 26488 14617 7071 -18076 END
START -5792 2696 27380 16611 9001 -15752 END
START -5432 6456 25016 18648 3059 -15608 END
START -8588 8796 23864 19741 7171 -11487 END
START -13780 15424 24304 21908 3685 -10014 END
START -12976 18844 22304 16224 1794 -9336 END
START -10768 20792 19544 13613 -147 -8347 END
START -13548 22364 18496 11373 -2241 -6953 END
START -10780 21892 15920 7498 -4062 -6719 END
START -9608 21460 14660 4357 -4763 -4198 END
START -7320 20008 13340 2198 -4025 -1359 END
START -4392 18360 12444 -434 -3375 411 END
START -5036 15880 12528 -1809 -2879 2802 END
START -3132 13992 12596 -3759 -1939 3886 END
START -3152 12036 12340 -4868 -530 4180 END
START -3948 10424 12640 -5243 902 3739 END
START -2712 8596 13456 -4499 891 3305 END
START -3736 7392 13960 -5001 583 2390 END
START -3808 6404 13992 -5212 931 1588 END