START -1764 -3140 14216 -3399 3578 4050 END
START -868 -4028 16408 -3776 8618 4152 END
START -3556 -6096 17820 -1965 2913 356 END
START -4580 -9636 19356 -3336 1416 -5127 END
START -2536 -13592 20444 -2676 -416 -9777 END
START -4636 -15216 19460 -87 -42 -12783 END
START -3376 -16264 18480 4596 -728 -12382 END
START -3044 -14892 17756 9202 -323 -11654 END
START -3012 -12356 17112 12053 483 -11506 END
START -2992 -8192 15624 14041 1383 -11384 END
START -4132 -3524 14876 14078 2069 -12589 END
START -3616 -588 13016 16674 2389 -10630 END
START -3472 4252 12656 15328 3292 -10443 END
START -5396 8828 11956 14534 2690 -10121 END
START -2800 11352 12744 14577 2196 -9160 END
START -1924 14648 13224 12704 3106 -8887 END
START -2536 17492 13476 11058 3122 -8091 END
START -2488 19136 14624 8023 3277 -8102 END
START -2800 19932 15588 5189 3042 -7237 END
START -1952 20976 15380 4226 2433 -5336 END
START -3608 21772 17800 3772 1391 -3316 END
START -3816 22812 19952 1835 893 -2699 END
START -4736 21972 20988 -578 -182 -1753 END
START -5396 19864 21792 -2774 -1181 24 END
START -5216 18216 22968 -3202 -2998 2664 END
START -4064 16512 23496 -4210 -4408 4072 END
START -2404 15340 24304 -4591 -5732 4729 END
START -2228 13820 24876 -5574 -6475 4652 END
START -1656 12016 25340 -5824 -7462 4942 END
START -1592 9900 24556 -6361 -7929 5474 END
START -1796 8360 22832 -6699 -8261 6268 END
START -1508 7372 20872 -5634 -9237 7544 END
START -460 6848 19844 -4195 -9814 8187 END
START 304 6408 19960 -4955 -10476 8555 END
START 788 6016 19140 -4921 -9997 8713 END
START 556 5160 18000 -5243 -9634 8459 END
START -1320 4372 16324 -5094 -9386 8181 END
START -1692 3280 14220 -4998 -9247 7333 END
START -1692 2452 12580 -3954 -9299 7307 END
START -1748 1980 10740 -4473 -9135 6034 END
START 248 924 9056 -5086 -8660 4943 END
START 1116 800 7788 -3519 -7780 5341 END
START 1496 692 7240 -2677 -6413 5781 END
START 2404 372 7452 -2571 -5046 5524 END
START 2392 -56 7048 -2928 -3343 5163 END
START 2184 -176 6364 -2726 -2304 4708 END
START 2348 -1092 5340 -2498 -388 4620 END
START 2364 -1740 5024 -1792 898 3982 END
START 2004 -2424 5792 -1404 3801 4709 END
START 1604 -2076 4668 -1659 4074 3374 END
START 2176 -2204 4500 -1222 5434 2799 END
START 2080 -1680 4232 -286 7665 2818 END
START 1900 -888 4028 477 9862 2802 END
START 2280 -448 4408 840 11835 2469 END
START 2044 104 5368 953 13715 2314 END
START 1484 448 6172 522 15247 1952 END
START 668 500 6724 6 16117 1676 END
START -308 556 7772 -604 17237 1071 END
START -2076 288 8592 -1712 18747 -667 END
START -3740 -1016 9256 -1404 18175 -1673 END
START -5004 -1656 12636 -1672 17374 -3514 END
START -5948 -3220 14844 -2409 17094 -6257 END
START -4968 -5608 15836 -825 16081 -7546 END
START -4668 -5180 19064 1823 16050 -7445 END
START -6704 -3356 22488 1867 14080 -10051 END
START -5728 -4656 22720 5913 13818 -7762 END
START -6640 -4696 29004 7734 12980 -6623 END
START -8056 -5224 25272 4613 13585 -13808 END
START -9272 -4148 27664 6010 6984 -16480 END
START -7120 -3500 26700 10452 7625 -14771 END
START -8284 984 26072 15319 4470 -12332 END
START -9140 7448 26232 16424 4242 -10591 END
START -8952 12180 26204 16359 4466 -8628 END
START -10144 15848 25920 14073 3393 -6980 END
START -10580 17252 23016 9233 1590 -7535 END
START -10628 17264 22116 7561 -2544 -8296 END
START -7988 16576 21300 5074 -4511 -9308 END
START -5468 15180 20232 4439 -5721 -8466 END
START -4612 14028 18884 5217 -4145 -5649 END
START -4660 13500 17092 5748 -1835 -2291 END
START -5564 13656 14544 6321 -606 591 END
START -4900 14424 12764 5655 -470 2215 END
START -5004 14340 11868 3402 -505 2398 END
START -3644 13572 10268 915 -448 1718 END
START -2124 12288 11036 -2243 750 526 END
START -2744 10616 12120 -2278 592 1664 END
START -2072 8400 13432 -5469 1004 1478 END
START -2652 7000 14132 -4795 1386 3573 END