START -2036 -4312 14424 -2728 7398 5606 END
START -3004 -5056 14596 -1212 8439 4820 END
START -2996 -5996 15024 934 7930 4357 END
START -3964 -6216 16068 1148 7773 2617 END
START -4660 -6832 16932 1805 6687 1383 END
START -6932 -6776 18020 1163 5706 -1365 END
START -5328 -7784 18000 3541 4943 -2619 END
START -6292 -8276 18560 4080 3461 -5396 END
START -6512 -8908 19224 4096 1990 -9613 END
START -6916 -9668 18936 5269 623 -13287 END
START -5508 -10092 17876 7646 -616 -16678 END
START -4344 -8240 17360 9864 -1782 -19146 END
START -3628 -5156 16760 11297 -2512 -20926 END
START -3460 -2008 15632 11143 -1579 -22468 END
START -3424 -216 14768 13208 424 -21032 END
START -6912 2128 14492 14369 443 -19321 END
START -5704 4944 13656 15490 2931 -15393 END
START -8136 8544 13968 14271 5103 -11980 END
START -9724 11744 12448 13239 5412 -7634 END
START -10496 14460 12712 11804 4751 -4197 END
START -11752 17008 13616 9808 4131 -2435 END
START -11128 17732 13972 7035 2626 -2566 END
START -9996 17740 14924 3721 280 -3982 END
START -9156 17432 16492 1179 -1402 -5057 END
START -8784 15472 19800 -1005 -1937 -5562 END
START -8240 14908 20184 -1511 -2825 -2916 END
START -7304 12924 20924 -2120 -3497 -1845 END
START -6816 11048 21600 -1709 -4754 173 END
START -6532 10884 23168 -995 -5180 2416 END
START -8204 10600 24368 -1506 -6118 2945 END
START -8180 9600 24116 -1494 -7748 3310 END
START -8508 8400 24604 -653 -9433 3756 END
START -7708 8076 23596 298 -10609 4515 END
START -6748 7904 22640 1251 -11594 5411 END
START -5712 8208 21956 1432 -12675 6076 END
START -4016 7864 21220 1576 -13765 7052 END
START -3672 7908 22564 -707 -15121 6210 END
START -3496 7008 20900 -1872 -14279 6415 END
START -3460 6232 18836 -628 -14542 8691 END
START -3004 6220 17408 -1011 -14676 9144 END
START -2248 6444 15472 -1956 -14781 9075 END
START -1256 5652 14176 -952 -14925 9948 END
START -404 5680 14212 -1066 -14691 10479 END
START 212 5384 13520 -1894 -13953 9676 END
START 584 4708 12988 -2678 -13442 8947 END
START 884 4068 11948 -3698 -12632 8062 END
START 1536 3216 9664 -4589 -11990 7113 END
START 2148 2736 8124 -5032 -11216 6092 END
START 2472 2216 6844 -4742 -9923 5371 END
START 4528 744 8100 -3649 -3987 8434 END
START 1808 2584 5984 -4096 -7039 6891 END
START 4076 260 6088 -4364 -5740 5501 END
START 5068 -464 5052 -5471 -3169 4888 END
START 5080 -948 4216 -4581 -1139 5450 END
START 5380 -920 3940 -3712 609 5546 END
START 5844 -1248 3844 -3672 2796 5209 END
START 6004 -1252 3720 -3492 5396 5131 END
START 6180 -1040 2688 -3098 8465 5263 END
START 6192 -808 1932 -2208 11913 5609 END
START 6044 -504 1524 -1143 15273 6150 END
START 5696 88 1416 -534 18695 6594 END
START 5112 456 1996 -360 21297 6659 END
START 4492 272 3164 -928 22910 6135 END
START 3648 -508 5048 -2318 24070 4781 END
START 2196 -1980 6820 -3272 24942 2711 END
START 80 -3236 10952 -3356 25094 -916 END
START -1448 -5880 12608 -5709 25398 -6040 END
START -4348 -8656 17028 -3949 22274 -11285 END
START -7100 -10896 20988 -3733 19371 -16112 END
START -7624 -11352 22320 -762 14953 -19050 END
START -10804 -14352 20908 6021 14845 -16191 END
START -6980 -11736 30800 15194 8617 -10140 END
START -11720 -3928 31832 4130 8541 -20207 END
START -9060 -2932 27000 13170 7591 -17441 END
START -11428 2012 28108 18564 9110 -13847 END
START -13544 5884 24308 14610 8723 -15935 END
START -14000 8768 22092 16029 6901 -12774 END
START -14676 11120 22348 15362 5351 -10330 END
START -14244 11940 21220 11384 4249 -9799 END
START -13088 13008 19532 11814 2070 -6998 END
START -12196 14864 19696 10057 950 -5533 END
START -10984 14968 18288 7851 -61 -3891 END
START -9844 14620 17292 5484 -632 -2027 END
START -8776 13776 16944 3266 -1607 -1128 END
START -7916 12780 16424 799 -2090 -980 END
START -7416 11060 15500 -258 -2426 -325 END
START -6484 9856 15516 -522 -2643 759 END
START -6016 9060 15580 -736 -1858 1304 END
START -5656 8688 15440 55 -810 2155 END
START -5492 8364 15732 218 -227 3374 END
START -5568 8340 15748 1149 -795 4875 END