START -2064 -5044 10056 -9273 3872 6461 END
START -3144 -9124 10416 -10955 5200 4527 END
START -1344 -15232 10200 -12281 6655 2372 END
START -3616 -20360 12496 -11127 1503 -5117 END
START -4712 -26688 9012 -7698 -1727 -13945 END
START 428 -29560 11960 465 -941 -15968 END
START 4288 -29912 14260 5693 -446 -15243 END
START 4992 -26964 17072 7393 2518 -14412 END
START 3340 -23708 15380 8898 7900 -16689 END
START 3220 -21236 13880 12957 11467 -17882 END
START -76 -16276 12424 16136 13746 -17244 END
START -3876 -9308 12056 15184 15048 -19305 END
START -6272 -3432 9976 20644 14375 -14461 END
START -9004 4408 12340 21662 12796 -9819 END
START -12188 13260 14220 20628 12071 -9688 END
START -14112 19548 16204 18570 12487 -10809 END
START -14980 23684 16052 15846 9045 -12512 END
START -14832 25156 19608 12739 6032 -11004 END
START -14700 25672 23312 7637 6565 -8929 END
START -13872 24588 22108 6453 40 -3631 END
START -12280 24792 25232 4588 -929 -277 END
START -13280 23128 25556 796 -4985 579 END
START -10872 20952 27324 -1811 -8138 -340 END
START -7812 17700 27252 -2777 -10639 -1875 END
START -5484 14736 27912 -3018 -11329 -2387 END
START -4580 12648 27492 -2381 -10964 -569 END
START -4908 11468 26088 -1135 -11246 2529 END
START -4336 9876 25552 -1522 -12178 5176 END
START -4108 8880 23604 -2037 -12979 7271 END
START -3156 8344 22640 -1897 -13966 8626 END
START -3468 10952 21616 -3061 -17001 6006 END
START -1640 9148 19408 -4994 -16533 4274 END
START -1004 7428 19160 -3917 -17305 5125 END
START -1056 5652 18416 -5827 -15556 5387 END
START 3648 3064 14520 -4443 -15010 7537 END
START 248 3748 12572 -1477 -14094 9983 END
START 76 3788 9976 -401 -12287 10869 END
START 756 4540 7640 -189 -10820 11297 END
START 436 5336 6004 -832 -10696 10729 END
START 388 5276 4924 -3175 -10487 8337 END
START 1020 3964 3856 -5129 -10358 6149 END
START 2664 2100 2684 -6398 -9687 5153 END
START 3976 288 1288 -5809 -7547 5891 END
START 5428 -1132 636 -7037 -6342 4670 END
START 6056 -2656 -184 -5710 -4403 5707 END
START 8292 -3528 -780 -4459 -2126 7122 END
START 8492 -3144 -492 -3167 1336 8136 END
START 8476 -2924 -1036 -2688 5249 8430 END
START 8432 -3152 -1656 -1660 8969 8472 END
START 8484 -3312 -1552 -499 13089 8552 END
START 8032 -3268 -1736 255 18141 8520 END
START 7996 -3988 -1604 287 22745 8558 END
START 6148 -5260 304 -1149 26150 7128 END
START 6192 -6776 -1036 2516 29634 9321 END
START 4352 -8040 1888 511 31864 7298 END
START 1564 -9648 5412 -207 31675 2882 END
START -2624 -12164 8844 2596 29595 -1775 END
START -5388 -14444 15604 4606 25963 -9869 END
START -10472 -16032 21240 2139 26882 -22592 END
START -11292 -19732 21256 9813 18998 -25930 END
START -8712 -17864 31100 14071 14651 -26762 END
START -8184 -15588 32152 27011 9934 -18222 END
START -15872 -5932 32172 21404 4499 -19124 END
START -18692 1300 28780 18562 6847 -25118 END
START -20636 6516 26296 18115 1952 -23305 END
START -18880 11524 21792 23601 944 -16014 END
START -14876 17404 19856 28628 2326 -5540 END
START -13252 26028 19996 28621 2837 -407 END
START -7928 28924 19572 22648 5017 3018 END
START -8680 30016 18716 21558 4546 5571 END
START -6652 28680 19532 11431 4814 3454 END
START -7256 25944 17820 1527 6756 -39 END
START -7392 23040 14408 -1815 3294 24 END
START -8608 21620 15996 -4186 3501 687 END
START -8872 18512 16428 -8434 3915 -1739 END
START -8720 16208 17024 -7384 1359 -389 END