START -2992 -756 8856 -7071 2223 8120 END
START -3932 -964 9860 -7253 3961 8563 END
START -4088 -2216 9848 -6687 3543 8084 END
START -3216 -2948 10408 -5424 3558 6954 END
START -2980 -3868 11388 -4336 3647 4801 END
START -2188 -5456 12152 -4147 4081 2644 END
START -2444 -7180 13500 -3868 4838 440 END
START -672 -9060 13660 -4165 5224 -2239 END
START -2248 -11460 15244 -3021 4834 -5702 END
START -2128 -13824 15808 1019 5345 -7750 END
START -1900 -14632 16908 5252 6305 -10301 END
START -1336 -15068 17040 8409 7116 -14055 END
START -912 -15296 17872 12520 7372 -16175 END
START -1656 -13144 18196 14295 6210 -20375 END
START -2652 -10988 16812 18215 8752 -18713 END
START -5988 -5896 15532 21699 7371 -16615 END
START -7052 448 14384 22352 1762 -15894 END
START -9852 5288 17064 21066 1368 -15250 END
START -11604 9864 16444 17688 -1068 -18962 END
START -11624 11680 16464 11661 2707 -19701 END
START -10788 12452 15776 8783 2560 -15821 END
START -11104 15580 16716 10146 1819 -6471 END
START -11112 19464 16956 8494 2654 -207 END
START -11288 19296 18124 7456 5026 2543 END
START -12532 19168 16524 5144 2474 4381 END
START -11536 18280 17244 1370 54 3496 END
START -9864 17140 19284 249 -2989 3937 END
START -7724 15148 21744 -1505 -5117 3859 END
START -6964 12404 23128 -3522 -6099 2904 END
START -9156 10760 23336 -4637 -8560 990 END
START -5784 6392 23148 -5100 -9254 3149 END
START -6268 5564 23240 -4152 -10107 3795 END
START -5952 4908 22720 -1906 -11553 5497 END
START -5484 5692 22396 92 -13231 7067 END
START -4512 5976 21344 2109 -14121 7717 END
START -4556 5724 20340 1864 -15398 5972 END
START -4988 4892 18160 88 -16506 4553 END
START -4344 4744 15792 -304 -17826 4887 END
START -1284 3528 16644 1792 -11452 11562 END
START -3020 5860 13344 2378 -17361 11438 END
START -168 5360 12728 -593 -16427 9420 END
START 368 3664 10812 -1690 -14903 9066 END
START 744 3820 10252 -1251 -13710 10191 END
START 260 4160 9972 -3595 -11613 9612 END
START 924 3756 8884 -3923 -9630 9828 END
START 704 3068 6948 -3285 -6364 10328 END
START 1612 3296 6780 -5121 -7452 6188 END
START 2676 2036 6360 -4026 -4749 5305 END
START 3500 1596 5520 -2965 -2539 4156 END
START 4732 948 6488 -3011 14 3524 END
START 5332 332 6340 -3503 3101 2959 END
START 5268 -756 6400 -3540 6245 2761 END
START 5152 -1176 6728 -3873 9038 2196 END
START 4516 -1208 6604 -3752 11610 1395 END
START 3936 -1420 6768 -3452 14203 984 END
START 3184 -1356 6468 -3323 17001 491 END
START 2664 -996 6000 -2968 20150 -69 END
START 1644 -224 6320 -3489 24354 -1098 END
START 1060 92 5800 -2126 26680 -1107 END
START 316 1052 7284 -2569 29063 -2175 END
START -3744 1448 8896 -4644 29768 -4720 END
START 300 -412 10408 -7293 31055 -5145 END
START -1636 -76 11748 -10195 28769 -5680 END
START -3500 -3432 13276 -8280 28020 -2887 END
START -7832 -3884 17160 -4823 23669 795 END
START -8092 -7216 18428 5208 21316 6800 END
START -10448 -876 20732 6577 19638 8171 END
START -13624 752 27188 -627 17316 -3196 END
START -10568 -3316 29296 -659 15164 -11639 END
START -16604 -4972 29520 5679 15058 -11083 END
START -18700 -5444 27772 8074 10721 -13762 END
START -18312 -4920 25236 10140 4680 -14483 END
START -17020 -2528 23792 12981 -274 -14042 END
START -14272 -68 21756 14856 -5330 -13335 END
START -10600 3112 20656 14854 -8241 -13162 END
START -3464 5268 18340 14449 -13622 -14825 END
START -5064 7468 17384 13438 -7014 -15609 END
START -5768 8844 15704 12693 -3995 -16931 END
START -8236 11260 15120 10837 -594 -18501 END
START -9792 11696 15220 7372 2428 -19339 END
START -9784 10468 14696 2385 4916 -19552 END
START -12056 8888 13920 1948 5454 -16511 END
START -12696 7480 12872 1551 5179 -9245 END
START -14440 9424 14172 2996 3514 162 END
START -14584 10688 15036 2215 3149 6211 END
START -15500 12252 13024 842 1153 11562 END
START -14784 12296 13696 -622 1556 11461 END
START -12436 12288 14308 -1791 -22 9943 END
START -13148 11384 14660 -3407 -2692 9544 END