START -2500 -4980 17644 2202 2311 -3590 END
START -4108 -4748 18100 3221 2426 -3715 END
START -4988 -4760 18892 2983 2136 -5568 END
START -4860 -5912 18064 3404 1509 -6623 END
START -4760 -5920 17128 5292 155 -7568 END
START -4412 -5656 16556 6655 -531 -9116 END
START -3240 -5360 16472 7609 -815 -10915 END
START -3236 -5072 16496 8665 -680 -11660 END
START -3312 -4744 15804 9332 -607 -12695 END
START -3316 -3644 14904 10703 -805 -12692 END
START -3316 -1420 14660 12192 -926 -12773 END
START -2988 1548 14332 13315 -811 -12864 END
START -2780 4948 14080 13873 -326 -12780 END
START -2612 7368 13748 13807 265 -12281 END
START -2384 9920 13388 13296 604 -11372 END
START -2544 12440 14324 12909 472 -9835 END
START -2548 15016 15696 12279 49 -8695 END
START -2388 17196 16664 9744 520 -8223 END
START -1692 18564 16208 8404 654 -7392 END
START -3708 19932 17160 6918 210 -5207 END
START -4420 21572 18072 6184 -591 -4087 END
START -3360 21984 18564 3219 -1496 -3330 END
START -2516 21552 18872 1674 -2308 -1324 END
START -1696 20864 19912 -196 -2958 73 END
START -1592 19308 20324 -2477 -3128 1506 END
START -1812 17456 20704 -3729 -3655 3398 END
START -1556 15944 21192 -4369 -4758 4924 END
START -1376 15188 21248 -6608 -6854 3838 END
START -996 13316 21696 -5980 -6612 5875 END
START 724 12544 22032 -6281 -7561 6898 END
START 1772 11556 22348 -6339 -7570 7562 END
START -180 9856 22724 -7486 -7971 8144 END
START 56 8336 21928 -8380 -8002 8345 END
START -968 7052 20132 -7916 -8289 9063 END
START -1020 6500 18748 -6576 -8908 9557 END
START -1044 6012 17412 -6179 -8923 9219 END
START 200 5632 16192 -5644 -8782 8922 END
START -808 4548 15580 -6475 -8967 8150 END
START -376 2796 14324 -6955 -8615 7363 END
START -1416 1828 13048 -6548 -8836 7127 END
START -1620 796 11344 -6580 -8092 6283 END
START -952 -444 9468 -5415 -8012 6267 END
START 212 -1252 7568 -4217 -7732 6931 END
START 3580 -2240 6972 -3872 -5265 7965 END
START 1432 -1276 5072 -2925 -3877 7656 END
START 3080 -1280 4780 -2396 -2458 6461 END
START 3364 -1132 4028 -2858 354 5589 END
START 4064 -1212 2748 -2235 2770 5685 END
START 3272 -888 2356 -1878 5289 5388 END
START 2996 -1216 1580 -1736 7608 5327 END
START 2392 -1472 1432 -1716 9404 5419 END
START 1536 -1580 1984 -1638 11319 5293 END
START 984 -1912 2672 -1746 13021 4573 END
START 440 -2340 3412 -1745 14306 3796 END
START 188 -2528 4908 -1619 15802 2847 END
START -4 -2608 5952 -1567 17431 1476 END
START -660 -2800 7116 -1154 18790 -150 END
START -1592 -3300 8636 -1192 20005 -1429 END
START -2628 -4104 10448 -984 20493 -2546 END
START -4100 -5488 12336 -576 20493 -3688 END
START -9032 -5572 15984 -1180 21644 -6637 END
START -7408 -8668 15112 816 19730 -6345 END
START -7528 -9132 20240 2705 16091 -9661 END
START -8308 -11804 23708 7629 15359 -7715 END
START -8000 -10884 29976 15306 12271 -8542 END
START -11072 -6220 27984 11588 12470 -16551 END
START -6912 -3468 27176 15372 8622 -16181 END
START -6988 388 28520 18827 9340 -13387 END
START -11232 4444 25940 22761 6490 -11270 END
START -10676 11492 23332 21580 7059 -8502 END
START -10192 17456 22024 22519 7206 -5825 END
START -11200 21096 19444 21435 5333 -1792 END
START -9316 22772 18800 17002 3730 -3200 END
START -10104 23672 17356 10491 2113 -5047 END
START -8420 22096 15516 3886 560 -4254 END
START -9252 20748 15692 293 -314 -3356 END
START -7864 18772 14636 108 -950 -1598 END
START -7936 17292 15096 -569 -94 -1140 END
START -4332 14624 15504 -545 -462 -680 END
START -4396 11312 16372 -1283 -234 362 END