START 4960 1384 12676 -5409 -6577 -838 END
START 4756 -492 10460 -4031 -3982 -224 END
START 3948 -1792 9432 -5321 -2410 -416 END
START 3920 -2824 8060 -3851 -1609 1662 END
START 2828 -2360 6916 -3253 -152 3191 END
START 2216 -1680 6352 -2966 1085 3594 END
START 1356 -1424 5712 -2980 2670 3300 END
START 744 -996 5060 -3494 4822 2313 END
START 372 -1116 4616 -3544 7228 1174 END
START 148 -1360 3732 -2316 9458 407 END
START -448 -820 3948 -1727 11699 49 END
START -832 -1064 3116 -959 13507 590 END
START -508 -732 3348 14 15063 1397 END
START -752 -200 3544 -152 17343 1338 END
START -780 -148 2912 -757 20102 1291 END
START -972 40 2632 -1082 22311 2452 END
START -860 452 2820 -250 23791 4351 END
START -1012 732 4340 -287 24970 5317 END
START -1656 840 5872 -1182 26118 5610 END
START -2876 1324 8056 -3152 28139 4354 END
START -1996 -504 10512 -3488 28721 2424 END
START -3484 56 13480 -1954 27239 2408 END
START -5264 -1016 19500 -879 25390 469 END
START -8692 -2196 25648 -1501 25440 -1496 END
START -6552 -6896 26212 8838 24029 1247 END
START -10840 -3380 26928 9367 22335 2251 END
START -20944 -2576 31104 858 15096 -8007 END
START -16088 -5640 30996 3279 11143 -10885 END
START -13688 -6808 31408 9863 7077 -9973 END
START -11944 -3900 31328 12074 3218 -12302 END
START -9692 -168 28212 12001 -5915 -17501 END
START -9980 2252 26520 13762 -1263 -18261 END
START -12596 5948 24272 14339 -2144 -20101 END
START -12532 6552 21176 10699 -1950 -22776 END
START -11492 5604 18128 9719 -2239 -20580 END
START -10532 7272 16728 9851 -2694 -15640 END
START -9212 9240 16272 10146 -2692 -9552 END
START -7672 11808 15328 10785 -2140 -5635 END
START -7020 14124 16452 8033 -676 -5685 END
START -8116 14356 16112 5177 1057 -5376 END
START -8752 13932 15592 2092 847 -4312 END
START -8400 13884 16748 -876 642 -2914 END
START -9120 13632 16632 -1787 -344 564 END
START -9820 13796 17376 -1849 -1842 5079 END
START -10008 14072 19544 -2762 -1865 7441 END
START -10988 13936 19764 -2308 -1691 9162 END
START -12192 13824 20364 -863 -2860 10855 END
START -12296 13964 21008 -874 -5271 11679 END
START -11344 14228 21988 -1659 -7681 12368 END
START -10284 11836 22952 -3630 -10477 12579 END
START -10104 9728 22044 -4574 -12140 13922 END
START -9224 8936 19464 -3455 -13020 17173 END
START -7576 8952 17028 -2945 -14459 19448 END
START -5668 8148 15560 -4977 -14980 18913 END
START -2192 7284 14516 -6571 -13625 18881 END
START -488 6840 14440 -8994 -13281 15508 END
START 156 5868 13232 -9828 -11140 12388 END
START 440 3944 11288 -8878 -8763 12252 END
START -16 3072 10224 -7839 -6142 13355 END
START -16 1848 9048 -7028 -4042 15653 END
START -480 1068 8552 -7011 -3233 16946 END
START -416 540 7232 -7965 -1508 19160 END
START -1324 48 8168 -9367 -2038 16483 END
START -940 -120 8184 -10192 -2070 16010 END
START 356 -1304 9400 -10893 -1671 13869 END
START -976 -1660 9960 -11986 -1587 10402 END
START -736 -3912 11536 -12419 -1051 6245 END
START 76 -7060 12428 -11968 185 3912 END
START 492 -9912 12800 -10437 1450 2108 END
START 756 -12524 13792 -8956 2049 -156 END
START 1196 -16220 14880 -5605 1840 -3466 END
START 1160 -19568 16528 -2177 985 -7438 END
START 1420 -22512 17656 2091 -75 -10341 END
START 3744 -22440 19044 8160 -116 -13235 END
START 11084 -24368 18052 11932 -969 -16146 END
START 5644 -20308 16840 18214 -860 -17579 END
START 4652 -13312 17808 20171 1278 -24075 END
START 1544 -9364 16428 16069 5231 -28869 END
START -2088 -5036 14164 17159 4769 -30745 END
START -7760 -956 12756 16560 3606 -29426 END
START -7948 4732 12604 20651 3970 -22476 END
START -12428 12120 11196 16087 6128 -14845 END
START -15496 19016 11532 14265 4501 -6927 END
START -18188 22300 10944 9261 3235 -3519 END
START -13348 20096 10236 4199 3606 -4433 END
START -12264 20056 11436 4063 219 -4325 END
START -8448 18172 10936 -386 1342 -4811 END
START -3836 15888 14320 1155 1723 -1142 END
START -3384 13504 14348 -2035 1619 -2416 END
START -2180 10348 14220 -2607 2043 -1943 END
START -1112 6936 15284 -1763 3447 -489 END
START -1316 4652 15616 -819 4872 349 END
START -1344 3300 15328 542 5766 870 END
START -1812 2704 15000 1084 6850 939 END
START -2436 1720 14372 2175 7486 1165 END
START -3628 1440 13572 3871 6066 496 END
START -2064 1624 12828 4345 6343 -555 END
START -1792 2280 13272 4433 5833 -2046 END
START -116 2644 12580 3659 6455 -3507 END
START 268 3288 13916 4536 8713 -3574 END
START -364 3976 15280 6427 9293 -3569 END
START -1100 3428 15776 5452 9994 -4783 END