START 4076 3576 13100 -3185 -6017 6175 END
START 3932 2192 12648 -4434 -4073 5136 END
START 4084 600 12136 -6475 418 4772 END
START 1332 -1320 10188 -5162 446 3351 END
START 852 -2064 8060 -1942 1636 4526 END
START 404 -716 7844 886 954 4039 END
START 840 -48 7640 1686 632 2260 END
START 2312 332 7944 312 2065 247 END
START 2776 -544 7380 -241 3771 -565 END
START 2992 -1440 7104 58 5568 -114 END
START 2948 -1836 6944 603 7972 708 END
START 2052 -1648 6608 1296 10233 1661 END
START 1616 -1512 6660 1814 11883 2183 END
START 1252 -1440 6588 1397 13640 1778 END
START 724 -1324 6288 206 15458 467 END
START 264 -1588 6012 -509 17317 -1022 END
START 1092 -2444 4884 -1390 19578 -2918 END
START -296 -2032 4972 -827 22822 -4258 END
START -748 -1924 4988 -776 26555 -5164 END
START -1584 -1560 5152 -1233 29586 -5957 END
START -2132 -1596 6820 -3426 28816 -9655 END
START -3996 -3028 7916 -5253 32767 -7530 END
START -3824 -3944 10208 -5203 32767 -6520 END
START -6456 -2756 11712 -1407 32767 -1742 END
START -7096 996 14132 3947 31348 2984 END
START -8004 4932 18328 6014 24511 6901 END
START -4180 4644 23904 21192 15583 13029 END
START -8328 9780 27304 14902 19468 7662 END
START -17436 10564 32767 -5341 12260 -6973 END
START -13248 4692 32588 -2453 15936 -7415 END
START -14236 1456 32767 3675 11502 -5050 END
START -16712 1884 30668 7020 9050 -4955 END
START -17036 2200 29508 10031 2595 -5992 END
START -16500 2072 30220 8243 -1958 -10513 END
START -14196 1796 28492 6871 -5251 -14911 END
START -11980 1124 25100 5832 -6445 -18784 END
START -8092 188 21180 6204 -8503 -20905 END
START -6660 1344 20660 6092 -8306 -23145 END
START -6484 2552 19304 6798 -6648 -24554 END
START -6492 3148 17840 6703 -3284 -24723 END
START -7824 3760 16008 5741 -1468 -23379 END
START -9908 4584 14540 5372 -1391 -18649 END
START -11284 5832 13588 5698 -3180 -12067 END
START -13308 8192 14372 6045 -3942 -4984 END
START -13392 10832 14920 5083 -2504 680 END
START -13864 13168 14944 4219 -1073 3687 END
START -16496 14548 15480 481 -251 3480 END
START -16420 15228 14780 -239 -754 6589 END
START -16096 14776 15080 -755 -4601 11036 END
START -13596 13940 15380 -3701 -9776 15632 END
START -12980 14176 18032 -4009 -13930 20939 END
START -10028 15196 19728 -3953 -13712 23952 END
START -8640 14800 20192 -4942 -12570 23652 END
START -7784 13184 19464 -6909 -12386 21805 END
START -6472 10808 18644 -7581 -12461 20008 END
START -4704 8948 17828 -7563 -12884 19366 END
START -3480 7728 16664 -8646 -12958 18293 END
START -2736 6416 15244 -9710 -13330 17545 END
START -2260 4732 13980 -11148 -13964 16571 END
START -2088 3196 12252 -12688 -10335 17595 END
START -4396 2888 9856 -13992 -12837 16382 END
START 632 -808 9548 -16688 -12808 14719 END
START -1756 -1232 10044 -16310 -11072 14800 END
START 1420 -3592 9748 -17121 -13287 10870 END
START 3300 -6272 9828 -15564 -9316 10629 END
START 2056 -7016 11616 -13580 -7931 7661 END
START 3124 -9164 10708 -12103 -6717 5491 END
START 2900 -10732 11176 -8238 -5078 5384 END
START 2552 -12064 11656 -6588 -3321 3608 END
START 1996 -14128 12888 -4368 -3153 1757 END
START 1988 -16308 13956 -2742 -3140 -1260 END
START 2600 -19240 15112 -278 -2807 -5448 END
START 2824 -22640 15464 3785 -2313 -11036 END
START 6812 -25396 15288 10674 474 -12523 END
START 6684 -22564 15392 16959 -1444 -17308 END
START 7536 -18736 15212 15836 6559 -25299 END
START 4132 -13928 13120 18857 8414 -25868 END
START 800 -8704 11112 20880 8630 -26463 END
START -4284 -1724 11268 20390 9340 -27167 END
START -12808 1936 13280 20114 6969 -22851 END
START -7500 8600 15936 11378 10835 -24722 END
START -14864 13192 9924 17910 8191 -11129 END
START -18032 20448 11316 16233 7211 -1494 END
START -16240 22852 11388 10214 6820 3869 END
START -13028 22348 11000 9041 5373 8740 END
START -9268 21672 11964 6158 3956 8191 END
START -6488 20052 14308 1005 1791 4625 END
START -3216 14948 14064 271 1453 4908 END
START 148 10500 14236 -1051 1423 5288 END
START 36 8072 16240 -2005 1751 4552 END
START 896 5128 15884 -75 2003 5005 END
START 1128 3132 16948 -1698 5122 3021 END
START 1544 848 15012 -2333 8499 1218 END
START 3324 220 14328 650 9465 339 END
START 1596 -840 16064 3211 9355 225 END
START 2316 -1456 17112 1604 10483 -2568 END