START 4648 1796 12632 -7355 -8385 1861 END
START 3868 704 12844 -6946 -7176 1226 END
START 3976 432 11992 -6913 -5026 388 END
START 3532 648 10520 -4827 -3639 1189 END
START 3244 944 9404 -3633 -1275 1629 END
START 2456 672 8964 -2685 696 2890 END
START 1704 596 8236 -2452 2540 3633 END
START 364 516 7172 -2905 3849 3817 END
START -644 -36 6032 -2967 4217 4191 END
START -1456 -328 5560 -3272 4700 4768 END
START -1616 -88 4868 -3684 5695 5517 END
START -1620 232 4248 -3661 6533 6560 END
START -1464 752 4192 -3813 7872 6708 END
START -1468 964 3860 -3328 10243 7227 END
START -1016 1896 1028 -2749 10869 7373 END
START 32 408 3176 -1285 13228 8078 END
START 684 732 4708 -1383 14988 8410 END
START 832 404 5080 -1740 16386 8739 END
START 840 -420 5736 -3096 19174 8426 END
START 96 -1360 6168 -3871 23034 8702 END
START -848 -2464 5480 -4112 23879 8581 END
START -508 -3096 6008 -3503 26450 8907 END
START -1120 -3012 6724 -987 26845 9401 END
START -1872 -2684 7872 1803 27276 9608 END
START -3064 -1572 10584 3666 25853 7810 END
START -4512 -972 12988 3452 24611 4131 END
START -4820 -2392 16200 1558 24342 875 END
START -6260 -3808 19452 -2329 21541 -4770 END
START -8876 -6400 20780 -3638 21023 -5218 END
START -9040 -6996 28528 1051 18434 -5204 END
START -8736 -8900 27052 3526 20328 -8479 END
START -9412 -8764 27092 10160 18244 -6684 END
START -17028 -8012 29316 13619 13761 -4805 END
START -12796 -6160 30336 19457 12094 -4763 END
START -16348 -3080 28904 20747 6996 -6239 END
START -16916 -368 27000 20900 3075 -10356 END
START -16848 2544 22932 20148 -1917 -15382 END
START -15360 6560 20308 22174 -11924 -18477 END
START -7868 9100 18660 17785 -13797 -24678 END
START -6844 10896 15880 14891 -11275 -29164 END
START -5788 11896 15724 13573 -8552 -29336 END
START -3844 11688 16768 8611 -4871 -26577 END
START -3800 9984 16148 5448 606 -20302 END
START -4996 9016 14972 4754 3765 -11053 END
START -7624 11800 15416 6838 5174 184 END
START -10048 15160 16956 7300 5155 6297 END
START -11976 17204 18404 4218 6120 5115 END
START -12944 17004 17648 1486 4955 1925 END
START -14812 16936 18940 -827 1514 563 END
START -12952 16512 21324 -2748 -427 499 END
START -14064 15040 21756 -2854 -3011 3763 END
START -14820 13540 22820 -4801 -6976 8061 END
START -13724 12200 22712 -4273 -9672 13770 END
START -12960 12300 22384 -1828 -11210 18073 END
START -11156 13376 21916 -2018 -12367 17619 END
START -9284 13480 20956 -2766 -13316 15480 END
START -6944 13312 21036 -4567 -14127 12946 END
START -4556 11860 19924 -6733 -13704 11999 END
START -4368 10204 17956 -7340 -13164 12562 END
START -4100 7600 15628 -7802 -12224 15644 END
START -5140 6516 13592 -9856 -8958 20890 END
START -4616 5124 12556 -12717 -11718 22458 END
START -4560 4956 11276 -13902 -12196 24394 END
START -3868 4248 9980 -15871 -12001 23074 END
START -1932 2396 8972 -16869 -13458 18198 END
START -3232 1192 7972 -16238 -13855 11692 END
START -156 -2792 9924 -16781 -13874 4826 END
START 1940 -6248 10324 -16306 -12826 2731 END
START 2672 -7828 10152 -13359 -10540 4532 END
START 2840 -8852 10128 -11176 -7944 7115 END
START 2712 -9120 9912 -8924 -5772 8349 END
START 2452 -8844 10180 -7662 -4757 7673 END
START 2288 -9000 10752 -6874 -3795 5502 END
START 1960 -10176 11992 -6523 -2827 3083 END
START 1752 -12140 12744 -5866 -1833 25 END
START 1812 -14708 14696 -4929 -682 -4065 END
START 2296 -19516 13948 -2022 0 -9128 END
START 3336 -21816 13500 3231 1117 -15260 END
START 5784 -25524 12820 12990 2068 -16708 END
START 7952 -22064 14544 21871 -261 -21760 END
START 7144 -16224 17500 22743 2201 -28691 END
START 6076 -12652 16616 16545 8489 -32768 END
START -1164 -8144 13836 19640 9148 -31853 END
START -6888 -3964 13368 20461 8771 -28677 END
START -11432 3208 14592 16882 12529 -28175 END
START -16820 10708 11624 21644 8784 -11956 END
START -17200 20736 11948 22233 4632 -976 END
START -15204 24528 13280 8967 4902 -366 END
START -14180 25044 9996 7847 2123 3776 END
START -10136 24264 11348 4579 1020 4780 END
START -4704 21396 10836 -2728 -1309 1446 END
START -2960 18868 14560 -6896 -2371 -910 END
START -304 14184 13416 -6503 -1316 733 END
START 996 10644 15444 -5723 1430 3784 END
START 316 7676 16000 -4198 3201 5043 END
START -504 5412 16212 -4698 3829 4644 END
START -784 3308 16576 -3909 4075 4105 END
START -540 1660 17464 -3186 3585 3626 END
START 636 1040 17236 -2019 3771 3475 END
START 648 -1236 16596 -372 5355 2782 END
START 176 -1436 16712 1785 4798 2030 END
START 1332 -1800 16448 3472 7137 1245 END
START 180 -1040 14924 3579 11610 -864 END
START -1388 -1072 15064 6252 11685 -1969 END
START -1916 -232 15704 8965 9725 -2861 END