START -4880 -1496 14860 -3054 831 4407 END
START -4052 -3368 16328 -4568 2602 1107 END
START -3060 -6496 16412 -3438 2173 250 END
START -3420 -8080 17776 -1872 2899 -1205 END
START -3420 -10040 17988 772 3291 -3807 END
START -3980 -12196 18260 2708 2983 -6237 END
START -3828 -12396 17832 6574 3242 -8772 END
START -4668 -11744 16804 9958 2582 -10849 END
START -3344 -10196 15776 12240 849 -13639 END
START -2504 -7864 16780 14199 -609 -15223 END
START -2452 -5252 16780 14606 -1069 -17005 END
START -2960 -2372 16428 14601 -140 -18666 END
START -4020 -392 15552 13332 1016 -19658 END
START -6476 1952 15120 14646 1952 -18010 END
START -7624 4464 14244 14487 3073 -15320 END
START -9672 6936 13904 14701 3844 -11983 END
START -10804 9896 13232 16055 4344 -7193 END
START -10388 12872 12476 15588 4564 -3616 END
START -10120 15084 12784 12867 4374 -2857 END
START -8252 16236 11984 9143 4226 -3804 END
START -9232 16840 13568 5107 2910 -4872 END
START -9400 15892 14312 2478 1886 -4427 END
START -8856 15220 15756 636 658 -3034 END
START -8944 14592 17068 -2205 -2627 -4246 END
START -10048 12992 19040 -2327 -1037 -544 END
START -10384 12228 20956 -2767 -2411 763 END
START -11936 11992 23220 -3429 -3978 660 END
START -10888 10536 23484 -1236 -4908 3193 END
START -10944 10652 24156 -440 -6758 4070 END
START -10744 9692 23576 -1463 -8508 3427 END
START -10012 7824 22896 -2135 -10954 3622 END
START -8968 6744 22256 -1677 -12521 5234 END
START -7160 6688 21096 -355 -13737 7219 END
START -5336 6776 20320 12 -14457 7486 END
START -4232 7152 19344 571 -14793 7474 END
START -3844 7192 17816 391 -14556 7161 END
START -3100 6600 15952 -37 -14470 6454 END
START -2300 5568 13576 -632 -14486 6577 END
START -1708 4784 12612 -616 -14607 7456 END
START -772 3896 11964 -1319 -14378 8249 END
START -248 3404 11420 -2137 -13785 8643 END
START 856 3516 10612 -1980 -13540 9214 END
START 1336 3936 10324 -1962 -12882 9313 END
START 1340 4152 9332 -2977 -11220 7990 END
START 2220 4872 7744 -2813 -6234 11431 END
START 116 5296 7800 -3691 -8219 6069 END
START 3104 2820 8164 -4537 -5952 4833 END
START 1996 2448 6480 -5167 -4069 4707 END
START 2520 1508 6144 -5011 -2271 4531 END
START 2788 764 6304 -5234 1137 5536 END
START 3340 1012 5668 -5745 2033 4886 END
START 3480 464 5396 -6204 4362 4980 END
START 3544 408 4988 -6630 6976 4862 END
START 3532 324 4992 -6602 9524 4679 END
START 3348 276 5688 -6507 12331 4049 END
START 3048 -152 6712 -6340 15035 2900 END
START 2524 -368 7916 -5914 17627 1633 END
START 2140 -380 9196 -5009 20562 135 END
START 1420 -896 9468 -4639 24628 -1495 END
START 512 -1144 10512 -3214 28257 -2598 END
START -1428 -476 11952 -5554 31051 -6503 END
START -448 -3292 14312 -8792 32767 -9563 END
START -5424 -5608 13892 -6518 32767 -5790 END
START -7240 -5416 13148 -4007 29092 -1294 END
START -10828 -6180 18208 1772 22724 3567 END
START -12988 -3284 20716 6536 18146 3730 END
START -12372 -2684 22696 6628 18006 -235 END
START -16456 -3820 24224 8019 16610 -6339 END
START -16816 -4768 24424 12854 11351 -12866 END
START -15096 -4344 24164 12594 6791 -20614 END
START -15516 -1916 24608 12221 2402 -24575 END
START -13772 -684 22224 12797 -2396 -27162 END
START -14324 2688 19884 15966 -7998 -24314 END
START -9080 5784 17484 14850 -15044 -22995 END
START -9656 8820 18904 14242 -10821 -20160 END
START -10812 9844 16824 12337 -7682 -18463 END
START -10672 10912 16460 10591 -4770 -15501 END
START -9532 11844 15448 9022 -1947 -11374 END
START -8936 13096 14592 7713 1478 -7189 END
START -8684 13716 13556 5301 5091 -4381 END
START -8824 13548 12392 3159 6945 -2437 END
START -9932 12760 11852 -813 7498 -1368 END
START -10744 11276 11716 -3321 6805 11 END
START -10804 9348 12036 -5622 6329 719 END
START -10168 7884 11272 -5522 5341 4382 END
START -11080 7852 12560 -3670 4033 7053 END
START -10248 7632 13428 -2987 2595 8079 END
START -11088 6912 14060 -3702 1727 7429 END