START -1784 -6068 15612 -1166 3849 3258 END
START -1552 -8828 15456 137 4602 555 END
START -1772 -10620 16348 3667 3362 -2315 END
START -1292 -12712 17436 7058 3072 -6018 END
START -1536 -14212 18188 10477 2538 -9957 END
START -480 -13612 18740 12378 1566 -14338 END
START -12 -12228 18144 13496 1089 -18124 END
START -192 -9540 16772 15140 1080 -21051 END
START -1560 -5324 16484 16523 1841 -22304 END
START -3744 -1412 16004 16842 3323 -22413 END
START -5296 1960 16148 17379 4646 -20078 END
START -9140 5652 15480 17681 5473 -16178 END
START -10248 8692 14740 16856 4852 -11878 END
START -11996 12848 13272 16281 3960 -7553 END
START -12072 16040 13864 12134 4246 -6356 END
START -12032 16800 13048 11201 1786 -4210 END
START -10964 17116 14180 7608 -219 -4680 END
START -9296 15396 14824 4233 -1082 -7385 END
START -7100 12816 16080 2387 -2421 -8092 END
START -4916 10700 16980 1322 -2336 -7399 END
START -3784 8644 18212 964 -2127 -6261 END
START -4104 8032 19232 1645 -1690 -4880 END
START -4300 7096 19844 1777 -1027 -3619 END
START -5348 7520 19784 3165 -1503 -1617 END
START -6716 8692 20116 3624 -2700 -322 END
START -6552 9900 20624 3115 -4632 -152 END
START -7600 10792 21388 2470 -6176 -75 END
START -7132 11284 22080 1820 -7494 97 END
START -6568 11008 22000 904 -8688 399 END
START -5656 11160 22052 140 -9386 1640 END
START -4724 11276 21196 361 -9516 3954 END
START -4388 11484 21192 119 -9927 5966 END
START -4888 11384 20228 -2000 -10075 6590 END
START -4532 10496 18592 -3555 -10732 6895 END
START -5016 9536 17816 -5622 -12218 6048 END
START -4096 7992 15908 -7748 -12948 4267 END
START -2396 6496 15040 -7881 -14077 2719 END
START -1820 5300 14852 -7567 -13915 1957 END
START 172 3816 13312 -6881 -13237 2107 END
START 1204 2540 12836 -4834 -11362 3937 END
START 1808 1368 11492 -1873 -8590 6935 END
START 2496 656 11100 1621 -6501 10407 END
START 1156 2560 8764 484 -3544 10135 END
START 2144 1680 8568 454 -2380 10082 END
START 1828 1704 7756 566 -1617 10187 END
START 2292 2396 6304 -674 -598 8695 END
START 2088 2880 6120 -3061 -661 5830 END
START 2820 2308 4992 -3860 -575 4136 END
START 3188 1912 4868 -4558 696 3266 END
START 3424 2792 4168 -5321 1772 1896 END
START 4108 48 4240 -3600 5197 3831 END
START 3116 768 5924 -3376 7719 3483 END
START 3028 792 6148 -4455 9686 2299 END
START 3016 172 6564 -4004 11622 2451 END
START 2612 184 7412 -3300 13679 2955 END
START 2444 36 7892 -3331 16197 2557 END
START 2100 -572 8848 -3323 18276 1718 END
START 1700 -1308 10500 -2126 19907 810 END
START 236 -2400 11660 -2457 21376 -830 END
START -2572 -2524 13620 -736 22258 -2127 END
START -1064 -3636 14832 -1188 21871 -4551 END
START -3580 -3080 17456 472 21664 -6015 END
START -3972 -2576 19188 1325 21454 -5970 END
START -6564 -3824 21240 4644 17891 -8501 END
START -7348 -3980 21256 6558 19461 -9307 END
START -11888 -1488 22404 7502 17163 -9221 END
START -13592 -896 22232 8038 14037 -9787 END
START -14884 1476 21808 12566 7907 -8152 END
START -15972 5588 23188 13358 -1977 -13656 END
START -13004 6468 25912 10949 2675 -15524 END
START -10560 8140 24572 7874 -260 -18436 END
START -10432 7240 22476 5260 1726 -18693 END
START -11492 6208 20644 5628 1764 -13688 END
START -12032 6036 18304 6766 440 -7594 END
START -12872 7228 18116 9263 -1199 -2230 END
START -12748 8836 18176 10655 -2164 -205 END
START -11504 10152 17160 9715 -4671 -442 END
START -12056 10840 17304 6716 -7141 -2791 END
START -8360 9840 18000 2949 -8216 -6546 END
START -6896 7924 17216 734 -7577 -8333 END
START -5460 6260 16380 1352 -6510 -7005 END
START -4284 5232 15732 2689 -5180 -4265 END
START -4104 5288 15196 3625 -2871 -765 END
START -4636 5884 14196 3876 -2066 2370 END
START -4876 6872 13316 2933 -1590 3391 END
START -4960 7252 12456 2362 -1234 3823 END
START -5116 7272 12556 2245 442 3799 END
START -6964 8396 11976 1255 -1650 1707 END
START -5648 7360 11836 744 -2296 76 END
START -5296 6980 12248 172 -2559 -505 END
START -4668 6160 12652 -575 -2401 -478 END
START -4352 5288 13072 -607 -1929 649 END
START -4224 4912 13164 7 -1168 1824 END
START -4276 4884 13064 821 545 3819 END
START -4248 5972 13084 866 1063 4452 END
START -3892 6888 13928 1320 2731 5330 END
START -4900 7128 14888 1189 3215 5126 END
START -4972 6484 15252 265 2545 3494 END