START -2344 -4368 14776 -8158 8232 8098 END
START -2968 -5932 14596 -2076 10862 10656 END
START -3680 -5840 16328 3889 11241 12830 END
START -4280 -5160 19452 5204 11433 11208 END
START -3996 -3732 17704 4028 9635 7207 END
START -6716 -3228 19296 3685 9789 7403 END
START -6128 -3308 19360 2931 9204 4234 END
START -8832 -2856 19284 1501 6227 3482 END
START -8328 -3420 19944 742 2548 1357 END
START -7008 -4512 20740 1117 3266 769 END
START -7536 -3900 20984 2170 1345 -624 END
START -6756 -4288 21612 2860 316 -3186 END
START -5860 -4888 21644 3288 -637 -6180 END
START -6632 -5132 21948 3137 -1872 -8871 END
START -8860 -5736 22480 2065 -2341 -12867 END
START -6828 -6756 20984 1805 -3744 -16536 END
START -6304 -7888 18692 4010 -5051 -19438 END
START -5396 -8216 16976 7679 -6153 -21945 END
START -4240 -7252 15592 11360 -6681 -25213 END
START -2112 -7240 15108 15352 -6192 -27173 END
START -1888 -6256 16052 17002 -4171 -26636 END
START -3548 -3964 15364 18618 -610 -22811 END
START -6472 36 13520 20324 2119 -16746 END
START -9636 5276 12224 22276 3958 -10351 END
START -11904 10504 11128 22781 6069 -4367 END
START -12404 15832 8900 21457 6574 -459 END
START -10468 18912 6892 19297 4995 -1017 END
START -11612 19104 7148 14661 148 -3475 END
START -5928 17116 9308 6298 -809 -8996 END
START -4928 14780 10280 3939 -2296 -9157 END
START -3044 12616 10356 426 -942 -9774 END
START -2896 10680 11092 1818 111 -7982 END
START -1744 9876 13060 2846 726 -7123 END
START -1496 9072 15656 2309 953 -8506 END
START -1660 7224 18632 676 1447 -9545 END
START -2024 5036 22476 -2041 1894 -11708 END
START -6288 5540 22576 531 1543 -5416 END
START -8424 8284 23512 2930 1152 -483 END
START -10340 11540 23588 4021 1317 2364 END
START -11640 14860 24276 5196 -55 4002 END
START -18472 16624 22852 1948 -5254 3144 END
START -12324 16172 22680 -422 -7387 2704 END
START -11636 14376 24492 -1577 -9665 5447 END
START -12464 14556 24180 -2214 -11769 8581 END
START -11284 14504 22004 -1180 -13044 10345 END
START -11624 14124 19884 -1877 -14115 10040 END
START -10200 13104 17764 -3026 -16508 9158 END
START -7884 11312 16872 -4583 -17666 7964 END
START -4568 8732 14908 -6274 -18019 7548 END
START -2740 6516 13804 -5695 -14150 11902 END
START -1412 6192 12868 -6515 -16521 9816 END
START 372 4256 12216 -5475 -14394 10965 END
START 516 3740 10948 -5174 -12962 10830 END
START 572 3248 9760 -4279 -9879 12792 END
START -252 3756 8360 -4440 -9618 11236 END
START 620 3388 6728 -3784 -7861 12023 END
START 680 4128 5772 -5171 -7666 9565 END
START 1032 3256 5228 -5460 -6140 8094 END
START 1940 2052 5076 -5931 -5185 6977 END
START 2720 840 5092 -6774 -4168 6072 END
START 3920 -1420 5620 -7591 -1859 5821 END
START 4060 -1832 4532 -6790 114 6826 END
START 4276 -2248 4460 -6695 2414 6968 END
START 4128 -2268 4016 -6213 4973 7273 END
START 3968 -1948 3760 -5166 7558 7841 END
START 3760 -1116 3764 -4843 10492 7637 END
START 3200 -608 4420 -4162 13139 6852 END
START 2724 -648 6356 -3626 14393 5134 END
START 2424 -924 9208 -4264 15688 2416 END
START 2092 -1364 10016 -4997 17711 31 END
START 460 -1772 10892 -6893 22310 -2946 END
START -2636 -1288 12332 -4489 25608 -5130 END
START -1820 -3004 12884 -6069 28621 -10504 END
START -5712 -4456 14288 -4599 28480 -13570 END
START -9444 -5028 16140 -3885 19097 -17912 END
START -10404 -5780 21056 -5078 15944 -16786 END
START -6548 -6804 23596 2191 12090 -7472 END
START -7828 -3188 25936 11015 15250 3242 END
START -9936 408 20596 7325 13008 361 END
START -9804 1168 20248 8127 15162 -2744 END
START -9564 2016 21532 7808 12385 -3222 END
START -8500 2136 21780 6348 11636 -4943 END
START -8332 100 22504 4321 11351 -5189 END
START -9608 -48 22040 4624 11428 -6403 END
START -9828 -744 20896 6398 10825 -7050 END
START -10120 -936 18984 9129 8618 -7479 END
START -10616 -2328 18592 11865 5647 -10093 END
START -9696 -2024 18580 14240 1601 -13940 END
START -8648 192 19736 15030 -566 -16594 END
START -8316 3176 20600 14576 -1531 -19408 END
START -7892 4652 20312 10690 -394 -25123 END
START -6544 5016 16644 8163 -4644 -28647 END
START -7392 4792 16040 7909 1631 -25830 END
START -10680 6176 14436 8538 2863 -21420 END
START -11500 7752 12820 8682 3111 -14880 END
START -12960 9880 11424 10033 1676 -5870 END
START -14628 12140 11312 7614 2952 22 END
START -15804 14672 11272 6171 2775 3803 END
START -20632 16388 10248 2347 408 5191 END
START -16540 16144 10152 1454 143 6753 END
START -13100 14328 10100 -1129 -1378 5676 END
START -12748 12200 10084 -3728 -4897 6436 END
START -9748 10020 13072 -3957 -7853 7615 END
START -8672 8064 14608 -5850 -5024 6513 END