START -3268 -3120 13764 -6183 10124 1667 END
START -4180 -4768 14000 -5706 10947 339 END
START -5968 -6492 14972 -3888 11455 -433 END
START -5704 -8452 15256 -72 9813 -983 END
START -8128 -9500 17008 2298 7975 -3419 END
START -8872 -11596 18388 4804 4554 -6392 END
START -11944 -11564 21352 8464 1721 -10476 END
START -13872 -11200 20832 11900 -1779 -16461 END
START -11424 -9636 20240 18339 -6246 -18941 END
START -7956 -5880 20772 19380 -11258 -22774 END
START -5228 -2840 20380 20212 -12688 -25858 END
START -4996 708 18456 22904 -12180 -25715 END
START -4388 3432 18352 20860 -9307 -24843 END
START -5844 4660 14560 18466 -7066 -20774 END
START -6688 8368 13816 16904 -6710 -14734 END
START -6200 12772 11856 16123 -5966 -8797 END
START -4880 17684 11056 14340 -5593 -3704 END
START -5020 19456 10764 10099 -2621 -2872 END
START -4476 19236 10632 6682 -2887 -5990 END
START -3464 17564 11520 2843 -3580 -8486 END
START -2296 15632 13308 -947 -1769 -8773 END
START -3716 13388 12948 -2317 -446 -6724 END
START -2896 11356 14580 -499 2209 -1426 END
START -5256 12548 15580 -470 2457 2032 END
START -6284 12752 16668 -1106 1388 3101 END
START -8024 13212 18564 -2134 -447 3636 END
START -8124 12288 19444 -3934 -2476 3670 END
START -8096 11832 20392 -4492 -5105 3873 END
START -7248 10844 22936 -3657 -7226 5347 END
START -4404 10344 23068 -3206 -8305 5382 END
START -3384 9264 23264 -3562 -9130 5885 END
START -4460 8296 23244 -3076 -8863 8078 END
START -2852 7500 22268 -2831 -8645 9775 END
START -4056 7512 21752 1119 -9738 12737 END
START -3552 8476 20676 -715 -10788 11160 END
START -2892 7860 20184 -1092 -13151 9952 END
START -2236 7300 19568 -1927 -14674 9104 END
START -1716 6500 17880 -3215 -15591 8657 END
START -1244 5612 15796 -4327 -15868 9210 END
START -956 5348 14568 -5048 -11315 12899 END
START 264 4752 12480 -7263 -14795 10248 END
START 204 3408 11424 -6873 -12018 10507 END
START 756 3880 10320 -5786 -12662 8070 END
START 2540 3364 10444 -4401 -9504 7584 END
START 3124 2072 10352 -4301 -9518 5621 END
START 4032 2324 8888 -3541 -7381 6484 END
START 4140 1872 8024 -2757 -4894 5913 END
START 4280 1460 6568 -3660 -1996 4483 END
START 4460 432 5036 -3854 395 3584 END
START 4476 -348 4408 -4315 2128 3476 END
START 4396 -1120 3692 -4576 3812 4107 END
START 4044 -1376 3380 -4831 5565 5502 END
START 3680 -1472 3044 -4932 7454 6912 END
START 3008 -980 3684 -5517 9437 7795 END
START 2288 -412 3732 -5911 11529 8060 END
START 1960 -272 4036 -6273 13815 7116 END
START 2036 -140 3820 -6275 16310 5855 END
START 1620 -216 3796 -5573 19018 4337 END
START 1424 -624 4368 -4744 20914 2751 END
START 1036 -512 6184 -3691 21823 999 END
START -448 -932 7768 -4417 23135 -1085 END
START -2504 -1848 9192 -6724 24793 -5490 END
START 160 -5296 10352 -8646 26387 -8893 END
START -3660 -8392 14452 -9532 26948 -13439 END
START -6868 -11132 17432 -8705 25945 -20708 END
START -6328 -16224 18860 -1594 23432 -20812 END
START -8076 -18252 21340 8889 18618 -14347 END
START -8672 -12876 27868 10260 16326 -16031 END
START -9792 -8436 30492 11680 15345 -20892 END
START -8828 -6920 30452 15304 15669 -21343 END
START -11788 -2356 29716 18227 12303 -18911 END
START -13744 2984 28816 19299 8701 -16974 END
START -16384 8448 29516 17502 6963 -18062 END
START -16596 10056 26984 11788 8313 -20445 END
START -19564 10368 22612 11939 5027 -16062 END
START -20232 12856 19960 13032 927 -8071 END
START -18336 15544 18852 12470 -4297 -2110 END
START -17008 17560 18196 8850 -6405 147 END
START -14240 16776 17076 5337 -7030 372 END
START -10840 15028 14900 3656 -7867 1970 END
START -8372 13536 13328 1937 -6910 3620 END
START -6784 12404 12700 147 -5464 4756 END
START -4748 10356 12692 -791 -4238 5737 END
START -4032 8628 12492 -986 -3285 6814 END
START -3736 7084 12116 -1598 -2836 6642 END