START -2304 -1188 16440 -4223 6524 5203 END
START -2460 -3424 16792 -2919 6514 4894 END
START -3420 -5220 18128 -2223 6866 3228 END
START -3912 -7708 18300 -1086 6271 318 END
START -3460 -9900 19488 2207 5371 -1443 END
START -3796 -11368 21152 4868 4324 -4157 END
START -4700 -12192 22072 5465 2705 -7810 END
START -4632 -12888 21376 8203 1527 -10694 END
START -4848 -12900 20340 10556 46 -13388 END
START -5884 -10908 19544 11758 -1053 -16543 END
START -6352 -6980 18132 14184 -2284 -19682 END
START -7000 -2920 17184 14792 -2654 -22271 END
START -7588 -88 15324 14523 -2684 -23644 END
START -9852 3784 14104 13206 -2630 -24150 END
START -10128 7012 12296 12984 -3994 -23191 END
START -10724 8792 12204 13253 -1880 -18684 END
START -9284 11248 11632 14686 -621 -12803 END
START -10804 15144 11740 14654 1294 -8450 END
START -9064 17228 11740 11739 1456 -7939 END
START -8844 17708 12224 8846 1213 -7401 END
START -7756 16936 10996 5535 1832 -5851 END
START -6980 16620 11988 3851 699 -4190 END
START -6128 15368 12552 2221 450 -3560 END
START -5756 15340 13140 836 -39 -2872 END
START -5200 15152 14844 -489 -378 -2775 END
START -5632 14720 16048 -1875 -842 -3021 END
START -4820 13696 17996 -2041 -1431 -2038 END
START -5088 13452 19584 -2105 -1526 -1274 END
START -6128 13396 21728 -2125 -2703 -79 END
START -7688 13484 23144 -2485 -3290 1251 END
START -8312 13756 23800 -2345 -4507 3304 END
START -8756 13564 24692 -3114 -6611 4541 END
START -9848 12784 24996 -3951 -8264 5308 END
START -8724 12080 24444 -2850 -10572 6842 END
START -8148 12472 23624 -2562 -11346 7049 END
START -6960 12244 22932 -1642 -12809 7889 END
START -5956 11560 22700 -3744 -13877 7293 END
START -5144 9476 21092 -5378 -14399 7900 END
START -4564 8760 20104 -6130 -15318 8153 END
START -3812 7108 18340 -6239 -15195 7926 END
START -2548 6168 16932 -5253 -15745 8504 END
START -1628 5552 15876 -5469 -15432 8105 END
START -572 4372 14652 -5281 -14890 7552 END
START -60 2964 13044 -5018 -13712 7775 END
START 232 2280 11528 -4261 -12529 8360 END
START 632 1768 9700 -3808 -11618 8441 END
START 1276 1428 8860 -4593 -10373 7949 END
START 1844 1060 8212 -4039 -9479 7768 END
START 2204 1240 7516 -4578 -8451 7043 END
START 2560 1300 6572 -5186 -7371 6090 END
START 2924 932 6488 -5685 -6258 5156 END
START 3204 216 6048 -5976 -4666 4645 END
START 3548 -456 5548 -5743 -3192 4618 END
START 3596 -1012 5440 -5877 -1620 4290 END
START 3364 -1396 4928 -6101 -82 3888 END
START 3268 -1576 4812 -5804 1447 3594 END
START 2904 -1708 4408 -5486 3317 3113 END
START 2652 -1592 4504 -5000 5356 2660 END
START 1704 -1060 3760 -3951 7783 1963 END
START 1800 -1296 3276 -3895 10340 1901 END
START 2288 -388 3104 -1935 13281 2954 END
START 2244 -248 2916 1696 19040 7750 END
START 3212 1356 4680 -471 17743 5451 END
START 3008 1508 5568 335 19024 5481 END
START 2560 1108 7372 -745 20190 5087 END
START 1960 804 9384 -2711 21623 4781 END
START 112 -392 11880 -4164 22768 3507 END
START -3080 -1844 13984 -6425 23341 476 END
START -1780 -5632 15556 -7272 21795 -2704 END
START -6272 -7976 19628 -4919 18910 -6640 END
START -4648 -10284 21996 -860 14346 -9823 END
START -6544 -9748 25600 -2702 12734 -14317 END
START -3764 -13112 30568 11929 11630 -5448 END
START -8220 -8744 30804 11190 10808 -10007 END
START -6040 -7280 25084 11280 4127 -16400 END
START -8544 -3344 26884 15029 4352 -12297 END
START -10252 456 25960 14333 4682 -14005 END
START -10456 3008 23468 13606 2367 -15949 END
START -11128 3960 21316 14316 2072 -16310 END
START -10984 5556 19412 16779 1004 -12930 END
START -10072 8256 16988 16826 319 -10879 END
START -8624 10456 16804 16367 -870 -9917 END
START -7948 12800 16480 14481 -769 -8907 END
START -6264 14612 16452 12592 -645 -8447 END
START -6816 15644 15724 9426 52 -8296 END
START -6408 15156 14712 6387 468 -8262 END
START -7080 14860 14324 4954 973 -6905 END
START -6356 15140 14084 3742 849 -5272 END
START -6876 14748 14668 2034 698 -4184 END
START -7076 14096 15348 841 775 -2715 END
START -7812 13680 15460 674 503 -424 END
START -7432 13172 15776 -691 377 907 END
START -7784 12740 16096 -673 -509 3402 END
START -6920 12592 16804 -1394 -901 5336 END
START -6928 13204 17184 -1872 -254 6189 END
START -7428 12864 16528 -3646 825 5967 END
START -6268 11792 16700 -4034 628 6549 END
START -6264 10576 17068 -5244 256 6273 END