START -332 -4604 12908 -4761 3479 9551 END
START -1380 -5900 12988 -4013 5170 10226 END
START -2592 -7356 13088 -2267 5960 8931 END
START -6572 -8296 14260 -769 7517 5947 END
START -5480 -9500 13928 2553 6561 2674 END
START -4940 -11236 14972 5466 6259 -1527 END
START -4744 -12284 16928 8122 5502 -6496 END
START -4368 -13160 16848 10290 4851 -9913 END
START -4676 -12728 16720 12359 4032 -12748 END
START -4548 -10672 16208 15245 2646 -14415 END
START -4964 -7048 16236 16800 1704 -15859 END
START -5188 -3768 15676 16163 890 -17474 END
START -5380 -868 14948 14595 -344 -18972 END
START -5696 1804 15116 13859 -823 -18550 END
START -5808 5132 15660 14255 77 -14985 END
START -7300 8744 15956 14953 2028 -11870 END
START -7640 11468 16364 14828 3950 -9299 END
START -12268 13844 18116 14059 1819 -9049 END
START -11596 15996 18300 8605 4105 -6570 END
START -11720 17000 18840 6664 2837 -3085 END
START -12388 19204 19440 5330 -167 -1192 END
START -12324 19216 20492 2674 -627 702 END
START -11564 18736 21788 393 -3375 1060 END
START -10676 17280 23264 -3178 -6232 -134 END
START -10148 15000 23688 -6032 -9855 -2069 END
START -7800 11424 24068 -5454 -9029 1116 END
START -6924 8944 23972 -4684 -9837 2204 END
START -6956 7276 23080 -3309 -11046 3091 END
START -5504 6632 22328 -1669 -12698 3675 END
START -5572 6648 20980 -821 -13712 4147 END
START -4492 6700 19348 -632 -14833 5439 END
START -2456 7288 17960 -1244 -16685 4849 END
START -1308 6356 18112 -2367 -16755 3594 END
START 4 4896 17148 -3312 -16314 3487 END
START 604 3552 15772 -1492 -15275 4947 END
START 564 3232 13076 -910 -13507 5560 END
START 644 2864 11120 -27 -11928 6954 END
START 992 3436 10208 164 -10655 7326 END
START -104 3036 9176 -247 -7070 10240 END
START -196 4076 8672 -2516 -9122 5734 END
START 2012 3172 7968 -2440 -8364 5239 END
START 2016 3428 6260 -4711 -7223 3662 END
START 2932 1428 7064 -5165 -3844 3541 END
START 1980 2568 4240 -4533 -2575 4034 END
START 2540 1508 4420 -4819 -961 2548 END
START 2052 1576 4540 -5903 1368 2178 END
START 1476 1156 3744 -4743 3453 3056 END
START 1568 876 3796 -4372 5664 3917 END
START 1432 664 3124 -4260 8128 4179 END
START 1720 436 2796 -4113 10627 4425 END
START 1808 280 2296 -3325 13379 4870 END
START 2192 272 1888 -2342 15821 5409 END
START 2512 236 2224 -1335 18325 5819 END
START 2860 -420 3624 -1114 20400 5765 END
START 3308 -940 5636 -1692 22149 5720 END
START 3076 -1916 7596 -2546 23686 6187 END
START 1256 -2184 11004 -4638 27719 4640 END
START -664 -5232 11088 -6644 30255 2661 END
START -688 -7904 14980 -4361 32643 73 END
START -6428 -7912 17872 -1052 32767 -3802 END
START -11344 -8948 17872 5668 30941 -4399 END
START -14784 -9276 24940 13526 23544 -6023 END
START -16948 -4760 26348 16723 14891 -11877 END
START -17324 -3772 31128 12839 11337 -17300 END
START -19760 -188 30040 16346 6631 -12643 END
START -19484 3072 26924 18605 290 -14787 END
START -16888 6116 23932 20437 -2216 -18073 END
START -18456 8108 22484 18093 -5045 -22801 END
START -14332 9364 20976 17552 -6706 -21301 END
START -11968 11248 20788 14978 -6752 -19490 END
START -10692 12916 18540 14764 -5128 -12979 END
START -10244 14756 17660 14437 -5480 -7005 END
START -9932 17220 16176 11142 -2365 -4979 END
START -11856 18356 15652 7673 -2617 -4736 END
START -10436 17848 15124 3092 -3318 -5976 END
START -9164 15620 14888 -908 -3512 -5286 END
START -8184 13752 15336 -2209 -3172 -3467 END
START -8372 11908 15196 -3454 -2019 -1788 END
START -8904 10616 14512 -3160 -1228 1012 END
START -9256 9768 13580 -2924 -1208 4025 END
START -8564 9096 12524 -2400 -2627 7255 END
START -7084 9508 11644 -2943 -1283 9937 END
START -7292 9944 11644 -2061 -887 12600 END
START -6380 10536 12888 -4580 -793 12144 END
START -6708 9204 13120 -6445 381 11903 END