START -2292 -2368 17596 -3613 -207 1113 END
START -1504 -4812 18040 -3536 153 -1790 END
START -1712 -8728 18852 -1203 343 -3485 END
START -1732 -10860 20280 1286 -292 -4838 END
START -4188 -11772 21624 2448 837 -8220 END
START -3468 -13604 19948 5731 -497 -11456 END
START -3604 -13212 18864 9385 -1938 -14548 END
START -3076 -10200 18016 12377 -3207 -16571 END
START -3836 -6176 17908 14176 -4108 -17209 END
START -4832 -1740 16688 13242 -4802 -19139 END
START -5864 2800 15824 11939 -5004 -21453 END
START -7108 5324 14596 11863 -4053 -20286 END
START -6932 9040 13524 11838 -3783 -19164 END
START -5848 10732 13080 12722 -1039 -13404 END
START -6708 13616 11352 14196 757 -6411 END
START -7124 16012 11172 12435 2288 -2311 END
START -6764 18156 10316 8956 1871 -386 END
START -5872 18140 10312 4316 2287 -1156 END
START -5664 16964 10172 321 1370 -2029 END
START -5172 15116 11156 -2286 2190 -2665 END
START -3160 12776 12020 -3457 111 -2985 END
START -1952 10520 13536 -4294 -203 -2677 END
START -1184 8748 15796 -4862 36 -2961 END
START -1060 7188 17400 -4441 371 -2970 END
START -1500 6648 19316 -3871 762 -2429 END
START -4132 6192 20172 -2996 1547 -904 END
START -4124 6768 21700 -1025 1405 1224 END
START -4880 7784 21512 175 1062 1918 END
START -6604 9532 23308 785 -1031 1720 END
START -7672 10076 24976 -240 -2945 910 END
START -8592 10204 25520 -1397 -4641 1138 END
START -9128 10316 25052 -1367 -6349 2937 END
START -8492 11388 25504 -1389 -8522 4872 END
START -7664 12116 24512 -2214 -9581 5510 END
START -6716 11632 23644 -2716 -11067 5853 END
START -6296 10676 22732 -4631 -12280 5329 END
START -3996 8712 21164 -4847 -13296 5793 END
START -4068 7328 20040 -5057 -13541 6728 END
START -3168 6144 18188 -5798 -14089 6614 END
START -876 5156 16908 -5839 -14316 6429 END
START -800 4788 15180 -5746 -14322 6421 END
START 960 3792 14468 -5342 -13787 6534 END
START 1516 3012 13164 -4668 -12868 6989 END
START 1904 2472 11452 -4702 -11289 7092 END
START 1824 1888 10196 -5325 -10234 6846 END
START 1880 1660 8716 -5451 -8795 6322 END
START 2896 1092 6672 -4117 -7644 6982 END
START 3084 1540 6588 -4829 -6377 6274 END
START 3724 1496 4824 -5247 -2215 7741 END
START 1092 1152 4884 -5738 -3716 3739 END
START 3392 0 3804 -4898 -2106 4402 END
START 3704 68 3832 -4780 -196 5150 END
START 3512 80 3620 -4451 1801 5498 END
START 3192 120 3592 -4183 3566 5731 END
START 2864 -24 4436 -4127 5886 5695 END
START 2620 44 4128 -3390 7721 6195 END
START 2632 -96 4180 -3731 9554 5692 END
START 3076 -528 5016 -3631 11162 5211 END
START 3552 -1340 5668 -3205 12492 5118 END
START 3712 -2204 7496 -3565 14049 4380 END
START 3476 -3412 8948 -3967 15136 3423 END
START 3104 -4444 10476 -4030 15938 1644 END
START 2296 -6464 12048 -3674 16707 -1070 END
START 728 -8240 14776 -1602 17055 -4638 END
START -428 -10292 18052 -678 16540 -9773 END
START 1304 -15272 21892 35 17974 -13524 END
START -920 -19724 19816 13518 19313 -6935 END
START -3260 -15876 23596 19983 16898 -4684 END
START -6480 -10084 25344 17986 15591 -10526 END
START -7828 -4500 22712 19397 14055 -12971 END
START -11244 2140 23700 19613 11999 -12675 END
START -13672 6776 22504 16961 8974 -14914 END
START -16328 8800 22628 12707 4482 -18729 END
START -15604 9408 21912 9167 3312 -19551 END
START -13256 10908 21384 9948 -727 -15846 END
START -12440 12028 19940 11298 -663 -9988 END
START -10244 14056 19936 12499 -968 -4727 END
START -7664 15688 19040 10311 -843 -4123 END
START -7064 14956 17752 8243 -688 -4071 END
START -6484 14144 17196 5225 -1367 -4834 END
START -5408 12260 16320 3525 -2076 -5017 END
START -3796 10268 15696 2303 -2372 -4925 END
START -2872 8680 15736 1908 -2399 -4531 END
START -2240 7588 15504 2037 -1670 -3531 END
START -2148 7292 15004 2859 -886 -2713 END
START -2612 8036 14940 4097 18 -1995 END
START -3164 9292 15144 4285 783 -2208 END
START -3624 9852 15348 3969 1442 -2298 END
START -5092 10396 15368 3850 1917 -1883 END
START -6344 11272 15328 3194 1919 -1180 END
START -7940 11624 15148 2567 1536 531 END
START -8888 12488 15268 1879 1085 2318 END
START -8376 12996 14372 510 1163 3926 END
START -8716 13268 15088 367 890 5221 END
START -6896 13136 15228 -679 443 6249 END
START -6900 13064 15400 -1572 -799 7475 END