START 2176 4164 8388 -3094 -3434 3340 END
START 1824 3176 9176 -4918 -964 2335 END
START 1776 1504 8320 -5531 323 2427 END
START 4152 612 7972 -6070 4137 3800 END
START 2844 -392 7168 -5799 2048 4370 END
START 2120 -396 6904 -5677 2616 5122 END
START 1644 -332 6976 -5451 4114 5993 END
START 1596 132 6660 -5361 6476 6276 END
START 2452 804 6016 -4865 9305 6076 END
START 1856 1916 4820 -4019 12240 5424 END
START 2396 2936 3604 -2179 15451 5587 END
START 2812 3136 3844 -877 18154 5421 END
START 3032 3020 4556 -1015 20336 5263 END
START 3424 2584 6476 -2690 22826 4952 END
START -544 1548 8344 -5752 27284 4736 END
START 1432 -1384 7776 -6764 27625 4383 END
START 344 -1836 10724 -8039 29092 2212 END
START -812 -4828 11824 -8455 31667 -818 END
START -1808 -8276 14200 -6608 30837 -4252 END
START -4044 -11004 17108 -3696 28628 -7909 END
START -10980 -11528 18124 400 25074 -8722 END
START -9440 -11564 23176 6751 20652 -9241 END
START -10836 -9176 26636 12249 14825 -13810 END
START -6972 -10112 28884 12888 13888 -15216 END
START -6468 -7712 23164 12958 7828 -21367 END
START -9924 -6776 24132 19403 14223 -17728 END
START -14208 -1112 21968 21526 12175 -20487 END
START -14768 4264 18176 20046 9591 -21075 END
START -14100 8472 16400 20111 5047 -18710 END
START -13788 11896 16520 17963 1136 -16709 END
START -13272 14556 19036 14913 -1909 -14167 END
START -12288 15884 21100 9149 482 -12903 END
START -12188 15904 21524 5612 2183 -9684 END
START -13956 16500 21724 2558 3279 -3870 END
START -14232 17680 21296 5145 3718 3138 END
START -15224 20112 20652 4792 2817 8646 END
START -16008 22180 19888 2840 870 12166 END
START -15208 22752 19872 767 -2656 14099 END
START -13356 20172 20432 -2528 -6163 13580 END
START -11124 17192 22540 -3989 -9579 13505 END
START -9720 14736 22628 -6973 -10583 12225 END
START -9196 12288 20672 -6670 -11489 13483 END
START -8452 10252 19156 -5578 -12414 15674 END
START -7680 9620 17772 -6115 -13515 16754 END
START -6464 8520 16396 -6842 -14254 16635 END
START -5324 7648 14660 -9388 -14663 15738 END
START -4956 6756 12344 -11025 -12136 17587 END
START -2964 4136 12396 -13589 -14731 12604 END
START -2776 1396 11256 -13999 -10779 13845 END
START -2420 480 9728 -12711 -13050 11612 END
START -696 -1048 9872 -11906 -10664 11755 END
START 500 -2024 9380 -10957 -9811 11688 END
START 72 -2000 9164 -10491 -8287 11092 END
START 2044 -3052 9200 -10433 -6990 9870 END
START 1804 -3456 9972 -9925 -5075 9610 END
START 2488 -4568 11000 -10629 -3777 7650 END
START 2384 -6104 11088 -11113 -1737 6502 END
START 1460 -8100 10924 -9938 225 5160 END
START 780 -9852 11060 -7201 1207 3816 END
START 600 -11304 12012 -4101 1390 2361 END
START 368 -12212 13196 -1685 1784 1027 END
START -388 -13696 15144 115 1558 -901 END
START -536 -14772 16468 1628 1908 -4358 END
START 220 -16660 16808 5256 3427 -8218 END
START 436 -17684 16804 10315 4831 -11921 END
START -124 -17516 17152 16052 6704 -14214 END
START 1484 -12996 15756 22113 6613 -15712 END
START 2656 -8788 16272 22790 8364 -18071 END
START -88 -5612 13916 22293 7537 -17684 END
START -2288 -1248 13452 20511 7696 -18379 END
START -6968 3804 11020 18471 6815 -16013 END
START -7008 8936 11652 19510 6553 -15000 END
START -10332 12476 10644 15593 5444 -13651 END
START -12060 15800 11864 11785 4310 -12579 END
START -12376 18064 13304 6529 5641 -12109 END
START -11380 16892 11056 6554 4174 -6249 END
START -9388 16448 11516 4213 6323 -3242 END
START -9268 15120 10868 2521 6825 -324 END
START -6820 14580 11184 982 5473 376 END
START -5580 13244 14256 -419 4959 -214 END
START -2696 10960 14340 -232 4208 -433 END
START -1996 9772 16024 -981 5120 -813 END
START -2116 7876 16428 -2054 6382 -1789 END
START -2272 5284 16112 -875 6925 -1248 END
START -2360 4168 16056 1237 7191 670 END
START -2160 4876 16608 2109 8035 1861 END
START -648 5240 15284 2523 5873 1486 END
START -1672 5496 15456 2328 9303 2251 END
START -3116 7424 16624 1550 10226 97 END
START -4868 7672 17472 4078 10117 -384 END