START -2000 -1676 12956 -6980 751 7874 END
START -2760 -1884 14304 -6801 209 8352 END
START -2476 -3292 13768 -8154 1795 7878 END
START -2936 -5280 12624 -7370 2434 6460 END
START -3104 -7536 13560 -4475 2424 3747 END
START -2320 -10756 14796 -1800 2121 -695 END
START -3032 -13492 16368 1491 1647 -4895 END
START -1388 -13984 16544 2985 5674 -9372 END
START -2260 -15764 15548 7265 4207 -11609 END
START -2600 -15256 14956 10412 4355 -15486 END
START -3576 -13448 13568 15140 4104 -18908 END
START -3684 -10612 13660 19839 1183 -20712 END
START -4728 -7156 14752 20410 618 -23354 END
START -5388 -3916 14816 20347 -3 -24688 END
START -7520 -728 15356 19214 -530 -24946 END
START -6468 1336 16152 18387 596 -23113 END
START -8780 4724 15468 19260 2602 -18650 END
START -9844 8756 14176 19626 3360 -13587 END
START -9740 12616 12888 19975 3721 -10074 END
START -9316 16040 12396 18672 5671 -4988 END
START -8524 19400 11548 16407 5489 -2665 END
START -8768 20324 12488 8958 3571 -1315 END
START -9852 20912 15276 3291 2201 -2837 END
START -10636 20492 15176 -693 637 -2697 END
START -9884 18608 16584 -2769 -152 -2066 END
START -9604 16240 18644 -3710 -1263 -1327 END
START -9236 14480 21064 -4347 -2963 -730 END
START -9336 14312 22576 -4937 -7677 -1989 END
START -5672 10816 25364 -4005 -5515 1979 END
START -7196 10604 26000 -3094 -6465 4147 END
START -8556 10112 24484 -1270 -6642 6692 END
START -9244 9768 23404 -329 -9824 8054 END
START -8876 9372 22652 -1467 -12613 7010 END
START -6996 8520 21748 -2877 -15299 5918 END
START -5288 8212 20636 -2921 -16596 5951 END
START -4324 7660 19300 -2817 -17238 5964 END
START -3476 6668 18124 -3533 -17116 5268 END
START -2848 5048 15524 -3717 -16790 5287 END
START -2296 4308 13060 -3119 -16451 6234 END
START -1228 3168 11532 -740 -10852 11621 END
START 180 3112 11496 -3225 -14536 7389 END
START 8 3124 10416 -3839 -13240 6123 END
START 800 2300 9596 -3310 -12049 5686 END
START 1692 1400 9452 -3694 -8641 5984 END
START 1164 1220 8384 -4270 -8192 4065 END
START 1124 696 6652 -3636 -6372 3936 END
START 3028 -500 6768 -3434 -3805 4301 END
START 2160 212 4924 -2551 -1686 5358 END
START 2248 380 4584 -1832 -47 5717 END
START 2284 640 3968 -2769 2140 5496 END
START 2220 972 3208 -2848 4549 5544 END
START 2188 1428 2484 -3336 7247 5361 END
START 2052 1932 1564 -3672 9898 4884 END
START 2476 2184 1144 -3873 12500 4112 END
START 2788 2184 596 -4059 15306 3390 END
START 2956 2068 920 -4172 17702 2520 END
START 3108 2008 1680 -4089 19959 1517 END
START 3080 1648 3140 -3926 22314 530 END
START 2516 1932 4620 -4008 24412 -93 END
START 1516 1296 6412 -4464 26589 -937 END
START 656 12 9832 -6930 29191 -3086 END
START -1532 -1044 12856 -9474 26749 -8754 END
START -584 -4644 13332 -15154 32767 -11965 END
START -3268 -6528 18168 -10304 32767 -7545 END
START -6572 -12548 23116 -377 29254 -173 END
START -17468 -5940 25096 2597 23563 980 END
START -19492 -6524 27676 562 18876 -1198 END
START -21184 -6068 28840 7174 16415 1751 END
START -21644 -7564 30052 13594 13309 2555 END
START -21976 -5480 30148 14962 7149 -1546 END
START -19572 -2056 28820 11777 2202 -10899 END
START -17060 -804 25484 14026 -1091 -15956 END
START -14452 768 23108 18179 -3765 -16619 END
START -12136 2940 20752 18527 -5199 -17684 END
START -12092 4288 19540 18066 -5772 -17986 END
START -7972 5032 15292 16370 -8825 -16289 END
START -7500 8436 15132 13305 -7059 -16045 END
START -7164 9240 14664 8997 -6304 -16458 END
START -6668 9764 14800 5232 -4125 -16608 END
START -7584 8680 14292 3369 -295 -15999 END
START -8452 8600 12904 3286 4340 -13847 END
START -9676 8616 11840 4356 6212 -9718 END
START -10900 9208 11380 4559 7655 -6332 END
START -12472 9796 11452 3448 7250 -3506 END
START -12820 10180 10868 1231 5811 597 END
START -12948 9944 10180 -1070 3176 4241 END
START -13712 9204 10316 -601 229 8613 END
START -11452 9880 11204 -2197 -2395 10157 END
START -11600 9148 11112 -842 -3727 12285 END