START 5188 720 8728 -3824 194 2075 END
START 4352 292 7924 -2080 1958 2905 END
START 4624 36 8076 -2044 4511 2334 END
START 4696 -348 8048 -2092 6848 1529 END
START 3956 -480 8040 -2114 9333 726 END
START 2940 -904 7856 -2253 11597 405 END
START 1732 -1128 7332 -2742 14428 60 END
START 656 -1272 6288 -2441 16812 -23 END
START 76 -1308 5632 -2190 18964 169 END
START -2340 -728 5260 -1675 21378 704 END
START -3264 -1012 4360 -2537 23296 1100 END
START -3908 -576 3968 -2351 24401 726 END
START -3876 -292 3932 -1735 25493 -400 END
START -4096 -512 5148 -357 25118 -1953 END
START -2584 -1216 7556 -425 23765 -4401 END
START -2232 -920 10668 390 22741 -5895 END
START -5336 1004 13796 1704 22724 -5941 END
START -2172 204 17512 4016 23274 -3675 END
START -2856 -236 18940 11377 20813 290 END
START -3612 1520 26380 8375 20282 1491 END
START -4628 2576 32524 4355 17614 -5769 END
START -11748 324 32767 1351 17345 -6363 END
START -9004 -2604 31440 7333 20572 -2189 END
START -15316 -668 29492 10827 17518 -1958 END
START -16560 496 28556 12236 12361 -4527 END
START -16436 2632 28216 10825 7197 -10461 END
START -15048 3712 26184 8483 3904 -17435 END
START -12308 3740 23796 9889 1640 -18875 END
START -10452 5600 22844 9820 1171 -20045 END
START -8472 6016 20620 10209 2271 -22366 END
START -9272 7304 19768 12455 3407 -23283 END
START -11372 8576 17472 10711 3921 -23183 END
START -12440 8528 14592 5599 2300 -22302 END
START -13964 8996 13724 3618 -2240 -17338 END
START -14348 11344 14372 3166 -7020 -9080 END
START -14764 13552 15032 2838 -9355 -1596 END
START -13328 15012 15868 2617 -7641 3719 END
START -12188 16728 17716 468 -1633 2597 END
START -13932 16104 15112 -1332 -2182 4546 END
START -13384 15980 15948 -1553 -4151 10398 END
START -15672 17372 17864 -2756 -4447 14729 END
START -14952 17588 17712 -3214 -7137 19095 END
START -13532 17504 17732 -2786 -9064 22222 END
START -11760 16560 16608 -3525 -10784 21782 END
START -10312 13944 15084 -6775 -13072 18751 END
START -7628 11164 15044 -9462 -16075 17348 END
START -4964 9052 16560 -12416 -17051 15538 END
START -3020 6716 16836 -14208 -15997 13903 END
START -2152 4468 15496 -13537 -14620 14577 END
START -2536 2348 13364 -12890 -13676 15773 END
START -2560 932 11360 -12940 -13589 16550 END
START -3776 380 8372 -13794 -11462 18325 END
START -1404 -1104 9204 -14436 -13332 14990 END
START -1792 -2668 8412 -15437 -11914 14510 END
START -840 -4508 9408 -15635 -13189 10106 END
START 1244 -7136 10240 -16225 -10906 7072 END
START 996 -8480 10308 -13547 -7458 5985 END
START 4132 -10528 10036 -9398 -4972 4646 END
START 4112 -10664 10624 -5314 -2587 3622 END
START 4352 -12468 11824 -3402 -158 1513 END
START 3628 -15064 12600 -1942 1057 -1379 END
START 3856 -18092 12972 93 2671 -5606 END
START 2392 -19632 12968 5285 3064 -7893 END
START 2796 -20108 12696 13077 5283 -7954 END
START 2468 -17256 12328 19508 4407 -10858 END
START 1928 -13816 13072 23987 5992 -16371 END
START 844 -8372 13096 24230 7499 -20878 END
START 208 -3944 12732 26406 6371 -21311 END
START -4000 -332 10624 25903 2854 -20974 END
START -1844 4852 14104 15048 8853 -28707 END
START -5540 6924 12052 15416 8776 -25160 END
START -10096 9248 10672 14031 9230 -17790 END
START -13796 12852 11740 12006 9832 -10923 END
START -14828 15364 11856 8467 9621 -5232 END
START -14084 16000 10816 6889 8559 643 END
START -14096 16080 11768 4557 8330 4161 END
START -9632 17136 12416 3452 6333 6276 END
START -8692 15744 14936 578 6555 6370 END
START -7208 14840 16512 220 7322 3872 END
START -6000 10912 13640 -4220 9023 2329 END
START -3936 8056 12544 -3158 7418 2315 END
START -4132 6056 15572 -1453 7092 2804 END