START 1996 208 9184 1425 -7389 4016 END
START 2556 756 8440 410 -5536 3317 END
START 2272 1052 7508 -332 -4008 2153 END
START 2812 616 6672 -1272 -2327 1048 END
START 2796 -232 6952 -1990 -688 643 END
START 2300 -816 6472 -2498 1206 744 END
START 2076 -1544 6320 -2507 3582 1174 END
START 1320 -1300 5700 -1904 5864 2052 END
START 804 -1564 5776 -608 8439 3299 END
START 496 -1456 5580 21 11193 4163 END
START 376 -1268 5504 1005 13614 5062 END
START 136 -652 5304 1997 15820 5826 END
START -280 16 4844 2237 18104 5945 END
START -320 724 3548 1778 20457 5736 END
START 176 1372 2368 1974 22551 6493 END
START 324 2280 2180 2410 24313 7337 END
START 720 2736 3012 2121 26038 7311 END
START 264 2364 4128 1121 27059 7266 END
START 80 2752 6296 -55 27766 7148 END
START -4140 2928 9820 -1512 31879 6391 END
START -5700 148 8736 -4936 31787 4101 END
START -7220 -2144 13224 -4718 30297 2296 END
START -9436 -5800 16364 -5427 28251 -3779 END
START -13860 -8324 19148 -5310 23185 -12892 END
START -12564 -9812 19976 -2678 16538 -16666 END
START -12576 -11488 26224 3375 6829 -20071 END
START -11700 -8992 27504 7580 2540 -25726 END
START -4804 -6676 29956 6215 5957 -26668 END
START -7028 -5944 30852 5560 4477 -28877 END
START -7996 -4604 27160 11930 6812 -21509 END
START -10820 -616 24960 13286 6476 -21637 END
START -12892 4032 24480 14286 5165 -19921 END
START -14836 7680 24020 10453 4410 -19021 END
START -15368 11608 22628 11912 3964 -12817 END
START -17504 16200 22496 12894 4515 -7142 END
START -18632 19336 20364 12712 2659 -2000 END
START -17864 20864 20224 9133 666 265 END
START -16072 21712 19584 3642 -1958 439 END
START -14652 19772 20472 -861 -4864 2383 END
START -12708 18208 21736 -1975 -6496 6283 END
START -12388 17696 21016 140 -7421 10310 END
START -12240 17884 21000 778 -8829 12625 END
START -10944 16888 20272 -1142 -10227 11686 END
START -8636 14192 20112 -3119 -11810 11200 END
START -6156 11908 20452 -5491 -12519 11418 END
START -4328 10384 19204 -5731 -12026 13250 END
START -2080 9528 19560 -3359 -11671 17584 END
START -2236 10092 20424 -3369 -9674 19692 END
START -3876 10432 18076 -3637 -9164 22172 END
START -6984 9036 19476 -5238 -185 26627 END
START -8420 10168 14156 -8200 -9800 24773 END
START -6600 7860 12076 -13065 -12478 21517 END
START -3856 3928 12624 -15721 -14421 16293 END
START -3044 2092 13308 -16162 -16669 12683 END
START -88 -1488 12020 -14788 -14875 11546 END
START 12 -3388 11912 -11979 -12850 13066 END
START 376 -4668 11808 -8871 -9769 13202 END
START -1260 -5092 10616 -7012 -4761 14877 END
START -120 -5180 11560 -7067 -5025 13293 END
START -2216 -5624 10252 -5467 -3510 11997 END
START -2076 -6852 10336 -6167 -3704 9402 END
START -1784 -7612 10540 -6857 -3963 7806 END
START -1324 -8100 10968 -7163 -4121 5921 END
START -716 -9456 12144 -7737 -4038 3354 END
START -760 -10900 12500 -8024 -3358 1114 END
START -1008 -13060 12636 -5780 -2408 -1318 END
START -432 -14612 13908 -1871 -1834 -4696 END
START -312 -16996 15216 560 -1476 -9054 END
START 612 -19024 15700 2731 -1103 -13745 END
START 1044 -19820 15128 5631 -368 -17540 END
START 1524 -20196 14612 10533 638 -21154 END
START 2588 -18784 14596 13586 1495 -25009 END
START 2504 -16540 13936 16666 2746 -28780 END
START 880 -13200 12424 20951 3862 -28967 END
START -1700 -9500 13848 21006 4679 -32768 END
START -2864 -6148 12100 20661 6842 -31667 END
START -6100 520 11368 23899 5295 -26800 END
START -7996 6484 12900 21158 4595 -22252 END
START -9084 14068 13884 20025 4061 -15865 END
START -13008 20480 13080 16787 4502 -11044 END
START -13396 22720 13236 13274 3130 -6585 END
START -10476 25496 13768 8661 3756 -5706 END
START -6024 25936 13300 -32 -120 -7997 END
START -5020 22848 17192 303 -1744 -3498 END
START -4464 21420 15576 -719 -278 -2170 END
START -4440 19748 15568 -1383 623 -893 END
START -4672 18164 15984 -1434 648 167 END
START -4332 16192 15052 -2009 -297 1132 END
START -3496 13044 14376 -2531 -327 2472 END
START -1540 9872 15996 -4084 -569 4609 END
START -872 6568 15524 -6501 -1059 3128 END
START 336 4208 14956 -7037 -679 4496 END
START 664 2528 14700 -4793 545 6325 END
START 708 2016 14712 -2655 1710 7283 END
START 1428 1912 14548 -1501 2714 6574 END
START 1784 1324 14392 -549 4199 4998 END
START 2252 880 13664 -33 5831 3276 END
START 7252 -476 13280 133 9761 3236 END
START 1028 1300 12532 3866 10952 3146 END
START 1276 660 13048 2234 11727 595 END
START 244 444 12836 1940 14179 -622 END