START -2504 -6264 12628 -8002 -1448 5039 END
START -1384 -9500 13352 -5754 -326 1676 END
START -520 -11456 15192 -3423 754 -1183 END
START -544 -13856 16520 -816 268 -4574 END
START 552 -17300 18540 413 817 -9698 END
START 724 -20256 17848 2395 932 -14038 END
START 1560 -22188 17360 7422 1748 -16481 END
START 2736 -22148 16712 11789 2234 -16809 END
START 1764 -18932 16760 17521 2504 -14486 END
START -180 -13408 16204 19780 2644 -13251 END
START -2628 -6516 15664 21760 2185 -13302 END
START -4692 -212 16016 21401 2611 -14812 END
START -5876 5568 14968 20850 3178 -15216 END
START -7756 10792 14184 20048 3634 -15313 END
START -8308 13680 11656 19586 3342 -14731 END
START -8280 16580 12132 17620 4055 -13986 END
START -8476 18996 11848 14273 4528 -11037 END
START -7628 21320 12388 10643 3892 -8596 END
START -7368 20508 11896 7880 4398 -4975 END
START -5568 20132 12060 5039 3216 -1836 END
START -4680 19320 13648 887 2622 -2830 END
START -4228 18144 14264 -1611 1553 -3687 END
START -5268 16572 16264 -3862 1027 -4090 END
START -5044 13240 18308 -5793 1303 -3954 END
START -7772 11632 19528 -5882 408 -3387 END
START -7000 8784 21312 -5688 -799 -2183 END
START -7808 8096 22300 -3360 -1907 1500 END
START -7264 8412 22672 -2213 -2790 2458 END
START -7404 8748 22132 -1448 -3780 2339 END
START -7216 8404 21552 -1760 -4905 2011 END
START -6676 7220 21432 -1941 -6080 2693 END
START -5448 6768 21036 -2151 -6939 3795 END
START -5040 6336 20368 -1716 -7530 5325 END
START -3452 5868 19708 -1667 -7859 5837 END
START -2908 5620 19512 -1768 -8453 5104 END
START -1892 4792 18952 -2149 -9252 3987 END
START -460 4156 19296 -2102 -9904 3755 END
START -836 3688 20072 -1874 -10327 4580 END
START -148 3856 19296 -1683 -9911 4889 END
START 372 4664 18564 -284 -10062 5406 END
START 656 5844 18160 -48 -9791 4821 END
START 320 6184 17764 -71 -9791 4029 END
START -360 6316 17636 -868 -9877 3207 END
START -936 6036 16868 -2211 -9553 1893 END
START -1584 4836 15128 -2523 -9691 1562 END
START -1452 4020 13976 -1492 -10080 2405 END
START -1148 4160 12832 -816 -9631 3791 END
START -624 4728 11060 -87 -8803 5514 END
START -180 5108 10076 676 -8252 6749 END
START 340 6272 9388 -863 -6674 6550 END
START 580 5852 6972 1393 -3546 9874 END
START 984 5604 6908 -1444 -5133 6377 END
START 1224 5124 5372 -2428 -3522 5423 END
START 2008 4300 4588 -3835 -2231 5208 END
START 3172 3300 4472 -3678 -549 6343 END
START 3856 2764 4144 -4409 1489 6758 END
START 4260 2192 3208 -5350 3730 6339 END
START 4656 1888 2188 -5306 6299 6368 END
START 4780 1312 1880 -5340 8958 6713 END
START 5080 844 1736 -5090 11893 7008 END
START 5248 260 2492 -5041 14837 6780 END
START 5448 -864 3904 -5490 17160 6250 END
START 5720 -2376 5820 -6832 19259 5272 END
START 5248 -4540 7532 -7694 21801 3492 END
START 3804 -6956 9136 -7482 24190 -368 END
START 3548 -10144 9948 -4719 26102 -5850 END
START -1052 -13248 10904 -60 28946 -12516 END
START -1320 -15108 15416 8100 27500 -16754 END
START -12912 -12652 20432 12362 21551 -21845 END
START -5876 -15820 25960 16471 13665 -25144 END
START -8016 -12780 24988 32637 9631 -11703 END
START -17080 4940 30816 11325 4581 -23853 END
START -17584 3288 25600 11193 6691 -26781 END
START -17452 7044 24844 17141 4947 -19556 END
START -15600 9472 21604 22776 8512 -9127 END
START -13888 12184 19508 26133 7736 1301 END
START -13468 18852 19460 24986 7359 6853 END
START -10928 21056 19156 18029 7625 8156 END
START -9980 21060 15672 15079 3928 10373 END
START -8752 21368 16592 8328 3614 4833 END
START -8928 20132 15816 1635 1012 -703 END
START -8952 16820 15592 -980 -2926 -1702 END
START -5100 13736 16728 -4550 -3548 -3333 END
START -4208 11456 16616 -5039 -3486 -3886 END
START -3516 9312 16792 -4329 -2992 -2899 END
START -3368 8136 16728 -3410 -1976 -1321 END
START -3432 7380 15972 -2557 -1039 -67 END
START -4368 7220 15108 -1212 -575 1646 END
START -5116 7272 15956 67 2681 3634 END
START -5644 8188 14308 1399 -13 3541 END
START -5864 8440 13852 1728 -377 2857 END
START -5556 8376 13192 1341 -536 1559 END
START -5376 8456 13348 1533 -1200 1112 END
START -4840 8516 13516 910 -1069 491 END
START -4416 8404 13340 591 -920 499 END
START -4208 8160 13576 224 -465 692 END
START -4116 7656 13736 -26 151 1027 END
START -4040 7324 13564 -189 669 1518 END
START -4328 7084 13712 -503 989 1956 END
START -5088 6944 13256 -836 1215 2657 END
START -5816 6972 13036 -516 783 3453 END
START -6384 7428 13888 -712 313 3227 END
START -6364 7212 14832 -852 -336 2285 END
START -6312 7008 15500 -957 -893 967 END
START -5696 6424 16276 -765 -924 326 END
START -5240 5988 16348 -161 -773 16 END
START -4700 5956 16472 646 -418 302 END
START -4400 6156 16436 1309 262 518 END
START -4556 6348 16200 1583 711 559 END
START -4984 6232 15836 1360 854 479 END
START -5316 6364 15388 1418 771 802 END
START -5692 6400 15072 1430 420 1050 END
START -6188 6736 14936 1354 -28 1099 END
START -6192 6968 15096 1170 -719 1104 END
START -6092 7232 14856 883 -1115 812 END
START -5676 7364 15052 783 -1260 462 END
START -5280 7612 15100 906 -1088 -35 END
START -5128 7900 14652 959 -842 -342 END
START -4956 7792 14332 820 -503 -533 END
START -4876 7704 13800 779 -359 -612 END
START -4740 7492 13356 828 -68 -330 END
START -4896 7772 13696 18 -398 -637 END
START -5028 7572 13336 -151 -293 71 END
START -5236 7584 13496 -337 -436 727 END
START -5024 7660 13504 -507 -513 779 END
START -4124 7768 13420 -583 -135 560 END
START -4028 7684 13904 -227 1000 -136 END
START -3448 7980 14336 854 1706 -133 END
START -3672 7680 14048 773 2435 -665 END
START -4188 7420 13756 915 2551 -1135 END