START -1716 3156 15268 -3850 807 9519 END
START -2216 2964 15344 -4837 1771 10773 END
START -2512 2372 15768 -5511 3881 11134 END
START -3952 1852 16120 -5823 3281 9763 END
START -3988 604 16072 -5237 3030 8333 END
START -4432 -1000 16200 -4462 2184 6477 END
START -4592 -2972 17472 -3828 1369 3686 END
START -4376 -5500 18268 -3318 722 635 END
START -3636 -8124 19524 -2491 575 -2263 END
START -2336 -11252 19812 -1209 619 -5318 END
START -3676 -12812 19328 2218 390 -8301 END
START -3488 -13640 18604 5556 -821 -11184 END
START -3428 -12996 17476 8270 -1713 -14545 END
START -3036 -11036 16180 11271 -3069 -17437 END
START -2260 -8352 15672 12744 -4303 -20724 END
START -1448 -5000 14800 13155 -4831 -23930 END
START -1100 -1948 14432 13533 -3990 -25473 END
START -3932 -176 13832 16562 -2694 -23194 END
START -2732 2788 13456 16410 416 -18677 END
START -5044 7704 13436 15938 4773 -14817 END
START -6948 12340 10864 17613 5197 -8798 END
START -8264 16560 12372 14912 6307 -5072 END
START -9368 19204 11840 11866 5754 -2762 END
START -9500 21020 12880 7355 3272 -3048 END
START -9248 20808 13640 900 1233 -6419 END
START -9448 20068 15088 -311 -887 -6337 END
START -8604 19344 17712 -1455 -1976 -5144 END
START -8328 17404 20412 -3689 -2620 -3762 END
START -8008 15368 22644 -3928 -4262 -1328 END
START -8048 14164 23548 -4025 -5357 1014 END
START -8092 14056 23492 -2765 -6719 3102 END
START -7628 13616 24300 -1686 -7415 4242 END
START -7076 13364 23264 -3 -8263 5942 END
START -6772 13320 22592 -282 -9742 6385 END
START -6344 12432 21276 -1884 -10688 6584 END
START -5612 11968 20148 -3384 -12595 6878 END
START -4152 10452 19432 -3775 -13824 7928 END
START -3272 9116 18552 -4679 -14208 8978 END
START -2432 7040 17044 -4278 -14218 9501 END
START -2440 6620 15924 -3990 -14346 9072 END
START -1792 5568 14036 -3621 -13690 8941 END
START -496 4736 12584 -2068 -12919 10239 END
START 48 4200 11664 -2156 -12509 10853 END
START 984 3528 10604 -2591 -11686 10823 END
START 1716 2876 9456 -2529 -10915 10540 END
START 2552 2244 9076 -2848 -9745 10223 END
START 3280 1512 8380 -3815 -8192 9089 END
START 3344 1132 6980 -4399 -7004 8498 END
START 5852 104 6656 -4575 -3441 9719 END
START 3776 1008 5520 -4395 -2852 9395 END
START 4580 204 5068 -4551 -1335 9338 END
START 4876 288 4568 -5723 1011 8067 END
START 4720 -316 3888 -5527 3179 7755 END
START 4828 -784 3696 -5219 4514 7362 END
START 5144 -1260 4164 -5158 6982 6773 END
START 4464 -1276 4700 -4931 9823 5977 END
START 4024 -1508 5400 -4246 13050 5439 END
START 3700 -1956 6328 -4109 15131 3740 END
START 4188 -2344 8064 -4742 17782 2026 END
START 3532 -3576 9656 -5459 19922 862 END
START 2168 -4520 10712 -5205 21198 -447 END
START 632 -5492 11584 -4720 22686 -1710 END
START -1976 -7320 13508 -4420 24212 -3636 END
START -3636 -8016 15212 -1784 23131 -6142 END
START -6012 -9280 18008 751 19995 -9227 END
START -9320 -9324 21392 2463 15065 -13503 END
START -6596 -13616 21252 10885 12389 -12443 END
START -9220 -8256 27480 16902 6762 -10334 END
START -9152 -3540 26356 10691 1946 -21161 END
START -10128 -1756 26460 14215 2875 -21840 END
START -6452 2052 26356 16496 -2449 -21967 END
START -7408 3304 27704 19102 -732 -19370 END
START -9620 7752 25416 19545 -1949 -17655 END
START -9300 11544 23328 19789 256 -15313 END
START -10120 14296 19228 20751 725 -10664 END
START -11992 18864 16584 19099 472 -4227 END
START -13672 21516 15328 15263 -440 -1362 END
START -8208 22508 13140 8756 -2199 -1085 END
START -7656 21132 13992 3104 -5197 -1343 END
START -5140 17748 13132 -2517 -5145 -1470 END
START -3796 14948 13048 -4669 -4900 267 END
START -3232 11664 12640 -5417 -3368 1178 END
START -2632 10092 12296 -3754 -1330 3206 END
START -3244 10000 11864 -2223 1115 4610 END
START -2452 9388 11876 33 3475 6544 END
START -2064 7720 12892 -573 2727 5868 END