START -4712 -2144 17936 -3801 -2759 2366 END
START -3712 -4956 18404 -4113 -2107 279 END
START -3580 -5944 18908 -3307 -1038 -933 END
START -4252 -8880 18972 -1883 -307 -3553 END
START -6752 -10408 17428 546 -555 -7734 END
START -7092 -10984 16756 4376 -1000 -13586 END
START -4800 -12556 15784 8035 -4106 -18046 END
START -3696 -14724 16548 11556 -5999 -22453 END
START -3196 -13264 15508 14401 -6232 -27269 END
START -3368 -9500 15812 19484 -5628 -32387 END
START -3328 -4640 15688 20944 -3316 -32768 END
START -2992 -1140 15568 22976 1006 -32768 END
START -3680 -220 13804 19803 4837 -31494 END
START -5368 2704 12300 19177 7016 -24841 END
START -12700 8564 8768 19829 6615 -14612 END
START -13892 12900 7076 17113 5938 -4490 END
START -12264 16968 7008 16883 1801 6183 END
START -10200 19860 7980 12545 -1534 8354 END
START -11172 20724 11168 6129 -696 1315 END
START -9932 18028 11500 -4704 1626 -9125 END
START -10412 14068 11532 -5682 -1739 -10375 END
START -6544 9536 14480 -4506 3467 -6849 END
START -6360 7368 14168 -4084 4441 -5117 END
START -6544 6684 15180 -2054 4435 -1563 END
START -8544 7152 16452 -54 2730 984 END
START -7324 6680 17516 -14 1124 1781 END
START -8060 7096 19684 -636 -379 1357 END
START -6520 6588 21196 -1209 -1331 1188 END
START -9192 7540 22440 -584 -2608 2541 END
START -9652 7408 22204 249 -2850 3688 END
START -10136 7292 21544 2146 -3812 5253 END
START -10224 7952 22096 3212 -5756 6627 END
START -10076 8716 22912 3643 -7561 7534 END
START -9076 9240 23756 3749 -9189 8104 END
START -8352 10260 24008 3426 -10665 7704 END
START -8316 10704 22808 2994 -11558 7348 END
START -8784 10884 20800 2544 -13128 7253 END
START -8568 9216 19088 1177 -15501 6917 END
START -7268 7748 17424 554 -17728 7304 END
START -2864 4596 19924 1546 -11921 11692 END
START -6632 8416 15920 538 -18095 9013 END
START -1976 7032 16172 -462 -18348 9322 END
START -1332 6640 15200 -977 -17712 7079 END
START -816 5884 13920 -1710 -15666 5797 END
START 232 4752 12120 -2629 -13497 6001 END
START 788 4068 10360 -2040 -12247 7479 END
START 1364 3768 8984 -2021 -11024 8832 END
START 1700 3972 7936 -2482 -10048 9150 END
START 2504 3732 7052 -4087 -9183 8095 END
START 3932 3528 6728 -5049 -6379 8076 END
START 4400 3428 6460 -6284 -6351 6432 END
START 5216 2168 5416 -7070 -3984 5321 END
START 4984 1916 5140 -7614 -1213 5106 END
START 4784 1828 4872 -6750 1929 5470 END
START 4112 2192 4940 -6310 5492 6575 END
START 3488 2292 4864 -6864 9155 7335 END
START 3000 2400 4428 -7378 12596 7640 END
START 2760 2284 4472 -7639 15144 7766 END
START 2472 1756 4796 -7481 17223 7771 END
START 1876 1216 5432 -7156 19442 6931 END
START 2168 324 5216 -6968 22455 5461 END
START 628 -372 7104 -5723 23913 2892 END
START -1116 -1188 8700 -4036 26083 583 END
START -2456 -2260 11192 -3840 27856 -2320 END
START -2532 -3916 13480 -5881 29726 -5980 END
START -2208 -3828 17032 -10320 31602 -13164 END
START -5664 -6628 15876 -5469 31242 -8155 END
START -6372 -6868 16244 -2543 29128 -5739 END
START -7492 -6760 15016 1865 25311 -1647 END
START -7872 -8328 20796 11660 21318 5349 END
START -15684 -1988 21892 13389 17100 3031 END
START -14392 -20 22424 9623 13392 -5314 END
START -10908 -1424 24864 10422 14074 -11493 END
START -10772 28 23488 15600 12730 -14238 END
START -12804 3384 22740 16750 13698 -18651 END
START -16084 5788 20180 16707 10168 -24113 END
START -18616 6640 17120 14194 1998 -28020 END
START -20532 7104 15512 13103 -11292 -29455 END
START -16456 8608 16660 6394 -18305 -31803 END
START -13624 8968 18068 4082 -22652 -27903 END
START -9600 8048 18980 3377 -20682 -22578 END
START -7728 7672 18688 4928 -12315 -14816 END
START -5432 5152 16152 7416 -4198 -8063 END
START -9132 9704 15260 8037 6287 -800 END
START -10684 11108 14788 6590 8430 4186 END
START -12160 12240 11708 2166 9066 6111 END
START -12364 10320 10320 -115 5785 6225 END
START -12092 9020 10368 -1240 4258 6806 END
START -11876 8852 10512 -2754 -952 3707 END
START -9900 7300 12176 -4040 -5035 1359 END
START -7548 5472 13772 -5577 -6091 -966 END
START -6264 3312 15048 -5647 -4319 -992 END
START -6052 2324 15128 -4174 -3538 688 END
START -6756 1684 16524 -3530 1750 3393 END
START -8408 1704 16136 -4024 4412 5680 END
START -8752 2496 14208 -3692 6791 9276 END
START -10404 3916 13764 -1660 7418 12480 END
START -10848 4972 14096 -397 6562 14083 END
START -12720 5924 13412 -877 4803 14257 END