START 1228 -4908 12596 -10797 681 6321 END
START 588 -6772 13456 -10550 1654 4159 END
START 792 -9036 13796 -9836 3029 1446 END
START 876 -10656 14032 -7877 3954 -1368 END
START 1316 -14932 15780 -5419 4820 -3628 END
START 804 -17016 17888 1400 4393 -3266 END
START -1892 -18188 19920 5019 4332 -5664 END
START -1772 -18664 21556 5257 2732 -10963 END
START -2424 -18052 20776 8733 2161 -15202 END
START -3096 -15604 19912 14262 929 -17215 END
START -2812 -12560 19212 18462 1270 -17555 END
START -4128 -8048 18308 21078 1543 -17305 END
START -4740 -3496 16572 21708 1950 -17719 END
START -5596 1544 15132 21099 1533 -18169 END
START -6404 5560 13652 20848 1950 -16463 END
START -7484 9956 12424 19734 2286 -13090 END
START -8332 13604 11016 17997 1745 -10016 END
START -7748 16416 11524 15135 558 -8276 END
START -7896 19200 11884 11965 -726 -8025 END
START -6284 19568 13384 7070 -1134 -8749 END
START -4100 18992 14460 3401 -713 -8789 END
START -4400 18520 14760 2141 -64 -7476 END
START -5700 18296 15532 1371 174 -6458 END
START -3756 16760 15580 769 -315 -3127 END
START -5452 16644 17560 -491 203 -33 END
START -4836 16304 18952 -1497 -1669 2446 END
START -7848 16796 22192 -2161 -3944 4051 END
START -7480 16156 22668 -3398 -5245 3508 END
START -6992 14772 21412 -2269 -6864 4397 END
START -5700 13736 21148 -1808 -8526 4925 END
START -4536 12096 20108 -3124 -9612 5554 END
START -2996 10516 19836 -3563 -10974 7007 END
START -1696 9680 19348 -4350 -11496 7705 END
START -1396 8824 18120 -4594 -11857 7763 END
START -996 7948 16928 -4847 -11917 7721 END
START 384 6764 15752 -4407 -11572 8583 END
START 652 4264 14672 -2861 -9858 10018 END
START 80 4076 14760 -1313 -9584 11601 END
START -252 3516 10732 -1462 -7001 11489 END
START 1240 2700 10364 -2632 -7157 10585 END
START 2652 2420 9652 -3273 -6843 10160 END
START 2996 2760 8992 -4659 -6262 8413 END
START 3108 3272 7292 -6527 -6209 5697 END
START 3372 636 8728 -6820 -3957 4732 END
START 3840 1460 7472 -6676 -1802 6216 END
START 4044 1244 7084 -6142 302 5594 END
START 4152 516 6736 -7017 3122 4829 END
START 3648 32 5888 -6417 5519 5199 END
START 3212 -68 5140 -6154 7479 5149 END
START 2676 0 5176 -6203 9522 4656 END
START 2000 76 4992 -6278 11492 3985 END
START 1328 160 5672 -5579 12973 3512 END
START 1148 -228 7036 -5766 14753 2608 END
START 572 -1144 7916 -6428 16975 1446 END
START -44 -2300 8140 -6546 18923 408 END
START -728 -3356 8600 -5252 20705 461 END
START -1552 -3152 9424 -3121 21973 673 END
START -3056 -3184 10060 -2007 24047 -241 END
START -4228 -4060 11148 -930 24276 -1488 END
START -4296 -4708 15312 283 22622 -3560 END
START -7732 -3140 16496 -777 19970 -7599 END
START -7316 -8168 15792 686 18020 -8460 END
START -5992 -10192 21652 12443 17746 -1089 END
START -9432 -3956 21000 7112 16016 -8010 END
START -9764 -3128 23296 7667 10841 -16049 END
START -6008 -4704 26600 12651 10368 -12022 END
START -10324 -3292 26704 14046 8612 -14632 END
START -11536 -1188 25604 14865 6464 -16529 END
START -12508 1468 25712 13933 2940 -18789 END
START -11976 4432 26132 13630 574 -18811 END
START -10908 6896 23652 14630 -4604 -19029 END
START -9544 9280 22212 15832 -2790 -15451 END
START -13172 12496 21172 15625 -1503 -12123 END
START -12668 13628 17812 14273 -1357 -8266 END
START -11232 15172 14972 12697 -1366 -4998 END
START -10336 16468 12376 10207 -1024 -2254 END
START -10412 17464 11348 6681 -1511 -457 END
START -7852 16112 10056 3032 -1463 711 END
START -6572 14944 9224 621 -2188 744 END
START -5452 13320 9436 -1249 -1798 -389 END
START -4232 11092 10184 -2787 -1159 -1132 END
START -2228 8892 11472 -2252 88 -31 END
START -1756 7708 12656 -1358 2635 1064 END
START -3432 7304 13296 -752 3960 1789 END
START -4936 7592 14328 208 3851 2891 END
START -6312 8536 15780 -264 4168 3103 END
START -8104 8636 16396 -1513 3827 2833 END
START -9160 8084 15548 -2763 4597 2359 END
START -11900 7716 15960 -1070 4238 3314 END
START -9968 7880 16280 1228 1972 5303 END
START -9708 8824 17428 873 1300 5956 END