START -2856 1788 15268 -4497 -1341 -888 END
START -3472 1624 14124 -2482 -479 2552 END
START -3644 1640 13588 -2115 579 4573 END
START -4008 1844 13328 -3388 819 4879 END
START -4152 1736 13092 -4034 1922 5568 END
START -4112 1368 13008 -4199 2742 6778 END
START -4400 1080 13640 -4275 3501 7647 END
START -4376 708 13756 -4696 4401 7463 END
START -4352 -500 13896 -5015 5402 6747 END
START -4400 -2048 14168 -4157 6182 5655 END
START -4252 -4100 14288 -1571 6703 4128 END
START -4708 -5740 15532 1588 6360 1383 END
START -4600 -7204 17244 3857 5329 -2742 END
START -16 -8520 17268 4283 5040 -8134 END
START -7660 -9900 18528 6619 5828 -11740 END
START -7572 -11432 16404 13325 2633 -12816 END
START -7708 -9056 16556 19236 -781 -15384 END
START -6780 -5516 16476 21178 -4855 -19580 END
START -5404 -828 17240 19440 -7532 -23956 END
START -7392 3228 17780 15745 -8785 -27703 END
START -5504 3908 15896 12409 -8024 -28569 END
START -5044 3956 14908 12007 -4056 -25632 END
START -6644 5172 14140 11673 -968 -17663 END
START -7408 7828 13848 12303 2536 -8459 END
START -7872 10684 12400 12482 4457 -1297 END
START -8208 12732 12176 10731 5504 2402 END
START -8544 14304 10944 6252 6661 1500 END
START -9040 14112 10712 4163 5713 -317 END
START -7892 11500 10156 2598 4020 -2183 END
START -7588 10072 11716 1549 2317 -4258 END
START -5752 8228 14080 397 1004 -7021 END
START -5132 6580 15724 -104 303 -8691 END
START -4352 5104 17316 -544 -1388 -10610 END
START -5312 3748 19628 -516 54 -10770 END
START -4456 2588 20204 1420 1413 -8247 END
START -7108 5092 20824 4497 1847 -4879 END
START -9456 7556 21540 5760 1398 -2937 END
START -10796 8260 23232 5558 -1333 -1817 END
START -10696 8652 23576 4022 -4458 -2008 END
START -13424 9960 24628 6188 -5511 1739 END
START -14660 12808 23600 8355 -5735 4649 END
START -14876 15828 21404 9014 -8050 7002 END
START -13800 16960 20044 5984 -10863 7061 END
START -11652 16100 19644 2350 -13824 7929 END
START -9052 14692 19556 149 -15801 10005 END
START -7628 13124 20092 -270 -16233 11677 END
START -7712 11704 19144 443 -15779 12674 END
START -8132 10884 16732 1392 -15549 13861 END
START -7824 10456 14416 241 -15664 14797 END
START -3212 9512 11492 -292 -11338 20493 END
START -4308 9184 11852 -2525 -17150 15107 END
START -1084 6196 10816 -4528 -14492 16243 END
START -760 5332 9412 -7105 -16135 13332 END
START 984 3604 8088 -8374 -15354 13650 END
START 1964 2128 6996 -9450 -12713 15357 END
START 1644 1572 6568 -10545 -12249 12303 END
START 3028 56 5096 -9059 -8651 11845 END
START 1508 20 4676 -7614 -8455 8456 END
START 5112 -1512 5292 -7265 -5634 7462 END
START 4624 -1356 4072 -6056 -3138 7246 END
START 5636 -1608 4976 -5772 -1047 6702 END
START 4616 -1684 4168 -6287 2222 5574 END
START 5672 -2384 4028 -6982 5031 4246 END
START 5716 -2524 3800 -7342 7635 3193 END
START 5736 -2524 3840 -7146 10233 2349 END
START 5408 -2364 4460 -6782 12999 1611 END
START 4884 -2328 4652 -6815 16312 581 END
START 3728 -1900 5360 -5743 19603 -633 END
START 2632 -1484 6712 -3516 23163 -2305 END
START 1512 -1156 9040 -1506 26624 -4893 END
START 60 -1936 9176 -1962 30191 -7338 END
START -5592 -1676 12568 -3794 32767 -9948 END
START -1224 -3772 11512 -9206 32767 -14030 END
START -5708 -5568 13940 -6588 32767 -8312 END
START -9076 -5316 14008 -5810 32767 -5402 END
START -14456 -6056 17096 2074 30354 6033 END
START -18200 -1856 19196 8700 23663 11657 END
START -18476 2904 22944 13121 15532 9802 END
START -17508 6740 26592 14299 7890 -6 END
START -17000 6480 28092 12978 9174 -4558 END
START -18360 7192 28600 7295 5684 -14020 END
START -16644 4716 26520 3950 2284 -17793 END
START -14020 788 24116 4549 2123 -16071 END
START -12244 856 21920 10671 -43 -12064 END
START -10376 1632 19124 13269 -1433 -11165 END
START -8488 3448 16908 13542 -3756 -10842 END
START -4452 5356 14936 11212 -8770 -12235 END
START -3840 7404 14116 9393 -7950 -13729 END
START -5232 9092 14504 7739 -8260 -15924 END
START -3824 9872 14236 3716 -8803 -19028 END
START -5092 8796 15968 -487 -4657 -23868 END
START -8396 6084 15516 -4567 -690 -26623 END
START -10704 2540 13236 -3204 1345 -20829 END
START -12112 3868 13108 2700 1254 -9621 END
START -13560 7520 14140 6126 1518 -430 END
START -13920 10472 14608 5932 2825 4650 END
START -13512 13592 13728 3719 3406 5761 END
START -13316 12668 14008 1732 3720 5060 END
START -11684 11760 12732 -917 1405 5201 END
START -11528 10680 12480 -1819 -515 6380 END
START -9884 9196 12572 -2282 -1462 8000 END
START -8772 8104 12164 -3239 -494 9158 END
START -8452 7804 13328 -3358 33 9818 END
START -7772 6604 14216 -2561 62 11167 END