START 2880 -1552 5796 -4329 4374 6302 END
START 2268 -2048 6208 -4072 5514 6285 END
START 2604 -2720 6156 -3426 6819 6112 END
START 2524 -3144 7020 -3746 9163 5276 END
START 2932 -3520 7976 -3135 11565 5506 END
START 2932 -3604 8636 -2696 14695 5817 END
START 2616 -3928 8448 -2103 17643 5951 END
START 2160 -4044 8464 -1994 20123 6086 END
START 2012 -4472 8656 -1420 25268 7774 END
START -352 -3076 9860 -2462 23313 5507 END
START -372 -3372 11056 -1814 24822 5198 END
START -2004 -4280 10988 -2970 24738 3900 END
START -3164 -4288 12372 -1867 23501 2312 END
START -5052 -4600 14024 -1396 23338 -1656 END
START -5852 -5692 14496 777 21658 -4879 END
START -5828 -6436 16928 3091 17968 -7361 END
START -6572 -6840 19260 4944 14505 -8909 END
START -5448 -9308 24536 13893 11786 -2285 END
START -10044 -2768 27756 7160 10996 -8906 END
START -11508 -888 32767 2452 6606 -17987 END
START -9244 -3476 31904 7215 7263 -13310 END
START -11520 -68 32767 8955 4762 -14426 END
START -12504 1280 32767 7613 -1459 -20048 END
START -12972 2280 32767 8591 -1092 -18286 END
START -14200 3816 32428 7564 -4061 -17702 END
START -14220 5044 30332 10127 -8487 -12711 END
START -13896 7052 29076 10133 -15097 -10222 END
START -11852 8000 27200 8762 -15557 -9192 END
START -10136 8476 25068 8261 -17422 -8537 END
START -9184 8488 22976 7653 -18583 -7414 END
START -7216 8696 20500 6579 -19493 -6201 END
START -6068 8808 17844 6953 -19944 -4289 END
START -3828 8924 15840 6338 -19128 -2665 END
START -3156 8840 13236 5522 -20295 -3207 END
START -2292 9092 13832 2696 -17779 -3682 END
START -1096 6432 10216 3202 -18803 -1375 END
START 816 7196 10628 5781 -18170 1566 END
START 1480 6884 11120 1229 -15623 258 END
START 1408 6056 9456 948 -15213 1306 END
START 2464 5992 9620 289 -13724 1650 END
START 2644 5716 9032 -308 -12410 1356 END
START 3304 5128 8516 334 -11037 2139 END
START 4740 4652 8892 -371 -9186 2453 END
START 5180 4016 8880 -315 -7543 2993 END
START 5072 4052 8604 -265 -5616 3509 END
START 5164 3724 8308 -608 -3481 3308 END
START 4992 3208 7356 -910 -1746 2909 END
START 4632 2872 7528 -1197 -903 2479 END
START 4712 2400 7824 -1842 229 2156 END
START 4476 2080 7580 -2092 1506 2229 END
START 4132 1652 7552 -2506 3125 2076 END
START 3864 884 7524 -2889 4537 2036 END
START 3856 564 7620 -2885 5811 2457 END
START 4144 500 7892 -2972 7361 2416 END
START 3816 576 7404 -2909 9501 1905 END
START 3212 328 7080 -2558 11569 1097 END
START 2300 -412 6532 -2185 13250 -488 END
START 2060 -1528 6240 -2043 14361 -2799 END
START 2340 -3204 5772 -2117 15384 -5113 END
START 2404 -4296 6628 -1603 16976 -6347 END
START 2064 -3200 7516 -877 19478 -7274 END
START 1324 -2500 8152 -663 22221 -8498 END
START 368 -4308 9244 -813 24431 -8654 END
START -1032 -5132 9064 1987 23120 -8458 END
START -4572 -2372 13524 4053 21317 -6062 END
START -4552 612 19008 4106 22009 -7810 END
START -6812 1956 22792 7563 18014 -3648 END
START -8136 4608 30120 9743 16940 -558 END
START -13356 6856 31556 13364 17820 -224 END
START -13168 9400 32348 8284 14562 -8607 END
START -15020 8280 32767 7450 9224 -6833 END
START -13912 9876 32760 7616 5823 -6337 END
START -12000 10644 31008 5413 3880 -5416 END
START -11292 11872 28696 6139 2778 -1702 END
START -11132 13008 28440 4567 201 57 END
START -8912 13248 27080 1148 -1404 494 END
START -8760 12248 26452 -3090 -2277 279 END
START -7320 9692 24056 -3787 -4560 2132 END
START -7384 8716 24112 -3874 -4591 2826 END
START -7084 8088 21744 -5328 -4113 2804 END
START -6544 6596 20468 -3847 -2471 4161 END
START -7532 6676 19712 -3071 -4051 5696 END
START -7364 6264 18916 -2613 -4858 6283 END