START 3088 -2072 7232 -1762 12060 1018 END
START 2992 -1792 6624 482 13896 2286 END
START 2456 -1016 6144 973 15442 3046 END
START 1492 384 6640 783 16119 2990 END
START 1012 860 7704 -510 16921 2541 END
START -1712 468 11032 -1785 25000 4461 END
START -1392 1172 10360 -4620 20569 1305 END
START -2032 -1332 8172 -5700 19991 246 END
START -2676 -3408 9588 -5299 20573 -353 END
START -3000 -4940 11752 -4203 21080 -1240 END
START -3216 -5420 13064 -2388 19730 -2483 END
START -2908 -5876 15788 -462 19588 -2953 END
START -6300 -3756 18008 -1815 19518 -5855 END
START -4820 -7112 18520 3465 20013 -3753 END
START -6368 -7400 20676 2898 20344 -2930 END
START -6736 -8212 21492 8429 19098 -1594 END
START -7236 -3504 22568 4763 16230 -9112 END
START -7144 -5672 26952 6531 14911 -11211 END
START -7852 -6988 25996 12792 13530 -10164 END
START -8324 -5260 26972 17255 11826 -9250 END
START -10108 -2000 28340 13237 10850 -14019 END
START -11552 -1044 26508 12734 9110 -15260 END
START -12436 2152 26344 13878 5195 -12259 END
START -12564 5828 26176 13540 2328 -10575 END
START -13192 8532 26636 13252 -3486 -12183 END
START -11968 8776 27664 10561 -2729 -12796 END
START -12932 8708 27080 8372 -4333 -13777 END
START -13648 9868 26204 9494 -6370 -10738 END
START -13560 12100 25176 9232 -8698 -7045 END
START -12728 14164 24528 8835 -10921 -3850 END
START -11684 14864 22568 6582 -12624 -2390 END
START -11016 15552 21492 4391 -14760 -1955 END
START -10660 13760 19672 523 -16408 -1438 END
START -8936 11804 18936 -1497 -17933 -234 END
START -6940 9812 17264 -3123 -18407 1244 END
START -5796 8708 15628 -2122 -17384 4053 END
START -4476 8176 14380 -1555 -18032 4636 END
START -2652 7504 14040 -2517 -18244 3810 END
START -1756 6560 13364 -2976 -18151 2639 END
START 0 5140 11836 -2362 -17082 3882 END
START 992 4524 11040 -1822 -14812 5380 END
START 1188 4028 9940 -2096 -13035 4935 END
START 1668 3216 8576 -1389 -10890 5420 END
START 2360 2272 7936 -877 -9120 6152 END
START 2388 2240 7644 -623 -7555 6613 END
START 2596 1748 7340 -965 -6036 6780 END
START 2928 1192 6628 -1632 -4393 6696 END
START 2688 992 6308 -2295 -3166 5650 END
START 3224 328 5452 -2325 -1521 4738 END
START 3360 208 5084 -1864 8 4038 END
START 3732 -368 5108 -1839 1576 2966 END
START 4044 -984 5020 -1751 4096 2564 END
START 3992 -1188 5148 -1605 6210 2136 END
START 4144 -1640 5360 -1067 8871 1900 END
START 4508 -2288 6536 -711 11540 1507 END
START 4632 -2696 8108 -1028 14286 951 END
START 3972 -3312 8460 -1825 17131 136 END
START 3040 -4184 8808 -1432 19309 -1574 END
START 2020 -5636 9060 -659 21436 -5520 END
START -72 -6896 10272 1914 21934 -10249 END
START -1732 -8264 12276 7090 19722 -13809 END
START -2648 -8196 15484 10505 16177 -14611 END
START -2936 -6536 22692 8157 13507 -17810 END
START -6140 -4348 23776 8460 13916 -14796 END
START -10824 232 25744 9347 12014 -13664 END
START -13500 4596 26752 10655 9538 -11606 END
START -15376 9044 24672 11144 4570 -10310 END
START -15012 11456 26608 10436 5620 -11153 END
START -15640 11796 25888 9603 4649 -9072 END
START -16336 12304 25124 11118 1321 -3821 END
START -12072 12204 21444 6089 494 -3896 END
START -10660 14596 20508 4868 1342 -298 END
START -9676 15848 20648 3596 384 1729 END
START -8836 14648 19360 1112 -759 3086 END