START 3588 -1792 13192 1012 -3607 3173 END
START 2948 -744 13140 -1207 -2327 3103 END
START 2476 -1808 14424 -1238 -1710 4043 END
START 1568 -3068 12828 -2176 -120 3602 END
START 3556 -3360 11948 -2512 1891 3644 END
START 1232 -4316 11328 -1550 877 2339 END
START 2036 -3892 10596 833 1533 1777 END
START 2592 -3316 10860 2144 1970 1825 END
START 3340 -2588 11268 2366 3069 2066 END
START 3580 -2332 11456 1912 4783 2498 END
START 3176 -1960 10824 1970 6328 3227 END
START 2364 -1264 10760 2246 7779 3455 END
START 1700 -752 10164 1139 9067 3275 END
START 1420 -840 10076 737 9564 3780 END
START 952 -508 10052 123 10156 3665 END
START 1016 -680 9892 -918 11639 3026 END
START 1048 -1132 8840 -1100 12963 3178 END
START 988 -1040 8240 -1139 14191 3217 END
START 1412 -1272 7256 -1344 16113 3442 END
START 800 -960 7732 -1695 17151 3102 END
START 724 -880 7920 -3258 17983 2147 END
START 204 -1232 8652 -3393 19230 1997 END
START -288 -1684 9608 -4078 21326 1330 END
START -1288 -2952 9808 -5244 23425 -47 END
START -6140 -4324 12184 -5274 24394 -2082 END
START -4972 -7444 13428 -6599 22385 -4885 END
START -3912 -10124 15584 -6507 19664 -7446 END
START -4616 -10888 18332 -5941 16341 -11076 END
START -4216 -13800 23740 -376 15602 -9277 END
START -6284 -13176 25744 -744 14882 -12605 END
START -7940 -14700 26040 5191 14073 -11780 END
START -10692 -8948 27508 9554 12120 -11734 END
START -6848 -7644 27404 7061 10526 -16662 END
START -11876 -6520 29808 12393 8478 -12022 END
START -12960 -2804 29080 14704 6937 -9901 END
START -13712 608 29636 15327 4131 -8314 END
START -14804 4848 29764 14903 781 -8065 END
START -14004 8080 30456 14757 -5279 -9446 END
START -13676 8896 32767 10708 -5685 -11377 END
START -14700 8700 32436 8088 -8138 -13223 END
START -15056 7912 29396 8570 -11192 -12112 END
START -14036 8492 25696 9443 -14029 -8854 END
START -12148 9760 21720 8673 -16479 -5451 END
START -9524 11272 19168 7324 -17471 -2868 END
START -6644 11988 16988 5584 -18570 -1218 END
START -4472 10452 15528 3098 -18938 -671 END
START -3556 9484 14372 452 -16972 472 END
START -624 6272 13460 -2603 -16393 -1186 END
START -500 4672 11860 -1650 -14424 -548 END
START 1508 3356 10756 -1485 -12302 171 END
START 1124 3684 9552 -709 -10203 1643 END
START 1612 2672 8984 316 -8661 3292 END
START 1352 1864 9348 523 -7952 3387 END
START 1200 1048 9084 356 -6606 2367 END
START 1176 644 8996 551 -4986 953 END
START 1312 248 8488 1310 -3781 33 END
START 1848 220 8656 1850 -2599 -930 END
START 1360 -36 8888 2464 -504 -1004 END
START 1924 -556 8636 2240 -520 -1740 END
START 2456 -732 10156 2837 363 -1410 END
START 2012 -412 11596 3544 1114 -11 END
START 888 696 12816 3214 3334 1162 END
START -88 1168 11668 2524 6151 2197 END
START -204 2156 12956 3351 7399 3098 END
START -1052 2852 13644 3833 6656 2769 END
START -1096 2752 14668 3043 5296 2396 END