START 3828 -1456 8484 -429 -912 3405 END
START 3596 -2432 8356 -314 794 3571 END
START 3308 -2896 7464 -844 2309 3393 END
START 3376 -3848 7428 -755 3667 3640 END
START 3028 -4052 7108 -940 5306 3785 END
START 2912 -4236 6664 -473 6791 3983 END
START 2780 -4356 6764 -25 8473 4182 END
START 2496 -4024 6216 580 10496 4414 END
START 2632 -3756 6068 2254 12865 5711 END
START 1804 -3228 6280 3976 15014 7158 END
START 660 -1868 6936 3962 16801 7202 END
START -208 -1260 6964 3355 18164 6761 END
START -1632 -688 7516 2137 19001 5565 END
START -2572 -724 7452 -60 20150 3752 END
START -3204 -1764 7896 -1393 21005 2089 END
START -2660 -4692 7224 -1624 21719 1212 END
START -3712 -4888 9648 -2021 19750 -963 END
START -3868 -5776 11512 -749 18968 -1515 END
START -4248 -7348 14552 881 17410 -1785 END
START -4484 -8740 16800 1073 16423 -3344 END
START -4156 -10772 19288 976 15664 -6087 END
START -3260 -12804 20920 1932 16763 -9355 END
START -5944 -13036 24356 8726 14021 -11042 END
START -3780 -16680 22928 22252 12253 -8105 END
START -5392 -8036 29808 19801 10915 -10687 END
START -4156 -4432 27756 17436 9969 -23881 END
START -5256 -4448 28512 17610 7985 -21650 END
START -6972 -716 29360 17420 4861 -20226 END
START -6476 2384 30356 18311 2578 -17189 END
START -8228 7696 30832 18110 -6206 -18857 END
START -10012 11164 30580 14110 -140 -17286 END
START -13028 14340 28376 15794 -2029 -16024 END
START -15280 16032 28092 13003 -3201 -15051 END
START -15332 17520 27488 9793 -6485 -11407 END
START -14420 19848 26612 7173 -10530 -6945 END
START -12600 20492 25132 5329 -13819 -4317 END
START -10816 20128 22720 2575 -16340 -3314 END
START -8292 17996 22952 -685 -18843 -3248 END
START -3312 12840 22184 -3748 -18400 -1726 END
START -6036 12844 19800 -5838 -20890 -2286 END
START -1488 9324 17076 -5479 -20546 -680 END
START -2800 9032 16348 -2830 -21023 1581 END
START -148 6832 15912 -3101 -20412 2036 END
START 1192 5092 15504 -3145 -19842 2360 END
START 1476 3636 13972 -1950 -17456 5368 END
START 1644 3596 11952 -691 -17029 5878 END
START 2220 3456 10788 -380 -15456 5001 END
START 3132 3372 9260 -653 -13732 4954 END
START 3288 3324 8624 36 -13660 3851 END
START 3324 3316 8204 -40 -13083 3133 END
START 3720 2724 8040 -702 -11882 2636 END
START 4044 1904 7608 -1468 -10174 2393 END
START 3892 1324 6244 -1084 -7950 2791 END
START 4492 484 5292 -666 -5277 3025 END
START 4856 356 4340 989 -2207 4815 END
START 3788 1268 3604 1942 -324 5607 END
START 4692 1044 2960 1974 1954 6171 END
START 4464 1136 3240 2069 3673 6555 END
START 4400 928 3884 1905 4974 6733 END
START 4472 572 4688 1125 6752 6350 END
START 4432 40 5536 -125 8917 5502 END
START 4184 -468 5512 -1251 11033 4666 END
START 4200 -1380 5696 -2281 13381 3767 END
START 3956 -2424 5548 -2576 15853 2800 END
START 3996 -3380 6848 -1855 17395 1966 END
START 3588 -4008 8452 -429 18725 526 END
START 2824 -4112 10152 221 19744 -2004 END
START 5784 -5124 10428 89 20295 -5211 END
START 1668 -5660 13052 692 22122 -9452 END
START -396 -8092 13840 2436 21986 -13430 END
START -296 -9692 17076 5418 20172 -14857 END
START -5200 -8424 19612 9539 16456 -14818 END
START -3440 -6488 24532 14477 12600 -12730 END
START -5316 536 25424 13956 9112 -14703 END
START -7516 4388 27308 19856 8654 -13878 END
START -10356 11148 29160 13601 4760 -17311 END
START -12552 12180 31168 10508 3694 -18481 END
START -11732 12208 27372 9771 2657 -12713 END
START -10212 14328 27324 9682 692 -8330 END
START -11220 16120 25952 9931 94 -4916 END
START -11372 17492 25568 7994 -1674 -4355 END
START -8916 16924 23464 5367 -3182 -3972 END
START -7332 16060 21128 3813 -4558 -2999 END
START -5364 14648 20036 982 -4480 -2476 END
START -3852 12604 18224 -747 -4014 -1327 END
START -4092 11520 16200 -221 -3704 1497 END
START -2512 10112 14640 -293 -3055 3060 END
START -2452 8972 12296 -1458 -901 4349 END
START -228 9616 12372 -411 253 4919 END
START -1324 8840 12124 -587 407 4990 END