START 1876 -1960 10312 -1556 2209 1139 END
START 1644 -1952 9612 333 3182 2102 END
START 1624 -1532 10164 710 4560 2629 END
START 1356 -1208 9524 529 5627 2724 END
START 1004 -552 9568 194 6513 2541 END
START 628 -44 9284 -586 7912 2313 END
START 492 116 8716 -1178 9261 2149 END
START 228 404 7960 -1561 10346 1882 END
START 164 392 7492 -1641 11360 1722 END
START -576 280 7756 -1970 12324 1092 END
START -1172 -352 8324 -2026 12995 638 END
START -1636 -1344 8984 -1599 13708 641 END
START -1684 -1860 10080 -1655 14996 504 END
START -1908 -2184 11240 -1264 16032 296 END
START -2080 -2536 11976 -811 16001 0 END
START -2240 -1948 12464 -117 16545 -675 END
START -3052 -1636 13864 -11 16793 -1457 END
START -4004 -1484 15404 1345 15964 -1567 END
START -5128 -1552 17376 -867 15874 -3489 END
START -7384 -2440 17900 -3595 14250 -6617 END
START -7276 -3760 20088 1768 13464 -3214 END
START -6172 -3900 20176 1891 13652 -2823 END
START -7056 -2752 21756 2667 12925 -3613 END
START -7660 -3508 24124 4848 11359 -3046 END
START -6080 -4892 27208 8681 12405 1368 END
START -8984 -5016 24720 11047 12294 1672 END
START -9892 -2708 26344 9026 11088 -2318 END
START -11584 28 25092 9027 9533 -4884 END
START -11052 2268 25720 7768 6975 -7766 END
START -9456 1352 26184 4885 5724 -9981 END
START -10252 1180 26512 4585 4410 -9306 END
START -10620 1052 25352 4994 2628 -8716 END
START -11040 1196 24252 4015 1017 -8374 END
START -11480 2240 23452 4341 -1557 -7535 END
START -11080 3356 22356 3877 -3486 -7339 END
START -10648 4816 21492 3104 -5941 -8013 END
START -9908 5876 22536 2080 -7543 -8560 END
START -9468 5732 22436 -71 -7252 -10107 END
START -8876 4332 21504 -314 -7340 -9543 END
START -9232 3584 21124 945 -7985 -7419 END
START -8720 3112 20920 1805 -8113 -5539 END
START -8640 3912 20508 3071 -8783 -3602 END
START -8240 5328 19676 4247 -9366 -2329 END
START -7856 6580 18912 4076 -10562 -2669 END
START -7768 7300 19016 2490 -12282 -3757 END
START -7104 6888 18612 124 -13447 -5183 END
START -7000 5324 18152 -652 -15247 -6433 END
START -4384 3820 17324 -1236 -15495 -4865 END
START -3496 3196 16556 564 -14700 -2822 END
START -2872 3496 16300 2023 -14449 -1885 END
START -2336 3476 15076 2688 -13509 -1168 END
START -1920 3504 15368 3262 -13608 -194 END
START -2032 3304 14652 1943 -13016 -485 END
START -1832 2924 13204 1810 -12515 -568 END
START -1368 2956 11956 2562 -12062 -435 END
START -1180 3496 10820 2792 -10888 -754 END
START -676 3532 10232 3118 -10934 -898 END
START 300 3112 10556 1928 -10364 -1476 END
START 1024 2464 9788 1664 -9284 -1080 END
START 1392 2144 8848 1873 -7574 -582 END
START 1524 2028 7904 2179 -5733 -231 END
START 1916 2172 6700 2927 -3983 397 END
START 2164 2712 6612 3525 -2296 861 END
START 2616 2600 6736 3021 -1070 928 END
START 4668 1720 6784 2391 810 1386 END
START 3336 1928 7092 2021 2417 793 END
START 3388 1980 6868 1351 3790 -218 END
START 3804 1656 6360 968 5526 -702 END
START 4176 1716 6420 773 7497 -801 END
START 4112 1804 6920 452 9430 -1023 END
START 3812 1620 7444 -273 11594 -1560 END
START 3064 1088 8216 -1296 13611 -2221 END
START 2204 620 8580 -1733 15693 -2844 END
START 1388 232 9768 -1587 17520 -3203 END
START -104 -104 10152 -1630 19324 -3329 END
START -2564 752 12040 -244 21247 -3321 END
START -3216 912 13752 60 18839 -3878 END
START -6656 1832 18220 2044 18569 -1495 END
START -9628 2924 21312 216 16225 -2970 END
START -11100 2884 25024 -950 14145 -811 END
START -12380 5368 24680 -3512 11124 -558 END
START -13476 4232 27668 264 10355 1863 END
START -12824 5776 27264 2380 7290 2830 END
START -12116 6600 27620 643 5238 328 END
START -10968 7176 28324 1071 2235 -424 END
START -9756 6612 28008 141 945 -1026 END
START -8940 5440 26700 312 -335 -52 END
START -8288 5280 25504 276 -1593 889 END
START -7568 5100 24380 -437 -2286 901 END
START -6680 4748 22988 -689 -3039 934 END
START -6060 4736 21508 -1188 -3873 994 END
START -5316 4504 20296 -1554 -4384 942 END
START -4844 4092 19028 -1900 -4456 745 END
START -4284 3468 17708 -1733 -3909 1218 END
START -3180 4160 16828 -2161 -3130 600 END
START -3644 4692 16784 -1371 -2622 1889 END
START -3856 3348 17160 -1787 -2376 568 END