START 1660 -1608 11848 8 5719 2811 END
START 4712 -76 12828 1270 10817 4744 END
START 1800 288 13188 -218 8114 2013 END
START 972 -332 11696 -883 8622 1302 END
START 1084 -300 12424 -1414 8706 1411 END
START 744 -284 12748 -2348 9752 1006 END
START 212 -324 12924 -3148 10451 407 END
START 24 -564 12980 -3453 11061 304 END
START -80 -900 12872 -3282 12089 388 END
START -624 -768 12964 -2994 12918 249 END
START -1768 -516 13536 -2779 14472 -235 END
START -1616 -180 13188 -3100 14896 -843 END
START -2320 -488 14092 -2571 15294 -421 END
START -3100 44 15456 -3916 16037 -731 END
START -3984 -76 15240 -4036 15913 -766 END
START -5660 220 14844 -4318 14118 -1105 END
START -4900 -1684 15208 -2291 14575 426 END
START -4316 -860 16708 -2212 14494 730 END
START -5552 -172 17740 -2332 13913 -1043 END
START -4384 -1100 18068 -3706 13773 -2170 END
START -5744 -1532 18848 -3227 13387 -1135 END
START -7400 -1896 19108 -3628 12574 -1841 END
START -6736 -4392 19628 -1013 12582 335 END
START -8240 -2552 20104 1484 11130 1351 END
START -10532 -1176 23608 226 8814 -2978 END
START -8000 -2208 23076 469 8637 -4394 END
START -7936 -2820 22552 4034 8584 -1886 END
START -9284 -1552 23444 3835 6993 -3457 END
START -9888 -1524 23152 1293 5528 -7431 END
START -11336 -2628 22180 675 3742 -9335 END
START -9652 -4064 21244 2604 2895 -7620 END
START -9204 -3372 21416 4776 1330 -6440 END
START -8324 -2304 22608 5003 -142 -6721 END
START -7804 -1348 23088 5000 -900 -6983 END
START -8060 -628 23460 4764 -1854 -7333 END
START -8820 -388 23636 3777 -2626 -8556 END
START -9504 -132 22708 3971 -3522 -8964 END
START -9232 660 21852 4564 -5081 -8833 END
START -9228 1368 21496 4724 -6143 -8791 END
START -8736 2188 21240 5257 -7520 -7951 END
START -8480 3172 21348 4926 -8409 -7385 END
START -8220 3972 20396 4894 -9163 -6218 END
START -7996 4500 20404 4979 -9988 -5192 END
START -7376 4688 19432 4328 -10414 -4500 END
START -6828 4948 19612 3424 -11671 -4422 END
START -5976 4812 19024 2263 -12139 -4277 END
START -5016 4800 18348 2250 -12843 -3625 END
START -4124 5448 15880 1811 -13600 -3741 END
START -2556 3716 16708 964 -13477 -3948 END
START -2652 3096 16332 2574 -13490 -2463 END
START -2200 3204 16336 2555 -13462 -2018 END
START -1340 2852 15560 2470 -13143 -1454 END
START -1000 3036 15140 2810 -12604 -1087 END
START -304 3052 14480 2800 -11816 -1430 END
START -228 3128 13896 2788 -11012 -1596 END
START -28 2820 13556 3003 -10161 -1218 END
START 72 2728 13668 2749 -9221 -849 END
START -396 2580 12900 2472 -8167 -472 END
START -684 2160 12060 2505 -7273 -91 END
START -960 2352 10920 3027 -6431 677 END
START -892 2572 9992 3029 -5491 999 END
START -568 2668 9032 2793 -5063 1151 END
START 200 2072 8648 2149 -4811 1054 END
START 1008 1700 8176 1332 -4189 1021 END
START 1544 1440 7964 1036 -3469 1045 END
START 2124 1276 8156 767 -2334 1016 END
START 2292 1164 7996 385 -728 665 END
START 4344 256 8020 852 1724 1636 END
START 2792 824 7792 661 3224 626 END
START 3004 380 7032 641 5490 134 END
START 3164 384 6776 843 7597 -4 END
START 3320 324 6152 909 9718 -293 END
START 2904 596 5232 1353 11855 -447 END
START 3036 1280 5368 1662 13813 -548 END
START 3000 2512 6752 1453 15575 -730 END
START 3200 3472 9448 187 17430 -1435 END
START 2968 3352 11368 -1276 19463 -3030 END
START 424 2216 12696 -3997 22612 -5596 END
START -4412 -316 13292 -5684 22187 -8290 END
START -5068 -2704 17444 -6823 21886 -7165 END
START -7908 -988 19196 -3024 19026 -2517 END
START -11784 180 23468 5188 13833 4244 END
START -14448 5600 26924 5945 10838 6058 END
START -14488 6644 26756 -1306 6988 -479 END
START -13560 5200 28540 -172 3086 -3547 END
START -11624 3140 28216 -1494 1681 -5103 END
START -7320 3084 25936 773 -3392 -2377 END
START -6468 2740 25476 3282 302 1841 END
START -7128 3856 25200 5008 331 3834 END
START -6700 5280 24888 5502 713 5201 END
START -6004 5964 23996 5071 150 6417 END
START -6432 6824 23160 2730 613 5932 END
START -7096 7348 20504 1514 2012 5491 END
START -6464 6304 20556 1125 515 5279 END
START -6912 5792 20472 -1338 -1258 3055 END