START 3176 740 17324 -1706 -222 212 END
START 2692 -972 16396 -1395 954 -294 END
START 2012 -2416 15068 -220 1455 1587 END
START 1360 -2320 14264 1324 649 4470 END
START 768 -736 14760 2891 -452 6673 END
START 492 1160 16068 3226 -1121 7319 END
START 736 2640 16532 2468 -409 5979 END
START 292 3400 16956 378 100 3188 END
START 1296 2916 16480 -369 1117 981 END
START 1980 2236 15936 -910 3140 -1052 END
START 2840 1504 15344 -757 5419 -2178 END
START 2912 928 15108 -786 7577 -3166 END
START 3240 1044 15448 -643 9411 -3606 END
START 3604 960 15844 -631 11267 -4036 END
START 3900 1368 16600 -1212 13184 -4608 END
START 3468 928 17268 -3147 16522 -6334 END
START 4520 288 16356 -5934 21336 -6719 END
START 2620 -632 15736 -5916 21924 -6155 END
START 936 -1076 15512 -6131 24190 -5051 END
START 1128 -188 15284 -5223 29049 -6657 END
START 1264 -348 12888 -4426 32767 -9995 END
START -5368 -2044 11632 -10672 32767 -17858 END
START 500 -3700 15848 -13884 32767 -18837 END
START -2788 -7768 12940 -16354 32767 -20849 END
START -7076 -9340 8144 -14651 32767 -19876 END
START -10308 -10616 6220 -6093 32767 -13001 END
START -14248 -7412 8160 2123 32767 -6074 END
START -16632 -2940 11796 3657 24247 -7158 END
START -16728 -2428 13212 5072 18934 -11644 END
START -15900 -3828 13880 6230 17685 -17833 END
START -18648 -4836 14528 10263 14803 -22153 END
START -18460 -5820 13864 12367 6282 -23923 END
START -18456 -4860 14452 16602 -2055 -22542 END
START -17292 -3212 15484 20331 -7187 -20564 END
START -15912 -1592 16856 21523 -9987 -19199 END
START -14400 -2080 16016 21189 -13161 -17615 END
START -14832 -1784 16604 19791 -16189 -14721 END
START -13908 -2036 16468 19122 -18421 -10634 END
START -13632 -1768 16452 21112 -19383 -5036 END
START -12884 -12 16544 23158 -21074 1261 END
START -12260 2052 16704 22674 -21947 5405 END
START -11128 3132 16444 19263 -22732 7686 END
START -10540 3640 15540 16613 -25334 10734 END
START -9108 1672 14076 13737 -28895 13926 END
START -7876 776 12448 15343 -32768 17521 END
START -7676 2808 12308 18299 -32768 21568 END
START -4156 5232 12140 21820 -32768 25058 END
START -4048 9480 19520 12614 -26591 18890 END
START 280 11228 18728 9710 -21031 11794 END
START 676 9040 15544 1450 -19421 6658 END
START 3032 6868 16488 -484 -16162 3615 END
START 3116 5260 13724 -1071 -12342 2903 END
START 3056 4184 12340 -803 -9514 4194 END
START 2656 3484 10980 2044 -6120 8538 END
START 948 5592 9932 3964 -9254 9590 END
START 3000 5812 12708 2546 -10221 7817 END
START 3488 6124 14236 -879 -9002 4866 END
START 4024 5352 12948 -2219 -7687 3265 END
START 4652 4012 12816 -4478 -3539 216 END
START 4372 3324 11272 -3618 -663 -904 END
START 4760 3000 10948 -1345 2262 -1824 END
START 4876 3676 11236 747 4961 -1971 END
START 5096 4480 11284 720 7354 -2244 END
START 5380 4616 12036 654 9350 -2440 END
START 5160 5236 12376 324 11149 -3198 END
START 5456 6660 14484 -381 13561 -4410 END
START 6184 7820 16664 476 17477 -6500 END
START 6696 8196 14996 -1010 25882 -12104 END
START 2300 6228 12296 -11354 30083 -20398 END
START 7836 1952 15892 -15541 32767 -24475 END
START 2688 -372 10152 -19451 32767 -32768 END
START -7576 -5760 11464 -23026 32767 -32768 END
START -10652 -11640 7364 -11250 32767 -23240 END
START -23528 -4760 7516 455 31935 -514 END
START -28124 1028 6520 8675 -2223 17489 END
START -24512 4348 13912 3940 -22675 17583 END
START -19828 5320 13228 10462 -32768 20760 END
START -12108 7256 22696 9021 -32768 10923 END
START -5528 10016 28248 -7762 -6819 -13044 END
START -4704 792 12916 -8039 -7222 -15520 END
START -7560 628 19000 -5089 -6024 -4789 END