START 1900 -1732 7596 -2779 3627 5303 END
START 1616 -2200 7676 -2381 4811 6067 END
START 1596 -2164 7480 -2230 6126 6758 END
START 1496 -2348 7592 -2559 7786 6842 END
START 876 -2564 8068 -2835 9381 6471 END
START 400 -2228 8992 -3220 10651 5009 END
START 280 -2920 9540 -3080 11677 3334 END
START 180 -3684 10356 -3613 13156 1392 END
START -72 -4620 10864 -3815 14496 -434 END
START -396 -6152 10688 -3167 15039 -1486 END
START -1252 -6824 11472 -2826 14997 -2707 END
START 16 -7264 13504 -1528 18256 -2233 END
START -2824 -8708 14480 -1374 14698 -5410 END
START -2740 -9760 15340 -7 13947 -6172 END
START -3300 -8436 17564 1720 13505 -6913 END
START -2588 -9716 18916 4256 14381 -6781 END
START -3124 -7796 22348 6880 15431 -5131 END
START -5872 -5596 21248 7170 16083 -7008 END
START -5344 -6088 22604 9329 15223 -5772 END
START -6700 -2616 22940 9549 12801 -6934 END
START -5132 -252 25468 8104 10040 -8905 END
START -5836 908 27860 7061 7981 -9081 END
START -6876 2880 28196 7846 6524 -9063 END
START -8068 4484 29568 6163 5312 -10143 END
START -9564 5796 30204 5492 3825 -10632 END
START -8704 6296 30260 5151 975 -10160 END
START -9692 7652 31336 5613 -1305 -9145 END
START -10272 8544 31720 5246 -3539 -8403 END
START -10504 8548 30296 3226 -5238 -8285 END
START -10012 8408 28700 2826 -7890 -7375 END
START -9316 8268 26848 3008 -10642 -5968 END
START -8356 8704 26252 1399 -12979 -6266 END
START -6648 7476 23852 1418 -14436 -5867 END
START -5196 7012 22768 1047 -15816 -5750 END
START -3928 7252 19968 466 -16431 -4804 END
START -3288 5608 19248 -300 -15580 -5054 END
START -3076 5004 16388 2436 -15363 -2964 END
START -2488 5084 15376 2262 -15310 -2009 END
START -1192 4472 13996 2939 -15168 -700 END
START -664 4724 12656 2593 -14725 -469 END
START 416 4904 11460 1834 -14147 -1192 END
START -668 4544 11040 1853 -13108 -1234 END
START 1896 4340 9596 1342 -11737 -863 END
START 1628 4408 9672 76 -10748 -1572 END
START 1580 3484 8916 -582 -10024 -1584 END
START 3000 2536 8068 22 -9059 -370 END
START 2232 2888 8100 278 -7556 454 END
START 1964 3132 7880 606 -6003 1213 END
START 2092 3120 7336 661 -4772 1838 END
START 2164 3292 7388 242 -4076 1738 END
START 2156 2820 7476 -511 -3383 1042 END
START 2480 2100 7316 -1089 -2526 79 END
START 2548 1060 6720 -1360 -1302 -525 END
START 2728 640 6252 -941 173 -546 END
START 3108 456 5804 184 1621 -13 END
START 3016 480 5828 827 3096 778 END
START 3296 592 6148 1227 4836 1273 END
START 3080 812 5896 1295 6775 1617 END
START 2784 1064 5480 1196 8800 1684 END
START 2384 1180 4692 916 10814 1223 END
START 2296 836 3976 517 12551 262 END
START 2656 -52 3680 355 14148 -1036 END
START 2372 -636 3872 509 15843 -2719 END
START 2300 -912 5508 1323 17121 -4313 END
START 1488 -924 7596 1177 19356 -5884 END
START 248 -812 8900 1793 20854 -6368 END
START -1224 536 11408 3389 21234 -5855 END
START -1548 1452 16100 4802 21813 -4085 END
START -5316 4492 21964 4427 20582 -3766 END
START -5760 5100 27752 6195 18121 -661 END
START -9956 6764 29896 4893 18140 29 END
START -11248 8252 29308 1950 14254 -2588 END
START -16812 6688 32767 7319 12734 282 END
START -15468 11504 32767 8617 7919 3869 END
START -15420 9036 32767 7938 6199 6261 END
START -9800 13112 32767 7348 3336 4058 END
START -10136 12712 31668 99 2521 -133 END
START -8512 10832 28716 54 197 710 END