START 3268 -1740 12288 -1153 2270 2780 END
START 1588 -1772 13840 -431 6339 3480 END
START 808 -2396 10988 1 5901 3499 END
START 1664 -2304 12188 183 6586 4390 END
START 900 -1936 12196 5 8393 4720 END
START 316 -1912 11488 -309 8928 5086 END
START -244 -1112 12040 -986 10762 5221 END
START -712 -1308 11040 -2359 11583 4936 END
START -720 -392 11524 -3939 13356 4338 END
START -216 -1060 10676 -5151 14948 3596 END
START -904 -1172 11128 -4503 17393 3059 END
START -1384 -1664 10600 -4231 19863 1012 END
START -1752 -2284 10564 -2477 21637 -1132 END
START -2204 -2748 12172 -2048 24086 -4481 END
START -2544 -3980 13000 -3482 25600 -9364 END
START -2948 -5000 13024 -4879 28603 -10211 END
START -4324 -6456 11644 -6062 32767 -8714 END
START -6312 -7104 11848 -4107 32755 -4558 END
START -7780 -7448 13016 -2265 31577 -1046 END
START -9944 -6500 14596 2608 29872 2018 END
START -12232 -4760 16304 5049 26253 1058 END
START -14564 -4172 16696 6800 25822 1042 END
START -15708 -4372 19508 9038 23347 -1394 END
START -18020 -3064 19904 6368 20238 -7082 END
START -20024 -2972 19308 7721 13989 -9022 END
START -17216 -2596 19244 10801 8374 -8158 END
START -21340 2684 21284 15184 311 -8217 END
START -19812 3268 19816 5997 -8833 -16804 END
START -15616 788 20544 7361 -6296 -15310 END
START -16960 -180 20616 5556 -8778 -16292 END
START -15812 248 22136 6878 -11745 -13361 END
START -17848 2620 22140 6502 -15339 -12104 END
START -15768 2768 22060 8141 -17293 -10578 END
START -15064 3640 21236 7992 -18645 -11983 END
START -12832 3984 19744 6237 -21866 -13067 END
START -12412 2996 19332 5567 -24680 -13755 END
START -10284 1856 17960 6236 -26677 -11737 END
START -7556 1348 17456 6802 -26632 -8672 END
START -5848 1348 16612 7669 -25279 -5699 END
START -4836 1704 16272 8425 -24338 -2756 END
START -4428 2096 15668 7949 -23319 -991 END
START -3708 2512 14440 7957 -21882 -243 END
START -3504 3716 11980 7094 -20484 1568 END
START -2708 4156 11916 6942 -18697 2920 END
START -2580 4888 11604 6687 -18887 2522 END
START -1200 4720 12772 4893 -15695 2592 END
START -368 3868 11284 1234 -14509 1891 END
START 432 2932 10012 2133 -13505 2415 END
START 1440 3348 10800 2546 -12495 2459 END
START 2172 3860 10036 2339 -10261 2780 END
START 2632 4440 10252 3086 -8570 3052 END
START 3144 4148 10596 1706 -6786 1802 END
START 3748 3512 10216 231 -4509 547 END
START 4068 3136 10112 41 -2640 282 END
START 4204 3228 10240 114 -642 241 END
START 4460 3564 10572 25 2435 -324 END
START 4648 3832 10736 -235 6028 -1098 END
START 4760 3916 10508 -448 8991 -1353 END
START 4884 4552 11500 -133 12070 -1719 END
START 5432 5168 12992 29 15779 -3172 END
START 5732 5620 13996 267 21350 -5923 END
START 3556 3468 10040 -6006 29372 -8739 END
START 3648 3116 18344 -10606 32767 -14435 END
START 6448 -2792 14352 -16961 32767 -15724 END
START -4112 -7688 12636 -11434 32767 -14868 END
START -13072 -9492 10220 -6061 32767 -8487 END
START -21116 -5484 10540 7727 32767 9662 END
START -24740 2872 11028 9156 15362 20659 END
START -27724 6332 13596 3446 -14000 16635 END
START -21020 6928 17936 2552 -32768 13877 END
START -12140 3988 17920 4835 -32768 2674 END
START -13840 5472 30784 -21942 -10461 -15311 END
START -7876 56 26364 -7706 -12320 -14190 END
START -3836 -2840 22172 -6415 -8492 -10198 END
START -1292 -2184 19960 2374 -5745 1564 END
START -3264 -564 20960 7669 357 9603 END
START -5840 2772 21232 7386 1984 12660 END
START -5764 4652 18604 5999 2218 13095 END