START 200 736 10732 -1068 7663 1377 END
START 2004 -1000 12048 -2102 9650 1238 END
START 1720 -1360 11992 -3075 11037 1462 END
START 1416 -1636 11612 -4005 14291 1569 END
START 868 -1820 10468 -3787 14422 1236 END
START 232 -1644 11540 -3984 16697 1113 END
START -852 -1404 11140 -3157 18014 1047 END
START -772 -1396 10728 -2907 20005 757 END
START -900 -1380 11076 -4010 22533 -110 END
START -2168 -2024 10260 -5017 24459 -1555 END
START -1508 -2252 11224 -9049 27576 -1935 END
START -3088 -2372 12224 -13737 28254 -3782 END
START -2804 -4300 12728 -13555 30462 -3555 END
START -4484 -6076 12720 -15357 32767 -4214 END
START -5672 -7844 12804 -15025 32767 -4608 END
START -8404 -9016 12748 -10021 32767 -3759 END
START -9124 -8460 14340 -4677 32336 -4874 END
START -12608 -5380 15816 -4010 29568 -7190 END
START -15592 -6324 18576 -1715 27412 -11596 END
START -13740 -7332 19692 -4118 25937 -19756 END
START -15044 -9832 16952 4351 21101 -18214 END
START -22232 -6492 18612 14834 10730 -16005 END
START -21488 -3420 21380 12025 2063 -23857 END
START -19160 -3040 21668 14413 -3479 -24206 END
START -17704 -3780 23380 14069 -5637 -23708 END
START -17788 -3828 21136 14333 -11112 -21680 END
START -16984 -2632 21164 15295 -16363 -16893 END
START -14828 -1696 20584 17676 -19967 -11694 END
START -15252 20 20740 18116 -18860 -6985 END
START -14036 244 19120 19006 -21596 -2354 END
START -13200 1448 19168 19949 -23534 3331 END
START -11892 3124 18760 19330 -25883 7121 END
START -10776 4196 18448 18269 -26608 8770 END
START -8364 5456 19052 16152 -23985 7186 END
START -6736 5808 15936 13445 -22883 5137 END
START -5580 5768 14240 11442 -23681 3992 END
START -3600 4220 13972 8604 -24691 2927 END
START -1520 3048 13940 7173 -24698 3253 END
START -60 2752 13696 5827 -22992 4035 END
START 308 2200 13284 4723 -18348 6331 END
START 912 2532 10740 4981 -14679 8571 END
START 812 3324 10632 5833 -14617 7900 END
START 1152 4240 11020 6829 -12971 7981 END
START 1932 3632 11804 3249 -10913 5332 END
START 1648 2868 10800 1693 -9117 4344 END
START 1796 2484 10464 660 -7038 4111 END
START 2684 2564 9076 749 -7721 3701 END
START 3684 2784 9672 208 -5416 3111 END
START 3572 2692 9084 -911 -2677 2190 END
START 3872 2776 8348 -351 -833 2405 END
START 4132 2664 9076 -519 1618 2205 END
START 4144 2280 9192 -1474 4543 1149 END
START 3908 2348 9748 -1581 7261 414 END
START 4012 2872 10500 -1542 10362 -436 END
START 3876 3092 10832 -1921 14189 -1661 END
START 3936 2732 10972 -2505 18671 -3346 END
START 3412 2484 9804 -2683 24163 -5041 END
START 1668 1228 8068 -5672 30927 -6136 END
START 1160 2024 10480 -9837 32767 -11444 END
START 948 -1276 8772 -14434 32767 -11850 END
START -6764 -812 9696 -14134 32767 -14059 END
START -8016 -5616 9856 -14300 32767 -12835 END
START -13528 -6248 11732 -7688 32767 -5255 END
START -16044 -6968 13232 673 24076 6813 END
START -21584 -3016 16520 2763 7962 12116 END
START -20556 -1316 21164 3556 -4357 13999 END
START -22520 -52 25752 2722 -14056 11004 END
START -16352 -240 24684 9471 -9742 5891 END
START -17148 1288 24700 -2807 -1521 -4434 END
START -13344 -1564 24256 2126 -5529 -2983 END
START -13640 -2620 22116 4993 -12357 742 END