START 740 2240 15324 -1867 3864 7169 END
START 456 2248 14212 -3061 3457 6866 END
START 36 2868 13996 -5084 4248 4044 END
START 720 2364 14148 -5726 4090 119 END
START 3056 300 14148 -5047 4878 -1957 END
START 4080 -924 15224 -4097 7279 -2041 END
START 3588 -2088 15428 -3570 10264 -1596 END
START 2272 -2584 14480 -3245 12765 -892 END
START 1136 -3100 13608 -3514 14558 -124 END
START -920 -3708 13156 -2612 15800 1797 END
START -568 -3812 13508 -2799 16094 4111 END
START -312 -2988 14064 -3570 16459 6233 END
START -940 -1380 13940 -4632 18842 7186 END
START -1488 -1644 13124 -6789 22251 3974 END
START -3740 -1800 11492 -112 19423 2849 END
START -3820 -1288 13256 1312 19518 -2213 END
START -3688 -2228 12580 1079 20000 -7719 END
START -4840 -3832 12308 1416 18619 -9845 END
START -4636 -4212 13988 -1209 17611 -10823 END
START -5712 -6392 12752 -2343 16263 -8378 END
START -7196 -7376 13968 -27 13792 -3128 END
START -8056 -6148 13852 2175 10866 491 END
START -8448 -5220 14600 6066 8718 3411 END
START -8328 -3572 17480 9127 6909 2821 END
START -8760 -2052 18360 6931 7170 -2355 END
START -8944 -1336 18940 6605 4639 -8100 END
START -7804 -1000 20772 4618 2302 -14563 END
START -6304 -1292 20884 3795 4556 -16979 END
START -5928 -2392 20560 5475 5300 -18318 END
START -7416 -2888 20980 6361 5525 -18511 END
START -6876 -3720 22136 5907 5201 -18134 END
START -5552 -3588 22692 6208 3228 -15090 END
START -8384 -952 22944 9039 -263 -10099 END
START -8384 680 23940 11113 -71 -4259 END
START -11352 4272 24476 12264 -3265 -2090 END
START -12628 6800 25408 12670 -4282 -2578 END
START -13096 7568 25480 9405 -7700 -7070 END
START -14320 7772 26848 4174 -11115 -13282 END
START -12652 4884 24356 2411 -12151 -14711 END
START -11316 2968 22076 4568 -15787 -11405 END
START -10440 3200 20504 8998 -18742 -5394 END
START -9148 4928 19444 11849 -20234 274 END
START -7532 6084 18680 11294 -22348 1860 END
START -6384 6856 18096 11313 -22545 3639 END
START -4484 7528 17248 8081 -23152 1835 END
START -3928 6524 16492 4181 -20767 398 END
START -1912 5460 14132 2821 -20509 488 END
START -564 4536 12656 4585 -20233 2719 END
START 792 5096 11352 5670 -19480 6350 END
START 2004 5484 11840 4587 -19426 6384 END
START 2820 5416 11640 2674 -17970 6029 END
START 3724 5620 11396 1883 -16653 5591 END
START 3880 5456 11492 1104 -15596 4169 END
START 4432 4944 10892 331 -13012 3479 END
START 5112 4356 10508 306 -10268 2631 END
START 5192 4144 10236 1012 -7721 1986 END
START 5240 4080 9608 1547 -5156 2209 END
START 5104 4056 8820 1761 -2314 2321 END
START 4888 4060 8492 1814 50 2005 END
START 4684 4420 8312 1473 1884 1639 END
START 4400 4704 8080 697 3755 1012 END
START 4176 4332 7652 -667 5629 258 END
START 3892 3936 7500 -1765 7021 98 END
START 3980 3268 7776 -2428 8208 753 END
START 4164 2900 8588 -3496 9462 1398 END
START 3908 2388 9160 -4670 11041 1424 END
START 2808 2076 9248 -4868 12848 1212 END
START 2028 2028 10456 -3955 13938 -257 END
START 1872 1608 10980 -2185 14524 -2601 END
START 2204 1416 12248 -661 15174 -5039 END
START 1960 1808 13632 100 17297 -7131 END
START 2528 1812 14888 -493 19043 -8763 END
START 432 1696 15328 -2006 21036 -9987 END
START 628 48 15188 -6069 22667 -12015 END
START -1068 -1020 15716 -5192 23533 -10101 END
START -4828 1668 16128 -5638 26331 -7921 END
START -5180 -736 17044 -2089 26689 -5108 END
START -9048 -728 17592 3357 23276 -3273 END
START -11268 -432 19940 6291 17671 -1481 END
START -13992 2836 23352 6485 10045 2343 END
START -12112 5860 23880 4601 3501 5689 END
START -10868 9796 27004 1782 488 7111 END
START -14124 8692 28576 181 -312 3768 END
START -9132 6632 27080 -3619 -513 780 END