START 3472 -3148 6824 301 3495 2786 END
START 2964 -2892 6352 1001 5311 3676 END
START 2792 -2448 6568 642 7243 3618 END
START 2888 -2520 5728 444 9052 3760 END
START 2736 -2336 6108 812 10800 3851 END
START 2748 -2164 6052 1464 12753 3706 END
START 2832 -1616 6036 2025 15109 3238 END
START 2648 -1444 5804 2727 17878 2907 END
START 2380 -852 5816 3112 20501 2333 END
START 1744 -972 5816 3213 22202 2120 END
START 968 -1116 6880 2842 23307 1914 END
START 160 -824 7736 1430 26935 1569 END
START -2452 -1840 7024 309 26262 -136 END
START -2500 -2940 7936 -1672 25925 -1543 END
START -4032 -3328 8912 -285 25831 -2207 END
START -5220 -2772 12412 1825 24582 -2816 END
START -6296 -2464 14136 1115 20958 -6595 END
START -6324 -4832 16044 4217 18557 -8968 END
START -6132 -5868 20460 3913 18079 -10978 END
START -8816 -7012 21068 600 18106 -17846 END
START -8076 -12884 20780 13227 14707 -10827 END
START -11144 -7784 27296 16906 13739 -10884 END
START -8524 -5732 26676 21254 11217 -15971 END
START -8768 -2560 27844 23351 7412 -14291 END
START -9096 3332 28820 25469 5869 -9779 END
START -10084 7772 29344 24886 1321 -11515 END
START -11120 10584 27480 21376 -3612 -18437 END
START -10288 12124 27808 16744 -2695 -21004 END
START -11080 14584 27708 13693 -2510 -18929 END
START -11844 17296 26044 16519 -3298 -11694 END
START -12388 20920 26452 14840 -5303 -5587 END
START -12768 23712 25484 11774 -6696 -2160 END
START -12616 25024 25160 6454 -9134 -3163 END
START -12028 24200 24208 866 -12705 -4954 END
START -11392 21096 23212 -3963 -15656 -5565 END
START -9840 17672 22500 -6656 -18404 -4128 END
START -8592 14044 21464 -7470 -19947 -2224 END
START -6280 11704 19376 -6310 -20789 713 END
START -7144 11300 17820 -3645 -20672 3732 END
START -5544 11272 16776 -3306 -22380 3227 END
START -3984 9996 16080 -5095 -21617 2738 END
START -1680 7508 13444 -3469 -21226 4642 END
START -1964 6952 13004 -3533 -21345 4869 END
START -364 4600 11212 -2665 -19314 5535 END
START 232 4356 10032 -1808 -17516 6765 END
START 1392 4380 8436 -935 -16344 8143 END
START 1156 4192 7468 -492 -13603 9715 END
START 1384 3712 6624 -1763 -14219 8388 END
START 2284 3884 5684 -2999 -13655 6875 END
START 2596 3376 5012 -4238 -12152 5455 END
START 3148 2664 4448 -4035 -10507 5906 END
START 3568 2284 4056 -4079 -8128 6512 END
START 4244 2280 3556 -3877 -5654 7129 END
START 4256 2080 3520 -3497 -2847 7574 END
START 4516 2136 3428 -3377 136 7663 END
START 4512 1780 3112 -3209 3223 7969 END
START 4392 1696 2968 -2839 6916 7964 END
START 4472 1344 2600 -2931 9629 7493 END
START 4272 740 2704 -2636 12604 7225 END
START 4516 -260 3268 -2537 15335 6966 END
START 4284 -1068 4220 -2949 17910 6453 END
START 3740 -2008 5488 -3237 20007 5461 END
START 188 -2756 7520 -3199 23831 4191 END
START 1532 -3932 7812 -4030 23765 1031 END
START 796 -6332 9680 -3566 22638 -2731 END
START 284 -7776 12360 -3690 22220 -8275 END
START -1592 -10204 14616 -1344 20076 -14687 END
START -2364 -13880 17168 300 18759 -21500 END
START -3120 -13080 18300 5866 14982 -24356 END
START -852 -14560 23500 14518 11796 -23068 END
START -1260 -10012 23008 23283 10597 -17151 END
START -6100 276 28300 19774 14346 -16952 END
START -12912 4868 30420 17767 13862 -18149 END
START -13568 8988 27240 22171 14124 -12227 END
START -17672 15776 25664 21805 11583 -7361 END
START -16656 19472 21116 21562 8789 390 END
START -17264 24252 21240 18210 5100 1670 END
START -16408 24872 20888 8030 45 -4998 END
START -12536 21464 18760 2859 -2646 -6266 END
START -9400 19564 18084 182 -4763 -5085 END
START -6344 16988 17852 -2990 -4378 -5112 END
START -4200 12452 16844 -2308 -4482 -2195 END
START -2204 10816 16284 -862 -2191 1460 END
START -3060 10856 14424 -2371 564 2813 END
START -1048 11332 14748 -588 2339 4260 END
START -1116 10992 14856 935 2054 5162 END
START -1728 10824 15780 -355 1742 3368 END