START 2448 -424 12300 2682 3005 7185 END
START 1908 644 11732 1467 3662 6300 END
START 2120 944 12364 -249 3633 5129 END
START 2732 644 13564 -1905 4553 3799 END
START 3164 312 14772 -3593 6565 2689 END
START 3136 -240 15160 -5310 8991 1329 END
START 3040 -1080 14780 -5903 10881 404 END
START 3288 -1320 15148 -5914 13199 -231 END
START 4900 -784 15692 -5793 16533 -1001 END
START 2804 -968 16276 -6519 20268 -2545 END
START 1760 -2468 15676 -7299 23491 -4688 END
START -376 -4128 13864 -7866 26487 -5255 END
START -3472 -4020 16248 -7062 31177 -4092 END
START -5604 -4368 15696 -4603 31435 -2883 END
START -8472 -2868 15620 -3122 30728 -2821 END
START -8028 -3820 16268 -1060 27302 -6417 END
START -10004 -3184 17168 2221 23730 -7275 END
START -8212 -3940 19984 825 19960 -12543 END
START -9092 -5064 20164 1224 18329 -15644 END
START -7300 -6116 19736 347 17937 -21354 END
START -9704 -6696 18136 3936 18723 -22595 END
START -11772 -4412 18492 9414 16135 -20413 END
START -11528 -1636 19356 11120 14094 -20403 END
START -13836 -392 19372 9581 9214 -24211 END
START -11324 -3984 17740 7773 10474 -26124 END
START -14748 -2000 15096 11577 1908 -21332 END
START -14224 148 15616 14716 -6957 -16664 END
START -12680 400 17076 14423 -13293 -15731 END
START -11024 860 18208 15939 -16891 -15700 END
START -10432 516 19004 15858 -19288 -14805 END
START -10196 532 20504 16147 -23283 -12531 END
START -10416 -1212 17616 17401 -27173 -6581 END
START -8572 -664 16796 21678 -31640 2820 END
START -7200 1436 16096 25432 -32768 11384 END
START -3808 4912 15996 26214 -32768 17375 END
START 1536 10200 23748 23721 -21993 11921 END
START -484 8012 14652 11657 -16570 9610 END
START -2304 6264 14140 4151 -14432 9411 END
START -3820 8216 11572 4494 -17737 9698 END
START -1272 10452 13912 7805 -18867 12553 END
START -1732 10804 17068 4149 -14139 7744 END
START 900 8324 14152 -232 -13429 2071 END
START 2624 6388 13224 999 -11105 1152 END
START 3256 5728 12804 1842 -9688 1011 END
START 4244 5244 12400 1542 -6772 2482 END
START 4064 5180 11428 1300 -4969 3598 END
START 3900 5416 10784 1486 -3579 5339 END
START 3024 6640 10564 607 -1832 6304 END
START 2252 7404 9968 -472 140 5714 END
START 1892 8020 9984 -1983 1579 4006 END
START 1980 7704 10196 -3739 2263 2358 END
START 2152 6856 10596 -5582 3119 912 END
START 2780 6044 11752 -6647 4782 85 END
START 3452 5208 12628 -7962 7396 -537 END
START 3904 4480 13308 -7987 10434 -757 END
START 4104 4192 14104 -7856 13827 -773 END
START 4500 3056 14496 -7676 18448 -1248 END
START 4244 3416 15008 -5195 21604 -1757 END
START 3040 2812 13380 -6667 27097 -2277 END
START 836 4184 18180 -11983 28609 -4017 END
START 4136 924 15528 -12137 32767 -8170 END
START -2516 2364 17192 -11817 32767 -17353 END
START -700 -2236 14256 -5036 32767 -18938 END
START -10024 -1336 13292 -8058 32767 -24876 END
START -13304 -4672 13528 -7196 32767 -20068 END
START -20112 -2660 14428 -3129 17961 -11997 END
START -20348 -1260 13044 844 -3732 613 END
START -19092 2064 18096 3117 -14672 4859 END
START -17212 3340 20256 2031 -14273 2033 END
START -14864 2556 21868 531 -10371 -3692 END
START -9832 -740 18900 -1854 -7200 -8965 END
START -10784 -1420 17524 3098 -7273 -6454 END
START -10400 -588 19200 5425 -8021 915 END
START -9244 256 18508 7035 -8216 6457 END
START -8196 2008 17456 6883 -9528 9241 END
START -8276 3152 17516 5296 -11514 9634 END
START -7508 3608 16252 3564 -12969 10146 END
START -6544 3808 15724 2159 -13965 10022 END
START -3052 3704 15120 553 -14468 10184 END
START -3332 4860 15380 -1064 -10652 9879 END
START -3368 4268 15516 -1210 -8220 11252 END
START -2856 4652 16556 -1502 -6602 10938 END
START -4076 4060 16812 -4815 -3984 8808 END