START 5864 -3492 7608 607 5890 4223 END
START 4944 -2728 7484 1315 8505 5017 END
START 4240 -1776 7260 1290 11457 5129 END
START 3048 -1360 7420 1946 17801 6663 END
START 2000 444 6020 689 18207 5497 END
START 1940 -432 4968 1058 19115 6849 END
START 1380 -20 6532 -341 21579 7295 END
START -444 -24 6800 -3862 21576 6447 END
START -1040 -1012 6668 -4534 22489 7213 END
START -2188 -1268 6728 -5760 23347 6481 END
START -3712 -2052 7448 -6946 23206 3185 END
START -3540 -4004 8304 -5976 22283 323 END
START -3264 -4848 11868 -7068 22394 -3577 END
START -3736 -7244 12336 -5758 21718 -7107 END
START -4920 -9152 13748 -3871 20726 -9011 END
START -5204 -10528 15804 -1159 19509 -10548 END
START -4584 -12704 17708 3186 17679 -10135 END
START -3304 -12412 24320 9246 17741 -4629 END
START -8612 -7556 26736 11036 18537 -5018 END
START -11164 -4704 27172 11546 15739 -10385 END
START -9564 -2348 28624 10854 12161 -13004 END
START -12288 472 32344 15559 9967 -8021 END
START -12324 4212 32767 15454 6566 -9868 END
START -14420 7352 32767 11739 4655 -10280 END
START -15712 9080 32767 10733 1960 -9986 END
START -16844 11412 32767 10217 -2664 -7815 END
START -16932 14440 32767 8942 -7205 -6481 END
START -16564 15540 32767 6217 -10754 -7481 END
START -15020 15276 30700 4315 -14453 -7356 END
START -10952 13576 27224 1127 -19017 -7453 END
START -9900 11736 25708 3 -19398 -5533 END
START -9304 10804 23280 -809 -20034 -4032 END
START -7172 9244 20612 -1766 -20711 -2918 END
START -5596 8428 17948 -1894 -20354 -1610 END
START -4556 7636 15096 -1588 -20499 -329 END
START -2432 6448 14252 -3060 -18572 94 END
START -2176 6100 11416 -3996 -19754 -689 END
START -856 4232 10744 -5366 -18773 -322 END
START 260 1916 9688 -3554 -16534 1174 END
START 792 744 8876 -1980 -14669 2961 END
START 1548 960 8452 -1680 -13821 2298 END
START 1412 1172 7636 -921 -12099 2335 END
START 2160 1148 6740 147 -10351 2671 END
START 2240 1644 7000 148 -9065 2108 END
START 2692 1244 6244 -129 -8016 1480 END
START 3032 416 6300 -163 -6983 1427 END
START 2980 -80 6520 -838 -5951 1160 END
START 3296 -572 5600 -529 -4728 1364 END
START 3212 -416 5496 -56 -3540 1749 END
START 4812 -396 5328 332 -1443 2248 END
START 3096 616 5232 476 40 1455 END
START 2880 716 5436 313 852 403 END
START 3248 304 5840 -31 2188 -202 END
START 3684 -144 6388 164 3826 -306 END
START 4112 -500 6320 572 5944 -97 END
START 4132 -624 6684 790 7851 153 END
START 4296 -608 6428 881 9363 459 END
START 4096 -300 6276 923 10647 749 END
START 3972 -24 5972 976 12157 831 END
START 3572 -8 5872 393 13739 206 END
START 3136 -112 5772 -14 15152 -704 END
START 2312 -632 6180 -204 16140 -2175 END
START 1448 -992 7940 -520 17287 -4058 END
START 1336 -1112 9360 -597 18797 -5352 END
START 1072 -960 10760 647 20382 -5232 END
START 40 -692 12880 2266 22269 -3783 END
START -2668 1608 13728 2934 21991 -4190 END
START -4004 924 16008 3778 21755 -3580 END
START -6652 976 22696 2987 22114 -2563 END
START -5416 -900 27568 2037 22002 -1244 END
START -8176 -3756 30944 24359 25230 17093 END
START -13552 10528 32767 25327 22044 11037 END
START -16684 12556 31448 8989 13455 6056 END
START -15764 13180 32767 2588 10938 -2118 END