START 1952 -460 9844 -2894 -1557 2389 END
START 2100 -796 9284 -1328 87 3364 END
START 2676 -1112 8848 -1748 1841 3781 END
START 2664 -1228 8488 -1937 3589 4170 END
START 2824 -1416 8004 -2118 5548 4666 END
START 2316 -1700 7832 -1935 7307 5512 END
START 1644 -1828 7580 -1827 8961 6293 END
START 1324 -1636 8004 -2139 10649 6349 END
START 564 -1264 8044 -2940 12229 5935 END
START 24 -1168 8112 -3458 13653 5376 END
START -520 -960 8300 -4791 14685 4450 END
START -1244 -828 8496 -7032 15633 3270 END
START -1856 -2272 7824 -8371 17109 3289 END
START -3004 -2356 9556 -9861 18103 2481 END
START -3448 -3732 9160 -11115 18695 1137 END
START -4188 -5204 10908 -9943 18836 406 END
START -4780 -6008 12080 -9030 20464 -1252 END
START -4936 -7296 12752 -7920 22426 -3858 END
START -6192 -8264 13448 -4388 22354 -3701 END
START -7400 -8372 14572 -4330 20288 -6943 END
START -8576 -10976 19144 2371 18990 -2853 END
START -9436 -10536 20104 2702 19331 -2394 END
START -10916 -10252 21504 8094 18483 -465 END
START -12796 -7308 23624 7889 13391 -6494 END
START -13020 -7020 26576 6793 12520 -7690 END
START -12984 -6932 26360 10724 12082 -5043 END
START -14320 -4848 27924 10224 8908 -7907 END
START -16408 -2328 27556 8456 3601 -12388 END
START -13696 -2780 28008 9095 1335 -10847 END
START -14040 248 29144 8688 -3667 -10612 END
START -13940 744 30208 8149 -4670 -9995 END
START -14508 2268 30548 7067 -6020 -9380 END
START -13548 2680 28980 7734 -7890 -8249 END
START -13184 4080 27108 7570 -11242 -7697 END
START -13720 5828 25032 7787 -13085 -7052 END
START -12476 7360 23544 6689 -15350 -7728 END
START -11500 7316 22532 4834 -17872 -8604 END
START -10064 5572 21780 3643 -20379 -9021 END
START -9340 5356 21168 186 -22283 -10296 END
START -6236 3252 17180 3718 -21560 -5657 END
START -5236 3496 16680 7182 -21163 -1419 END
START -3932 4688 14660 7164 -20375 -476 END
START -2440 4860 13124 6653 -20784 -1336 END
START -1124 4332 12916 6598 -20095 -237 END
START -696 5120 11932 4162 -19692 -624 END
START 592 4456 10088 2197 -18841 -797 END
START 1624 3756 9756 2647 -17959 -202 END
START 2224 3904 9244 2341 -15958 585 END
START 2136 4088 8388 1715 -14129 111 END
START 3408 3812 8184 1516 -13882 -87 END
START 4136 3156 8048 1623 -12101 202 END
START 4580 2396 7912 1661 -10130 595 END
START 4964 2124 8348 1912 -8156 798 END
START 5736 1960 8000 2536 -5717 944 END
START 5068 2436 7712 2935 -2276 1091 END
START 5116 2344 7488 2552 105 468 END
START 4884 2332 7216 2455 2420 276 END
START 4680 2548 6664 2255 4734 157 END
START 4752 2568 6892 1748 7002 196 END
START 4648 2164 6896 981 9113 368 END
START 4556 1884 7784 240 10845 744 END
START 4424 1792 8788 -640 12591 755 END
START 4180 1964 9860 -1810 14755 577 END
START 3652 1920 10132 -2319 17221 -147 END
START 3124 1460 10028 -2099 20132 -1146 END
START 3204 816 9496 -2008 22919 -3082 END
START 808 168 11716 -1276 24607 -4988 END
START 1716 -1708 13912 -2499 27198 -7213 END
START -28 -2820 15608 -6661 32078 -9879 END
START -5024 -3096 16664 -3025 27348 -6644 END
START -10056 -1368 19408 -1955 22083 -3981 END
START -13120 -1568 22728 -658 14223 1630 END
START -12956 -1412 25924 -1332 9502 4033 END
START -13568 -120 26472 -4070 7583 4003 END
START -14784 1020 25024 633 4953 2189 END
START -11752 1340 25512 3187 -1413 1122 END
START -10604 2524 27212 1564 -3241 -214 END
START -9176 2556 27768 1136 -3774 -960 END
START -6976 1740 25888 1859 -3805 -98 END
START -5808 1876 23216 2233 -5684 589 END
START -5812 2668 21972 2642 -4530 1939 END
START -5792 3464 21032 2834 -4839 2817 END
START -5596 3468 19548 1419 -5337 2722 END
START -4108 3412 17892 -98 -5655 2341 END
START -4600 3544 16884 -315 -5134 2444 END
START -3468 2584 15348 -231 -4984 2736 END
START -3412 3084 15132 -102 -5188 2149 END
START -2296 2824 14792 -667 -3612 1568 END
START -2192 3368 14372 -586 -1021 1307 END
START -2492 3080 15092 -1197 -386 704 END
START -2900 2888 14824 -2298 -390 -376 END