START 1956 1040 18332 -1591 -952 -115 END
START 1668 536 17560 -1050 -1814 404 END
START 1604 240 17668 -1052 -2224 964 END
START 2016 -4 18052 -1758 -2810 1465 END
START 2216 100 18384 -1591 -2681 1603 END
START 1876 208 17956 -1553 -2263 1251 END
START 1760 140 17392 -537 -2247 1220 END
START 1972 220 16856 376 -1810 1356 END
START 2056 396 16432 1041 -1198 1798 END
START 2176 536 15584 1397 -759 2407 END
START 2160 964 14800 1449 -390 2888 END
START 1760 1172 14168 777 18 2922 END
START 1192 996 12960 -127 314 2538 END
START 2084 456 12596 -238 617 2147 END
START 2100 688 12488 -695 2467 2076 END
START 2308 632 11816 -484 3027 1530 END
START 2568 -44 10848 -84 4063 1720 END
START 2748 -100 10480 -74 5165 1939 END
START 2700 208 10372 68 6177 2277 END
START 2860 108 10036 -391 7133 2564 END
START 2996 -384 9704 -759 8584 3399 END
START 2536 -480 9696 -663 10239 3554 END
START 2152 -900 9964 -1615 12540 3430 END
START 1472 -1232 9716 -1676 13563 3375 END
START 1180 -1920 9932 -907 14940 3863 END
START 560 -2044 10492 -1226 17076 3725 END
START -692 -2492 10544 -1356 18481 3316 END
START -1196 -3340 11072 -796 18544 2974 END
START -2368 -3280 12092 -464 18068 1750 END
START -3272 -3440 12860 -546 17742 -663 END
START -4444 -4420 14740 -712 17455 -3025 END
START -5268 -4716 15508 742 17004 -4251 END
START -5008 -7312 15028 439 18480 -5050 END
START -5176 -8572 18360 8450 17410 -1912 END
START -8408 -6644 17080 5219 20126 -5675 END
START -8772 -6444 17484 6237 18120 -9672 END
START -9292 -5592 17736 7261 14652 -8167 END
START -7496 -5268 21176 9725 12894 -7062 END
START -9388 -3340 22084 10526 12711 -7245 END
START -10372 -1976 23108 10258 9829 -10342 END
START -11356 -1336 24024 10083 7789 -13148 END
START -11716 -280 25152 9873 4385 -14777 END
START -10556 812 26668 9416 1644 -15853 END
START -11148 3408 27724 8326 -768 -16637 END
START -11584 4568 27576 7834 -1431 -15032 END
START -12692 6520 27940 7944 -3832 -14172 END
START -13404 7772 27388 6149 -7812 -15792 END
START -14132 8632 26756 3888 -12304 -16826 END
START -13792 9296 27528 2273 -15053 -16145 END
START -12588 9608 27876 1594 -16466 -14477 END
START -11332 9336 27652 2314 -17201 -12331 END
START -9824 8452 26560 3896 -17252 -9247 END
START -9028 8272 24752 4389 -17404 -7094 END
START -8408 8220 23856 4269 -18416 -5470 END
START -7512 8404 21616 3884 -19041 -3742 END
START -7464 8520 20544 4328 -20120 -2095 END
START -5064 8100 18136 2560 -22000 -258 END
START -5184 8140 17376 -895 -22946 -2525 END
START -2820 5984 13968 -592 -22571 -2512 END
START -1356 6380 12800 994 -22704 -874 END
START 4516 4948 12592 1857 -18493 1212 END
START 700 5688 11188 3389 -16475 2382 END
START 2720 3960 11368 2923 -14839 3907 END
START 2676 3128 10308 1976 -12731 5427 END
START 2676 2312 8960 2213 -10959 7009 END
START 1556 3432 7196 1728 -8820 7917 END
START 2076 3184 5752 -287 -8920 5827 END
START 2488 3320 4624 -1322 -8228 4925 END
START 3116 2988 3940 -1668 -7440 4800 END
START 4064 2428 4300 -2620 -6112 4614 END
START 4936 1708 4856 -3330 -4223 4666 END
START 5156 620 5708 -3624 -1147 5234 END
START 5204 -576 5384 -4126 1765 5272 END
START 4684 -1816 5084 -4635 4193 4923 END
START 4520 -2940 4360 -4040 6592 5439 END
START 4088 -3536 3984 -2884 9105 6490 END
START 3416 -3736 3776 -1428 12186 7514 END
START 2504 -3304 4224 209 15045 8339 END
START 396 -3432 6316 1117 18560 8902 END
START 684 -3136 6996 99 18308 7515 END
START -588 -3872 8424 -761 18770 5381 END
START -2452 -4692 9892 -1878 19078 1617 END
START -3300 -6676 10228 -1802 17762 -2323 END
START -3600 -9216 12820 -1334 16479 -6491 END
START -3852 -11196 15012 8 15081 -11033 END
START -4012 -12340 16224 2762 12590 -14829 END
START -1744 -13488 20976 7113 11385 -15805 END
START -1624 -8500 23532 8653 11017 -14965 END
START 1576 -8400 24956 11597 8886 -13052 END
START -2796 -2740 26192 13238 8816 -9076 END
START -4368 2944 26272 12263 3335 -11715 END
START -2368 5416 29660 15063 8428 -10451 END
START -6404 8424 27308 13581 9583 -12898 END
START -9456 11212 26680 12608 8118 -12793 END
START -10924 11868 25316 10074 7450 -12433 END
START -13672 12976 22268 10592 4755 -7413 END
START -11568 13292 21504 7776 1329 -4384 END
START -10868 14148 21320 5577 -1048 -1664 END
START -9192 13860 20448 3154 -3121 -600 END
START -7144 12224 19736 523 -3818 -1188 END
START -4956 9932 18576 -1164 -4177 -1630 END
START -2828 7948 17512 -1389 -4062 -738 END
START -1176 6188 16096 -865 -2079 391 END
START -864 6480 15356 -326 -360 2018 END
START -128 6168 15836 934 1249 3910 END
START -1668 6020 16188 822 2214 4558 END