START 2488 1604 14272 3384 -2333 5695 END
START 2880 2524 14796 2419 -1155 3815 END
START 3172 2916 14448 538 132 1235 END
START 3676 2256 14436 201 2094 41 END
START 3812 1904 14132 -643 4490 -1023 END
START 3824 772 13668 -665 6313 -975 END
START 3928 388 13212 -932 8387 -237 END
START 3796 260 13264 -918 10501 1338 END
START 5276 952 13952 -373 16062 4713 END
START 1924 1732 13752 -1742 15292 3100 END
START 1336 2124 13944 -2510 17004 3736 END
START 2468 1344 13876 -4880 17439 4398 END
START 1960 1664 15172 -6475 18629 4254 END
START 1652 1448 14796 -9073 21130 2955 END
START 496 1012 13976 -10674 24661 251 END
START -252 -652 11964 -7582 28448 -3859 END
START -1640 -1740 12244 -7349 30705 -11187 END
START 1624 -3876 13636 -10956 32767 -16170 END
START -476 -4584 14704 -14256 32767 -18053 END
START -3128 -8092 12584 -13800 32767 -16014 END
START -4644 -7700 12116 -15143 32767 -16662 END
START -8380 -10024 10140 -8688 32767 -11590 END
START -10832 -8796 11528 -1863 32767 -6752 END
START -12924 -6448 13700 3293 26304 -7172 END
START -14212 -3340 15872 4393 21484 -14031 END
START -15152 -5752 16220 6073 26010 -22246 END
START -13668 -6824 16784 4149 26020 -32768 END
START -20856 -7636 15648 7758 16262 -32467 END
START -19512 -9208 15896 14871 2058 -24930 END
START -18236 -8544 17372 18567 -5025 -21478 END
START -17916 -6468 18400 23314 -7571 -18741 END
START -17872 -3580 18652 26027 -10930 -15387 END
START -16524 -1188 18816 24035 -15847 -13512 END
START -14772 -632 18608 23033 -19517 -11407 END
START -12536 -88 18520 23815 -21141 -6395 END
START -11884 856 18620 23573 -20404 -1962 END
START -12156 352 17264 21737 -21063 1924 END
START -11116 800 15328 21093 -23415 6712 END
START -10264 2492 14924 20260 -28718 11199 END
START -9068 3368 14220 18853 -32768 16371 END
START -6260 3336 14772 16985 -32768 17718 END
START -2768 3648 12976 15922 -32768 17627 END
START -1644 6112 20484 12320 -21372 11704 END
START -412 3892 13616 13307 -21554 10942 END
START 2264 3772 13908 8860 -16276 14532 END
START -1076 6140 14056 5001 -14767 14082 END
START 360 7784 12920 5338 -17481 15880 END
START 1132 8908 15112 1895 -15281 13296 END
START 1444 6940 12512 -2598 -12668 6991 END
START 2940 5200 12044 -2576 -10860 2715 END
START 4596 4388 11920 -976 -10216 1074 END
START 5444 4220 12308 930 -8472 963 END
START 7332 4112 12708 816 -4434 1192 END
START 5888 4868 11952 628 -687 461 END
START 6512 4332 10892 1071 2220 598 END
START 6012 4712 10444 316 4572 299 END
START 5708 4664 10212 -777 6139 -249 END
START 4924 4492 10636 -2767 7684 -885 END
START 3996 4252 10976 -4116 8876 -1469 END
START 3528 4644 11876 -4281 9967 -1770 END
START 348 4864 15196 -4712 15533 -2024 END
START 2272 5320 14520 -7511 17456 -5023 END
START 3792 5412 14408 -4460 20914 -6561 END
START 2408 4900 11800 -6396 25721 -10102 END
START 4464 4600 16292 -13419 28885 -14379 END
START 4840 3184 15036 -22012 32767 -17201 END
START 3624 -3668 14332 -16178 32767 -22248 END
START -4912 -7540 8560 -16260 32767 -28047 END
START -18348 -9428 8240 -4631 32767 -9607 END
START -23996 -3472 10732 9205 27697 8888 END
START -27696 4340 11248 4997 -3057 11484 END
START -23040 3828 16064 2900 -19222 10798 END
START -18784 6024 19104 5930 -28035 7693 END
START -15528 6164 21900 496 -24835 -4664 END
START -9516 5796 28516 -5722 -8773 -16955 END
START -9640 -588 18768 -3084 -12224 -13588 END
START -4008 -564 18604 331 -9860 -5267 END
START -4500 -8 20796 2918 -2561 3390 END
START -3552 1252 20920 4074 3400 8757 END