START 3464 -848 9080 -3108 970 2362 END
START 2668 -1740 9100 -2751 2752 3451 END
START 2496 -2552 8292 -2414 4330 4800 END
START 2540 -2528 7516 -1475 5854 5545 END
START 2104 -2572 7460 -1392 7796 5037 END
START 2040 -2856 7036 -665 9640 4835 END
START 1756 -2688 7044 101 11384 4754 END
START 1808 -2444 6820 174 13414 4160 END
START 2300 -1604 7532 -801 17277 3372 END
START -108 -2432 6280 -1827 16159 1368 END
START -388 -2412 7884 -3277 16099 227 END
START -128 -3088 7912 -3709 18145 449 END
START -1048 -4384 9096 -3400 19299 415 END
START -2172 -4820 10052 -1949 20736 271 END
START -3544 -5408 9692 -249 21338 -536 END
START -4896 -5196 11488 780 20639 -2502 END
START -7100 -4356 14172 1127 19332 -4544 END
START -6836 -4332 15852 1159 17157 -6474 END
START -7684 -6584 17840 2560 15467 -6603 END
START -6832 -7208 23664 4009 14468 -4843 END
START -9940 -6288 23308 2639 14396 -7109 END
START -9792 -7628 24340 4981 12132 -8212 END
START -8820 -6288 25720 6952 9779 -8217 END
START -9076 -4908 28988 12672 8492 -6864 END
START -9668 -2268 32356 10922 5774 -9581 END
START -9368 -1224 32767 9579 5924 -11004 END
START -11560 868 31992 12740 4378 -9611 END
START -12932 2928 30728 12650 2813 -10343 END
START -12972 5440 28876 12871 -538 -9235 END
START -13164 8900 28484 10727 -3651 -8837 END
START -12964 10920 28284 7785 -6786 -9195 END
START -12856 11956 27308 5609 -9264 -9100 END
START -10284 11596 24444 4623 -12392 -8013 END
START -10024 10948 24008 3646 -13119 -7024 END
START -9968 10272 22852 906 -14143 -7381 END
START -8492 8776 20608 137 -15090 -6115 END
START -6940 8032 18336 822 -15319 -3186 END
START -5552 6860 17060 98 -16356 -2469 END
START -4132 5808 16720 -948 -17295 -2446 END
START -4068 5480 14724 -1454 -17376 -2796 END
START -2280 5160 13560 -706 -16367 -926 END
START -1940 5792 12596 694 -15506 -696 END
START -844 5656 11848 -650 -13296 -1404 END
START 172 4868 10228 -258 -11689 -625 END
START 1064 4296 9036 197 -10449 659 END
START 1400 4144 8716 402 -9349 1682 END
START 2072 3460 8312 -321 -7815 2054 END
START 2784 3260 7508 -753 -5901 2467 END
START 2980 2616 7628 -681 -3802 2530 END
START 3100 2520 7752 -279 -1968 2641 END
START 2368 2408 8276 -366 -558 2300 END
START 2324 1476 7772 12 1479 2398 END
START 2580 1660 8644 1372 3191 4774 END
START 1760 2592 8728 761 4696 4657 END
START 1484 2744 11900 -329 7987 3703 END
START -748 2116 11836 -1768 8985 1387 END