START 1160 -4204 11856 -2464 -1593 1949 END
START 2176 -3932 11808 -206 -495 2222 END
START 2252 -3352 10988 -508 1143 1547 END
START 2772 -3144 10220 -132 2760 1591 END
START 2328 -2704 10116 300 4339 2214 END
START 2104 -2452 9676 349 6141 2421 END
START 1504 -2376 9380 157 8043 2644 END
START 924 -2496 8912 -427 10010 2888 END
START 324 -2400 8448 -402 11762 3756 END
START -236 -2360 8756 -49 13089 4535 END
START -620 -2172 8828 -1017 13985 4787 END
START 1116 -404 9580 -2629 17493 4550 END
START -1868 -1104 9224 -4186 16309 2869 END
START -804 -1800 9100 -6475 17706 2292 END
START -1996 -2296 9288 -5339 18675 2349 END
START -3640 -2876 9520 -4535 19290 1025 END
START -4360 -3484 10020 -4830 19734 -2322 END
START -4360 -4620 11608 -3606 19852 -3766 END
START -4588 -5104 13576 -3447 20191 -4796 END
START -5228 -5500 14644 -3939 19703 -6825 END
START -6568 -6012 16264 -3311 19718 -6873 END
START -5868 -7644 17620 -3280 21023 -5790 END
START -8944 -6920 17092 -3536 20744 -6254 END
START -8420 -7928 19900 1151 19187 -2129 END
START -10668 -7320 20412 3937 18971 -483 END
START -10756 -5856 20860 7996 17127 1437 END
START -11000 -4440 23760 6563 15214 -6994 END
START -11332 -6876 23928 7012 14794 -5832 END
START -12720 -4184 25512 8440 14315 -5326 END
START -14416 -2768 25584 5522 12304 -8228 END
START -14600 -3128 25404 5693 8163 -7987 END
START -15536 -2484 26208 5729 4190 -8437 END
START -15760 -1528 27476 5753 575 -8960 END
START -13748 -2252 27972 8019 -1042 -8414 END
START -17448 692 26268 9260 -3633 -8154 END
START -17928 984 24504 8098 -8063 -9831 END
START -17984 2092 22780 5972 -13413 -11564 END
START -16776 2432 20508 5080 -18428 -11821 END
START -15352 2700 19800 4549 -25033 -11567 END
START -12088 2612 18876 4702 -26228 -11266 END
START -9060 1128 18728 4384 -27115 -11680 END
START -8456 852 16120 9559 -26404 -6998 END
START -6536 1560 14980 12449 -25521 -2074 END
START -5284 3320 14024 10564 -25272 -532 END
START -4012 4196 12932 9634 -24174 556 END
START -3112 4196 12656 7985 -24208 276 END
START -760 3704 12540 4192 -22082 -730 END
START 100 3084 10652 2645 -17405 -21 END
START 628 3324 10884 3245 -17817 -2149 END
START 1584 3740 9620 2823 -16062 -1629 END
START 2880 3148 9216 3115 -14365 -1780 END
START 3200 3156 9728 2290 -12464 -2173 END
START 3880 2452 8948 1772 -10550 -1780 END
START 4280 2168 8732 2116 -8064 -551 END
START 4456 2284 8828 2109 -5149 487 END
START 4308 2404 8152 2164 -2288 1384 END
START 3972 2848 7628 2644 -99 2711 END
START 3844 3104 7492 3162 1821 3613 END
START 3704 3136 7824 2837 3748 3898 END
START 3772 3272 8096 2308 5533 3561 END
START 3732 3300 8336 1606 7324 2821 END
START 3928 3104 8824 794 9334 1952 END
START 4188 2620 9704 140 11142 1411 END
START 4620 2588 10556 -206 13095 1221 END
START 4464 2636 12208 -363 16247 626 END
START 4028 2780 14208 77 19285 -677 END
START 3108 2672 15052 285 23083 -2709 END
START 536 1156 13432 -1336 27813 -4158 END
START -936 -24 18464 -4324 32767 -4849 END
START -3764 -3076 18060 -7456 32767 -8937 END
START -9572 -4764 16468 -1686 32767 -1338 END
START -15284 -1896 16864 3561 25379 6832 END
START -16260 1636 20904 7474 14708 13414 END
START -16936 5312 22892 7366 8060 13255 END
START -17076 6704 26540 1856 3881 7190 END
START -18224 6220 27956 1249 -3780 -221 END
START -11356 4740 26412 -4399 -2795 -7340 END
START -8068 2344 23684 -4890 -4153 -7310 END
START -6464 996 23460 -2299 -4175 -3472 END
START -6656 -164 24652 -1340 -2154 -403 END
START -5416 24 23112 208 -2424 1814 END
START -5460 312 21308 1765 -887 3148 END
START -7008 1756 20324 2827 -1437 3873 END
START -6368 2732 18740 2213 -2030 4046 END
START -6252 3664 18012 1700 -3310 4229 END
START -5948 3900 17476 1394 -4735 4350 END
START -5704 4352 16808 349 -5351 3900 END
START -5860 4428 16400 -2402 -5214 1743 END
START -5024 3220 16444 -1872 -5325 2658 END
START -4660 3000 16516 -1931 -6715 3630 END
START -4604 2824 17376 -2716 -7421 3462 END