START 3960 -1380 9704 -1392 768 5222 END
START 3812 -1616 10616 -1956 2474 4630 END
START 3276 -1876 10328 -2030 4791 3868 END
START 3384 -2464 9984 -1676 6648 3697 END
START 2784 -2792 9864 -1288 8414 4200 END
START 2852 -3168 9376 -487 9859 5185 END
START 2360 -2932 9696 779 11030 6448 END
START 1904 -2476 9968 1334 12614 7044 END
START 1996 -2216 9808 1861 14348 8008 END
START -80 -1276 10540 1271 13330 6237 END
START -280 -660 10540 865 14248 4495 END
START -276 -216 10724 289 14551 2509 END
START -996 -500 11580 -869 14618 425 END
START -1516 -888 10980 -2559 15086 -1611 END
START -1412 -1632 11396 -4452 14948 -3662 END
START -644 -3248 11780 -3906 15547 -2904 END
START -1404 -2448 12848 -3104 16026 -2070 END
START -2336 -2428 12368 -747 16673 -1252 END
START -3052 -2060 12376 1334 17337 -508 END
START -4068 -916 13884 1547 17575 -1529 END
START -4916 -816 15152 1168 17729 -2585 END
START -5636 -1892 16596 104 17643 -3690 END
START -6488 -2004 17508 -1938 16147 -5379 END
START -5636 -3460 16820 1027 14240 -4713 END
START -4752 -3808 19412 3405 15712 -1888 END
START -5376 -3640 21804 3894 16140 -464 END
START -5160 -2204 24064 8982 12088 -1304 END
START -6848 -1204 24176 7446 14573 -4131 END
START -9280 -428 25868 4187 11056 -8852 END
START -8624 -2044 25560 8023 12434 -6333 END
START -10232 -1400 26584 8437 12828 -5228 END
START -12696 32 27592 6094 11395 -8187 END
START -14444 648 26620 4130 7702 -10884 END
START -14744 768 26252 7365 5225 -7752 END
START -15144 2084 26732 7632 1556 -6821 END
START -15232 3272 26168 7015 -1859 -7219 END
START -14060 3584 25636 6781 -4865 -8757 END
START -13196 4220 24364 4834 -7380 -10842 END
START -11672 4512 23704 3318 -9691 -11400 END
START -10216 4084 24504 2832 -11151 -10873 END
START -9308 2816 25388 2597 -11725 -10995 END
START -9204 1080 24308 4161 -11105 -9838 END
START -9744 1104 21844 7301 -11025 -6852 END
START -10172 3012 19252 10242 -11979 -3183 END
START -9484 5976 17984 12034 -14003 -376 END
START -8432 8420 19368 9323 -16476 -1306 END
START -6892 8508 18568 5239 -16982 -3917 END
START -6212 6632 17784 2999 -18092 -4615 END
START -5576 5096 15976 1664 -17823 -4477 END
START -7128 4884 14584 3221 -18268 -3054 END
START -3096 4224 11668 3991 -17255 -695 END
START -2268 5044 11328 6826 -17015 2356 END
START -1256 6036 11448 6459 -16131 2989 END
START 124 5888 11696 4525 -15551 1954 END
START 508 5360 11728 3004 -15713 810 END
START 1688 4676 11200 289 -13403 274 END
START 1072 4356 9844 118 -12199 247 END
START 1836 3924 8608 26 -10383 542 END
START 1856 4188 7440 661 -8868 1484 END
START 3096 4116 7492 -144 -8710 -11 END
START 3660 3460 7160 -831 -7460 -102 END
START 4124 2796 6972 -1615 -5931 137 END
START 4320 2616 6480 -2283 -4046 378 END
START 4500 2332 6112 -2720 -1937 465 END
START 4368 2464 5336 -2438 105 534 END
START 4540 2452 5364 -1718 2175 848 END
START 4728 2584 5536 -1300 4615 986 END
START 4612 2672 5716 -1784 7004 585 END
START 4272 2232 5620 -2245 9212 64 END
START 3732 1824 5736 -2494 11056 -421 END
START 2980 1328 6428 -2562 12703 -919 END
START 2084 1064 7868 -2722 14023 -1339 END
START 900 960 9124 -2614 15194 -1722 END
START -248 1304 10396 -1963 16061 -2090 END
START -1240 1672 12416 -1285 15974 -2478 END
START -7452 2764 17404 -1382 17398 -4018 END
START -6268 588 19068 -3154 16061 -4603 END
START -8056 2416 20768 -3711 14138 -4265 END
START -7620 -232 25076 212 11732 -1186 END
START -5568 3416 25832 -374 11708 -412 END
START -9840 3520 31792 3167 10034 2091 END
START -8700 3652 30544 5097 8181 2831 END
START -9208 4340 30300 2551 8110 1265 END
START -8904 4692 28836 3614 7864 1078 END
START -8820 5916 27504 4211 5066 1535 END
START -8356 6348 26436 4963 3432 2484 END