START 4356 -2124 6848 -655 1469 2621 END
START 4020 -2332 6780 -718 3295 2845 END
START 4156 -2608 6208 -486 5176 3079 END
START 4120 -2748 5800 -349 7392 3636 END
START 4152 -2784 5324 -287 10002 4193 END
START 4084 -2456 4560 119 12795 4927 END
START 3684 -2088 4020 552 15654 5234 END
START 3416 -1800 3584 641 18617 5333 END
START 3076 -1836 3128 1400 21596 5516 END
START 2476 -2152 3272 1904 24384 5645 END
START 1252 -1884 4496 2277 26497 5571 END
START -112 -1728 6008 1617 27450 4507 END
START -2008 -1660 6736 380 28378 1693 END
START -1300 -2584 7428 -206 28972 -913 END
START -5600 -3484 10048 1274 25615 -5489 END
START -7720 -5096 14340 1425 22272 -11342 END
START -7580 -8188 18744 -3677 20345 -18117 END
START -6268 -11060 22876 -73 15061 -20809 END
START -10084 -8912 27244 -2479 13530 -25359 END
START -3136 -17124 29348 10264 11275 -16263 END
START -8700 -9308 32767 16128 12216 -11875 END
START -5756 -4880 31308 15010 13928 -18544 END
START -12000 -1320 32767 21601 6373 -9396 END
START -15808 5512 32767 21879 6412 -8169 END
START -12848 10432 30940 21622 193 -8136 END
START -15204 14728 31356 19338 -2550 -8725 END
START -14340 18208 29556 13350 -5153 -10575 END
START -13200 19568 27700 11056 -8797 -7789 END
START -12764 19652 26836 6978 -11764 -5965 END
START -11712 19116 23224 4560 -14783 -4956 END
START -11152 17296 21576 855 -15453 -3468 END
START -7916 16560 20148 -323 -18398 -2246 END
START -5716 14252 19944 -2586 -18708 -2184 END
START -4440 11364 19380 -5467 -18723 -2497 END
START -4248 8412 17556 -5593 -16692 720 END
START -4352 7536 15008 -4892 -17234 1525 END
START -2612 6856 12352 -3469 -17857 3605 END
START -3000 7328 10884 -1836 -16969 6754 END
START -1428 7200 11268 -2670 -18390 6042 END
START 132 5924 10620 -3254 -17559 5752 END
START 952 4824 10480 -4188 -17194 5404 END
START 1528 4192 9772 -5186 -15613 4046 END
START 2256 2476 8300 -4111 -13458 4467 END
START 2556 2628 6908 -2378 -12002 4578 END
START 3036 2108 6152 -1975 -9869 4787 END
START 3660 2404 5416 -421 -7777 5733 END
START 4088 2044 4756 -57 -5488 6518 END
START 4264 1568 5196 -491 -3124 7079 END
START 4024 1808 4688 -1022 -1498 7598 END
START 4088 1772 4752 -1386 362 7969 END
START 4368 1800 4648 -2106 2568 7573 END
START 4492 1708 4752 -2343 5066 6707 END
START 4704 1220 4624 -2278 7633 5963 END
START 5040 428 4596 -1761 10300 5117 END
START 5048 -824 5396 -1615 12956 4426 END
START 4332 -1904 6060 -1358 15772 3055 END
START 3984 -3720 7156 -333 17955 1135 END
START 3120 -4964 9004 630 19626 -2369 END
START 2388 -5876 11424 1416 20387 -7452 END
START 2380 -7452 13420 2063 20418 -13485 END
START 2396 -11156 15716 2982 21466 -18075 END
START 268 -10828 16704 5698 20810 -20850 END
START -500 -12156 20276 11800 19560 -19118 END
START -4700 -7912 23268 13250 20865 -18283 END
START -8304 -3900 24120 19348 19286 -13237 END
START -11372 3384 27240 21231 16717 -7187 END
START -16060 11236 26228 18512 12843 -8461 END
START -17556 15320 25396 15894 10418 -9737 END
START -18124 18288 24212 15276 5334 -7793 END
START -16668 21000 24152 10718 2124 -5845 END
START -13832 22800 22908 6397 519 -4311 END
START -11064 21532 21764 1113 -382 -2949 END
START -10280 19904 21924 -2153 -2853 -1342 END