START 2468 -2356 8560 -3614 12797 4381 END
START 2204 -3456 9844 -4475 13400 2922 END
START 3244 -3960 10716 -5013 15537 2750 END
START 2644 -4248 13080 -5608 19148 3150 END
START 1240 -5708 12872 -6377 20995 2770 END
START 356 -5896 11672 -5899 24184 2461 END
START -2068 -6392 12072 -6027 26536 685 END
START -3880 -8304 11140 -3268 25940 -216 END
START -5748 -7816 11836 407 24298 -1017 END
START -6144 -7416 13228 4111 20841 -1247 END
START -6644 -6772 15436 5818 17202 -2572 END
START -7144 -5584 17624 5270 14580 -6937 END
START -7560 -7124 17492 5438 11827 -10663 END
START -5352 -9792 18856 8314 13544 -8174 END
START -7392 -6480 20832 10642 13207 -8958 END
START -7668 -4996 21288 11244 10550 -15544 END
START -5176 -4380 22188 12960 11052 -15400 END
START -9476 -1032 25184 17007 10334 -12938 END
START -10156 -860 23328 15958 9207 -14325 END
START -11924 1448 25056 16496 4958 -13699 END
START -12824 5396 27024 15203 1146 -13460 END
START -14076 9244 28540 13908 -5479 -14919 END
START -11448 9756 32100 13857 -4184 -11825 END
START -12124 10468 31788 11411 -6866 -13237 END
START -13384 9852 29624 9573 -9775 -11734 END
START -13532 11532 28780 8836 -13329 -7132 END
START -13144 12744 26792 8777 -15759 -4156 END
START -13484 13892 25580 7557 -18088 -2682 END
START -8752 13392 22988 4724 -20108 -4283 END
START -7092 12276 21340 3116 -20902 -4564 END
START -4448 11076 17764 2786 -19968 -1611 END
START -3808 10432 17740 146 -19824 -2212 END
START -2304 9220 14044 99 -19716 -546 END
START -1668 7580 13188 -417 -18903 918 END
START 484 6620 12908 792 -16945 3122 END
START 420 6064 11992 -2160 -15970 2571 END
START 796 5180 10560 -1731 -15444 2918 END
START 856 4688 9484 -1962 -14311 3085 END
START 1200 4556 8348 -1352 -12525 2876 END
START 1612 4480 7172 -1286 -10543 2500 END
START 1868 4688 6284 -803 -10330 1751 END
START 2780 3488 6812 -1321 -8896 1219 END
START 3360 3040 6724 -1927 -7431 1477 END
START 3748 2580 6320 -1893 -5602 2167 END
START 3984 2136 5804 -2170 -3546 2483 END
START 3580 1732 5040 -2246 -1419 2573 END
START 4568 1084 4428 -2074 461 2646 END
START 4772 880 4368 -1744 2668 2995 END
START 4892 664 4116 -1712 4998 3145 END
START 4536 84 3672 -1594 7231 3214 END
START 4216 -16 3756 -1326 9157 2937 END
START 3888 -56 4052 -920 10889 2050 END
START 3888 -228 4840 -746 12600 779 END
START 3732 -660 5376 -1151 14774 -744 END
START 3528 -992 6200 -1086 17181 -2256 END
START 3268 -1412 7004 -643 19844 -3832 END
START 2628 -2456 7008 753 22672 -6284 END
START 2036 -3116 7588 3351 24681 -8779 END
START 192 -3692 9192 5131 25995 -10620 END
START -2568 -2696 10948 7384 24503 -10705 END
START -6916 364 14228 9278 23820 -8334 END
START -7664 3848 22452 13075 21996 -4775 END
START -10972 6836 23396 8858 15842 -4589 END
START -13108 9000 28928 6743 16676 -2838 END
START -13956 9648 28440 4328 10840 -5188 END
START -9980 6508 29808 6172 11284 -4326 END
START -13612 8336 29472 3740 9536 -1073 END
START -14916 11788 30664 6444 5916 1659 END
START -13596 12332 31164 6821 3418 2083 END
START -12640 13248 30604 6336 375 1098 END
START -11852 12880 28844 3520 -2496 -325 END
START -6340 11548 26364 -935 -3956 -2366 END
START -7832 10972 25156 -190 -4787 -753 END
START -7728 10424 24572 -1632 -4563 -241 END
START -6572 8676 21148 -319 -7070 2587 END