START 1020 -624 13984 1639 1143 1808 END
START 1016 -1100 14124 1419 998 1550 END
START 1032 -1500 13740 429 1755 1243 END
START 944 -1552 13200 377 2017 2054 END
START 940 -1356 13452 381 2539 2278 END
START 820 -1132 12784 206 4160 2112 END
START 712 -704 12120 -43 5753 2028 END
START 664 -364 11340 185 6618 1916 END
START 432 216 10552 437 7536 1954 END
START 96 1076 9916 -469 9094 1439 END
START 284 1152 8732 -1326 10646 1452 END
START -764 1284 8628 -2557 11879 1504 END
START -1720 1108 8756 -4061 12534 1361 END
START -1928 344 8828 -5939 12531 1066 END
START -2848 -724 9316 -6926 12430 -79 END
START -3128 -1992 10348 -6929 13118 -2228 END
START -2648 -4032 11480 -6517 14742 -4361 END
START -2952 -5080 14108 -6973 14863 -6778 END
START -1940 -8596 14696 -1898 15560 -3726 END
START -3632 -9128 17232 -2973 16756 -4048 END
START -4720 -9140 18552 -1985 14960 -6376 END
START -4204 -11188 22236 3100 13421 -4598 END
START -7100 -7696 24500 4864 12107 -7636 END
START -7572 -7264 27276 3393 10321 -12694 END
START -7544 -6724 29184 7868 9017 -11760 END
START -8888 -4144 30088 11256 6675 -11013 END
START -9932 -768 32416 11660 4637 -10055 END
START -11520 2724 32412 12616 3618 -7837 END
START -13860 5988 31964 13483 1074 -6610 END
START -14008 8748 32564 11279 -2242 -6933 END
START -14596 10976 30748 8904 -5498 -7474 END
START -13728 11624 29016 7255 -8050 -6679 END
START -11428 12556 27044 6790 -10958 -6211 END
START -9652 12296 24948 4131 -11998 -7095 END
START -7736 11132 22932 2878 -13316 -5608 END
START -6552 10416 21192 2940 -13772 -2236 END
START -5916 9624 18388 3356 -14640 -55 END
START -3892 7616 17336 -9 -14079 280 END
START -3388 6648 16092 1028 -14244 1438 END
START -2460 5996 14364 340 -14079 1232 END
START -16 4980 13460 896 -14229 1695 END
START -384 4884 13180 133 -13083 1690 END
START -592 4112 12092 -744 -12258 1185 END
START 104 2580 10696 -969 -11937 1693 END
START 628 2400 10028 -454 -11399 3062 END
START 744 2248 8948 -116 -10042 4144 END
START 408 2600 7884 -231 -9196 4241 END
START 468 2560 7048 -452 -8827 3386 END
START 928 1788 7096 -559 -8361 2565 END
START 1860 1084 7140 -1368 -6927 1500 END
START 1888 620 6412 -917 -4981 1204 END
START 1908 456 5988 -201 -3394 1539 END
START 2308 524 5720 -173 -1349 1293 END
START 2288 300 4884 -105 377 1142 END
START 2572 40 4224 88 1839 1247 END
START 2928 -168 4000 406 3356 1380 END
START 3064 -56 3928 310 5533 1117 END
START 3160 -380 3500 32 7805 526 END
START 2872 -1240 3012 -100 9527 -17 END
START 2684 -1364 3628 287 11374 -397 END
START 2620 -1708 4768 79 13134 -1747 END
START 2872 -2888 5124 -417 14790 -3920 END
START 2548 -4180 6108 -663 16075 -5511 END
START 1200 -4948 7632 -242 17695 -6267 END
START -232 -4904 8512 673 19038 -6817 END
START -2128 -3124 10980 2992 19233 -6428 END
START -3880 -332 16004 6369 18692 -5393 END
START -4656 1044 21332 7873 17823 -4962 END
START -5548 2984 28556 6440 16429 -3735 END
START -10024 4804 29744 6799 17535 224 END
START -12108 8000 30132 10255 16214 -3280 END
START -17016 8064 31636 10419 11147 1145 END
START -16628 11280 32767 10596 8014 1916 END
START -15216 13076 32296 9282 2328 603 END
START -12552 13084 31976 4648 -649 -2087 END
START -9424 12308 29748 3656 -3040 -897 END
START -7528 11396 27776 1303 -3538 -385 END
START -6360 10792 25216 -130 -3975 182 END
START -5676 9208 22256 -2270 -3615 1323 END
START -3328 8048 20984 -934 -4796 2687 END
START -4948 6984 20124 -2136 -4460 2617 END
START -4916 5736 18792 -4219 -4601 720 END