START 2864 -2420 7492 1600 6106 4511 END
START 2872 -1652 7572 1697 9040 3591 END
START 2164 -1340 6508 1668 11949 3046 END
START 1440 -888 6064 1532 14256 3273 END
START 308 -80 5800 400 16363 3216 END
START 620 256 4724 -438 18626 3411 END
START -792 -40 4384 -1081 18439 3234 END
START -1952 20 5320 -1785 19143 3150 END
START -4596 500 7504 -3841 20148 1630 END
START -3240 -1120 8144 -6703 19543 -111 END
START -3224 -2612 10176 -7636 19085 -1203 END
START -4420 -3888 11104 -7535 19115 -3469 END
START -4716 -5320 11984 -5717 19283 -5485 END
START -4624 -5896 13488 -1494 16931 -6231 END
START -156 -13720 17292 1151 20859 -2521 END
START -80 -14412 21716 15969 21019 11189 END
START -10452 -3784 28900 11031 17385 1488 END
START -9020 -7364 27752 9520 17568 -5404 END
START -7796 -9316 26240 16391 19695 -4933 END
START -10580 -6732 27756 19131 17188 -5354 END
START -11940 -4520 28620 15828 13182 -14010 END
START -12660 -2232 28152 14070 7291 -19738 END
START -9612 -1108 27656 14865 3595 -20251 END
START -11408 480 29692 18610 1166 -18055 END
START -10972 5208 27548 16968 777 -17970 END
START -11548 6620 26616 18181 -836 -16316 END
START -11268 9812 25960 16083 -1868 -15841 END
START -11768 11988 24820 15648 -3756 -13185 END
START -11664 14468 24332 13622 -5681 -10938 END
START -12172 15072 23796 9365 -8194 -9125 END
START -11692 16776 25128 5693 -10637 -7491 END
START -11208 17512 24684 4995 -14075 -3782 END
START -9540 17688 24408 2670 -14883 -2328 END
START -9392 17244 22884 795 -15934 -1906 END
START -9392 15592 20900 -1075 -17394 -1663 END
START -7956 13232 20680 -2595 -19570 -810 END
START -6952 11908 18068 -2568 -22172 544 END
START -5052 10020 17864 -4681 -22542 1406 END
START -5072 10696 14888 -502 -22598 6145 END
START -3692 10496 13876 -600 -22950 6803 END
START -1956 9896 13336 -1958 -22127 6630 END
START -552 8288 12300 -2765 -21314 7495 END
START 404 7412 11880 -3648 -21445 7762 END
START 856 5940 10572 -5105 -19776 7826 END
START 2072 5052 9000 -6375 -18423 6659 END
START 2464 3332 8072 -5523 -16579 6827 END
START 2148 3156 7328 -5101 -14981 6249 END
START 2400 2628 7020 -3596 -13574 6007 END
START 2940 1928 6968 -2710 -12044 6071 END
START 3996 1208 7104 -2376 -9970 5532 END
START 4356 856 6832 -2276 -7045 5568 END
START 4728 816 6356 -1938 -4132 5855 END
START 4340 724 5648 -1460 -1083 6102 END
START 4276 268 5340 -1880 1047 5528 END
START 4156 -148 4892 -2608 2870 5208 END
START 4196 -772 4536 -2898 4712 5211 END
START 3976 -1260 4608 -3368 6493 5001 END
START 3964 -1912 4604 -3775 8508 4634 END
START 3944 -2412 4824 -3887 10422 4237 END
START 3868 -2604 4920 -3741 12305 3515 END
START 3572 -2972 5244 -3445 14369 2590 END
START 3692 -3944 6452 -3026 16224 1451 END
START 3588 -4416 8288 -3009 17500 195 END
START 2992 -5416 9796 -2765 19319 -1114 END
START 2140 -6104 10780 -2208 21357 -3598 END
START 1324 -6936 11464 -1090 22984 -7436 END
START 476 -8908 12276 2583 23671 -11589 END
START -460 -10708 14804 6932 23340 -13027 END
START -2292 -10836 17404 11787 22953 -15680 END
START -3920 -10736 23284 17097 18972 -12579 END
START -3832 -6596 23748 16282 20575 -13415 END
START -9024 532 25124 23566 15938 -7373 END
START -10916 9236 26336 20782 11412 -7246 END
START -13340 12896 27156 17166 9770 -10190 END
START -14060 15848 26688 13593 5866 -10519 END
START -15064 17504 26532 10298 1611 -11477 END
START -12572 16696 25024 6647 390 -10034 END
START -11064 16296 23296 6147 -1320 -6232 END
START -9156 15984 22340 3080 -2219 -4158 END
START -8432 15116 20980 2561 -1642 -1417 END
START -7364 14232 21032 -343 -357 -742 END