START -504 -2164 16224 -3427 -4485 -2082 END
START -784 -2456 16308 -2440 -2963 -1374 END
START -1336 -2524 14500 -1786 -1804 -1139 END
START -1344 -2660 13588 -425 -1465 274 END
START -1452 -2584 12292 907 -1227 984 END
START -868 -1496 12536 753 -1411 571 END
START -660 -1616 12696 -314 -1204 -239 END
START 236 -1848 12100 267 -595 -1285 END
START 388 -1984 12736 6 104 -1801 END
START 204 -2044 11248 -343 1484 -1977 END
START 68 -2324 10628 1235 1833 -508 END
START 308 -1848 10260 737 2480 -80 END
START 488 -1772 9716 544 3192 -562 END
START 576 -1920 9532 332 3661 -871 END
START 648 -2296 8716 200 4299 -1089 END
START 56 -2412 8400 -47 5449 -1622 END
START 44 -2496 7688 61 6809 -2063 END
START -448 -2744 6528 457 8507 -2463 END
START -648 -2460 5680 1573 9840 -2298 END
START -884 -1972 5548 2388 11481 -2039 END
START -1444 -1380 5540 2314 13389 -2082 END
START -1984 -1096 5940 1705 14847 -2345 END
START -2028 -728 6180 1563 15711 -1918 END
START -2616 -1524 7152 -326 16798 -2544 END
START -3052 -1628 10028 421 17439 -1317 END
START -4704 -1552 10200 -533 19382 -2887 END
START -3668 -2364 12720 -731 20570 -4008 END
START -5112 -6088 12900 7460 18814 -1309 END
START -6292 -1840 16808 2527 21201 -6448 END
START -6692 -360 19668 5654 17887 -8131 END
START -3876 -144 24496 10127 16487 -3626 END
START -3800 692 29304 11949 16048 -198 END
START -8608 4024 32540 7180 19193 -2865 END
START -10952 4092 31208 4669 14285 -6271 END
START -11884 5336 32767 3467 9270 -9237 END
START -12900 5416 32767 1056 5915 -11500 END
START -15700 4256 32767 -520 1432 -12960 END
START -18696 3148 32767 -1271 -2656 -13661 END
START -18912 572 32767 -1764 -7538 -14029 END
START -17172 -1420 32767 1364 -12338 -12736 END
START -14928 -1552 32236 4382 -16401 -11939 END
START -11644 -2140 27776 7098 -18285 -11306 END
START -7368 -2380 23716 10826 -18283 -8309 END
START -7528 -780 20688 15647 -18158 -5152 END
START -4656 2396 18524 10217 -16569 -9236 END
START -4028 3044 13164 11500 -15909 -8806 END
START -2860 4840 10732 12531 -16027 -7026 END
START -1620 6496 8976 10022 -14228 -6772 END
START -196 6752 6980 7867 -11527 -8185 END
START -868 7568 5300 7364 -9259 -8153 END
START 588 7236 2788 6252 -5480 -6902 END
START 1600 8496 2500 5446 -1439 -5245 END
START 628 8324 3136 5909 1379 -1665 END
START -12 8548 3944 4190 2616 -521 END