START 3896 -2848 13680 -1274 -2982 5145 END
START 4044 -2616 14264 550 -1837 5528 END
START 4284 -2456 14292 523 154 3721 END
START 4140 -3076 13736 292 1918 2317 END
START 3372 -3112 13172 -231 3210 1818 END
START 2600 -3084 12656 -721 3899 1742 END
START 2448 -3264 12288 -1380 4542 2088 END
START 2252 -3188 11976 -2349 5895 2231 END
START 2836 -3392 11632 -3186 7372 2791 END
START 3168 -3616 11532 -3924 9371 3069 END
START 3592 -3216 11428 -4429 11882 2859 END
START 6436 -3012 10932 -3474 15461 4188 END
START 5212 -3316 12252 -4436 17911 2015 END
START 3964 -2736 11804 -2261 22217 -454 END
START 3660 -3016 11916 -1747 26809 -3891 END
START 3120 -3536 11720 -2333 32256 -9007 END
START 1892 -4152 10696 -3685 32767 -13775 END
START 1732 -5464 9220 -4861 32767 -17860 END
START -1740 -6504 7612 -2029 32767 -20011 END
START -3688 -6104 12368 -8724 32767 -23293 END
START -7180 -8512 10884 -6793 32767 -19698 END
START -10144 -9660 11720 -6561 32767 -11368 END
START -13388 -7336 15152 -4978 28104 -3929 END
START -14900 -6480 16600 -1216 16567 1459 END
START -13196 -7808 18964 9755 5031 10245 END
START -14016 -324 23060 7896 381 5664 END
START -13800 -2120 21456 1090 756 -5124 END
START -10568 -4088 26588 7027 10468 -5682 END
START -14940 -3284 23756 4474 9546 -11857 END
START -15512 -5144 22168 3601 3983 -14515 END
START -14884 -5776 21684 5890 -2469 -12397 END
START -13412 -6820 21232 8785 -6567 -10667 END
START -11688 -7680 21240 10775 -7979 -11575 END
START -10696 -8144 20708 13451 -10020 -12760 END
START -10180 -8792 19664 16973 -14863 -12429 END
START -8988 -8800 17432 22092 -20747 -11491 END
START -8644 -6232 15132 29087 -26887 -8060 END
START -7696 -2604 13492 32767 -32404 -4623 END
START -6244 600 11916 32767 -32768 -1015 END
START -4412 4688 11384 32545 -32768 -23 END
START -1772 8068 14100 23918 -32768 -1889 END
START 2056 10144 16048 13449 -25906 -6489 END
START 3580 10148 16368 9091 -20381 -6359 END
START 4328 9592 17300 5152 -13393 -6779 END
START 3904 8964 14392 7325 -7689 -3873 END
START 3800 9312 13292 6389 -1930 197 END
START 1904 8376 10648 6876 2630 3220 END
START -132 9804 9692 7458 4158 4861 END
START -924 10676 9296 6545 4702 4668 END
START -1496 11884 10112 3960 4975 2728 END
START -1224 11844 10704 1124 4189 662 END
START -524 10628 11940 -878 3815 -1440 END
START 1052 9212 13096 -4480 4904 -2943 END
START 2604 8180 11952 -5183 9770 -13 END
START 700 7548 14152 -4884 9510 12 END
START -584 6552 14460 -4420 11821 2138 END
START -2104 5692 15436 -3263 13136 5632 END