START 184 -268 18084 -198 -5174 1987 END
START 280 -892 17612 1600 -4480 2236 END
START 1004 -1048 17616 2443 -3889 2652 END
START 1372 -748 18788 2182 -3303 2821 END
START 1712 -1056 18652 1803 -2840 3423 END
START 1732 -592 18576 2015 -2431 4737 END
START 1356 -108 17716 2019 -2177 4874 END
START 288 812 17136 2343 -1795 4362 END
START -532 464 16224 2260 -1618 4470 END
START -560 636 16444 1890 -2639 3532 END
START -288 32 15676 671 -3114 3477 END
START 48 -344 15680 -60 -3108 3784 END
START 644 -644 15212 -409 -3121 3887 END
START 1324 -1076 14868 -606 -3087 3617 END
START 1964 -1008 14536 -1233 -2976 2831 END
START 2344 -1556 14288 -1764 -1916 2237 END
START 2260 -2032 13904 -1940 -686 1795 END
START 2120 -2736 13028 -1718 413 1605 END
START 1372 -2956 12352 -1568 1160 1133 END
START 2232 -3436 12080 -1460 2379 553 END
START 2476 -3736 11664 -1224 3010 312 END
START 3208 -3900 11608 -1264 4449 -259 END
START 2848 -4032 11100 -621 5466 -330 END
START 2920 -4152 10868 -1 6639 -212 END
START 2712 -4208 10916 302 7933 -78 END
START 2408 -4000 10496 263 9594 -37 END
START 1748 -4240 9920 818 11025 87 END
START 1080 -3836 9752 956 12469 -537 END
START 388 -3748 9016 346 13956 -1781 END
START -628 -3636 8248 254 15136 -3154 END
START -1204 -4000 7940 499 16620 -4663 END
START -1372 -3688 8084 328 17524 -6133 END
START -2104 -3604 8068 -34 18456 -7462 END
START -2412 -4160 8460 1247 19024 -7032 END
START -1952 -4656 9780 408 20543 -6259 END
START -4988 -3108 10788 -1889 20698 -7904 END
START -4480 -5492 10656 2522 21322 -5294 END
START -4992 -4704 12556 478 20292 -4752 END
START -7060 -2560 14476 687 21540 -5514 END
START -7216 -2044 15504 2221 20671 -5391 END
START -9736 -176 18196 4016 20024 -4815 END
START -9804 1032 20796 4264 17584 -6138 END
START -14852 2384 26292 1841 15736 -8130 END
START -12712 2072 29612 1230 12522 -7765 END
START -14344 1140 32652 -1009 11342 -7504 END
START -17388 724 32767 -1780 9741 -7580 END
START -19308 -212 31852 558 5615 -7321 END
START -19684 -608 31384 3405 1076 -8277 END
START -18016 -1140 32767 4189 -3144 -8780 END
START -16056 -1920 32767 3677 -6845 -8915 END
START -14544 -3040 32767 4279 -10373 -8017 END
START -12700 -3356 30808 4745 -12571 -7856 END
START -12120 -2872 26724 7219 -15140 -7821 END
START -10632 -392 24092 6587 -17948 -10309 END
START -8740 96 20120 9434 -19167 -10065 END
START -8704 880 18348 11676 -19622 -7072 END
START -6360 3668 14808 9100 -19593 -5767 END
START -3996 1908 15056 13777 -19255 -1286 END
START -2816 3604 11504 13229 -16334 2134 END
START -3488 6780 13912 11157 -15243 2512 END
START -2724 7184 11936 9672 -14855 1049 END
START -2220 7080 10648 7238 -14704 -477 END
START -1488 6348 10920 6012 -14478 -864 END
START -236 4900 10120 4609 -12442 -743 END
START -784 5936 8308 2068 -10987 -2583 END
START 532 5204 6288 2299 -10020 -2314 END
START 4808 5028 6128 2585 -7712 -644 END
START 2636 6252 5632 4531 -4407 1875 END
START 2796 7132 8420 2266 -3550 1553 END
START 3100 5932 8120 136 1506 860 END
START 2268 5760 6848 -2157 5500 1626 END
START 1108 5672 7564 -2228 7940 1565 END
START 1148 5128 6516 -3295 8816 661 END
START -128 4584 7804 -3530 10302 248 END