START 32 -1580 18584 525 -7523 5927 END
START 184 -1496 18384 1272 -7201 6091 END
START 848 -1100 17660 1959 -6262 5746 END
START 1500 -992 16544 2557 -5239 5353 END
START 2088 -1124 15500 3007 -3940 4641 END
START 2564 -1184 14460 3165 -2605 4162 END
START 2664 -1560 13872 2655 -1328 3737 END
START 2712 -2132 12596 2121 -177 3774 END
START 2228 -2180 11840 1650 504 3874 END
START 1948 -2316 11600 521 1066 3475 END
START 2220 -3572 11496 -405 1563 2848 END
START 1760 -2312 10696 -1649 2455 1976 END
START 2364 -2360 10856 -1964 2712 1656 END
START 2780 -2944 10460 -3086 4478 885 END
START 2648 -3064 10392 -3769 6399 -104 END
START 2700 -3352 9508 -3915 8241 -804 END
START 2724 -3396 8456 -3741 10606 -1030 END
START 2852 -3016 7856 -2518 13091 -70 END
START 2564 -2308 7664 -1559 15789 938 END
START 2448 -1424 7520 -1068 18769 1892 END
START 1820 -500 8828 -2104 21799 1997 END
START 520 -72 9348 -3899 23701 1645 END
START -460 -260 9416 -6495 25254 974 END
START 1364 -464 8892 -8724 26682 938 END
START -3040 -1276 10104 -9463 25788 -274 END
START -5316 -3116 11120 -9489 23438 -1700 END
START -6784 -7316 16776 -7696 22734 -700 END
START -7448 -8732 16612 -1698 20038 1737 END
START -12420 -3996 17304 -7968 18909 -5138 END
START -10180 -7080 24316 -5526 14698 -5213 END
START -13452 -7292 28100 -3826 15297 -5701 END
START -11600 -9840 24160 569 11819 -4630 END
START -9548 -10336 28656 4996 9712 -2344 END
START -12640 -7176 29864 2393 7385 -6015 END
START -12484 -8040 29124 4480 3578 -6777 END
START -12476 -8336 29908 6069 784 -6184 END
START -13156 -6868 28680 6369 -1575 -5567 END
START -12544 -4996 27116 8114 -5276 -4719 END
START -11328 -3508 26368 7287 -7982 -6247 END
START -9136 -3400 25632 8837 -10016 -6132 END
START -8480 -2072 24792 5247 -11062 -9523 END
START -7936 -2960 22792 5777 -12460 -10822 END
START -7484 -3352 21484 5352 -13825 -11719 END
START -5904 -5292 20388 5116 -13174 -12411 END
START -6896 -3784 13976 12359 -12755 -6947 END
START -6520 -336 14256 12813 -14934 -7900 END
START -4192 1420 11996 11501 -12951 -7231 END
START -2296 3100 11588 12825 -13058 -5148 END
START -1192 5328 11764 9883 -11650 -5623 END
START -12 4944 10816 6591 -9155 -6340 END
START 308 4680 9720 6113 -7383 -5331 END
START 824 5036 9696 5125 -5139 -4688 END
START 916 5308 9640 4105 -2506 -5065 END
START 1684 4424 9776 3296 -294 -5283 END
START 2040 4284 10476 3038 1932 -5037 END
START 1108 4616 10936 2750 3929 -5656 END
START 220 4260 11464 2764 5854 -5803 END
START -1784 3840 11868 2171 6609 -5073 END
START -2224 3060 11180 2017 6346 -2909 END
START -2244 3172 13480 3161 4924 -591 END
START -3816 3764 15548 2698 3344 2039 END
START -5276 4088 17464 -389 1563 2693 END