START 1504 -6156 14760 -399 -1038 1782 END
START 2316 -6720 15240 1207 -1708 2140 END
START 2380 -6340 15208 1364 -144 -40 END
START 2116 -6872 14116 1572 1607 -388 END
START 1612 -6632 13552 2435 2950 512 END
START 884 -5924 12172 3113 3364 1147 END
START 512 -5028 11804 3015 3564 1489 END
START 248 -4496 11508 2695 3695 1751 END
START 220 -3960 11284 2023 4253 1646 END
START 348 -3584 10888 511 5258 716 END
START 276 -3708 10224 -492 5880 -340 END
START 596 -3904 9908 -903 6386 -1256 END
START 976 -3844 9464 -1170 7322 -1826 END
START 1348 -3804 8460 -1270 8844 -2246 END
START 1428 -3372 7228 -1179 11003 -2285 END
START 1496 -2424 6688 -728 13509 -1882 END
START 1952 -1288 6428 -794 16123 -899 END
START 612 -580 7776 -2002 18029 -1064 END
START 908 -2288 8716 -826 19332 1854 END
START -1152 -1304 10900 -4432 20896 1046 END
START -5544 -1924 12784 -5623 24927 -801 END
START -5772 -2736 13124 -6856 20796 -4457 END
START -4852 -5392 13520 -3483 19187 -1912 END
START -7380 -2660 18896 -3671 18065 -3398 END
START -5776 -5660 24324 -1057 17160 -2695 END
START -7988 -4876 27844 451 14572 -2163 END
START -6024 -6672 30864 -4324 13124 -6804 END
START -10116 -7592 32767 -273 9153 -3940 END
START -11028 -8044 32767 1033 5742 -7191 END
START -11664 -8932 32767 3203 4026 -8126 END
START -11960 -8572 32767 7531 -210 -7143 END
START -11544 -6688 32767 8656 -3249 -7589 END
START -10028 -5636 32767 8296 -6802 -8191 END
START -9360 -5148 32767 7017 -8449 -8744 END
START -7896 -4992 31384 10822 -10923 -7447 END
START -6984 -3636 25804 11916 -12246 -8306 END
START -6184 -1208 23888 12225 -13659 -9009 END
START -5724 728 19592 11622 -13944 -9749 END
START -4976 2320 15816 12769 -13768 -7671 END
START -5512 4108 12424 11214 -14729 -8535 END
START -2120 3820 10244 9636 -12730 -6741 END
START -2000 5732 9836 8983 -11679 -4560 END
START -1008 6564 7932 6756 -10600 -4171 END
START -284 6948 7560 5533 -9784 -3093 END
START 1296 6308 7760 4625 -8225 -2416 END
START 1828 5784 8144 2943 -5342 -2846 END
START 1732 4408 7788 1880 -1922 -2891 END
START 936 3404 5984 1804 2031 -1815 END
START 272 3428 6068 3365 4786 -372 END
START -604 4756 5736 4590 6139 1067 END
START 2708 5396 6816 4992 6685 2897 END
START -480 6868 8044 4124 7513 3065 END
START -1080 6492 9752 2578 8632 1909 END
START -1704 5824 11260 -1586 8853 -137 END