START 5716 -7716 13244 -1311 22552 -10833 END
START 5532 -7508 13772 899 24243 -8736 END
START 2912 -6828 13936 985 29284 -9487 END
START 6308 -7580 11928 395 32767 -8193 END
START 3356 -5792 11664 -822 32767 -6522 END
START -1580 -5132 11068 -3385 32767 -3977 END
START -2832 -3980 10104 -6845 32767 -544 END
START -5236 -2840 10648 -9371 32767 2394 END
START -6656 -2272 11232 -12330 31270 3357 END
START -7288 -2776 10980 -14301 32767 1095 END
START -7936 -3316 11580 -13526 30154 -3690 END
START -9032 -3220 11948 -8408 32767 -3515 END
START -6112 -4584 10176 -6344 32397 -6087 END
START -14336 -1760 13292 -10253 32767 -7991 END
START -13116 -6084 10256 -9726 32767 -8414 END
START -15412 -6880 13460 -10535 30337 -9554 END
START -17364 -10244 11664 -10249 20863 -5542 END
START -18768 -10868 12408 -352 9361 7196 END
START -18776 -9432 14916 4306 2737 10355 END
START -19124 -9796 15104 6967 -1871 8616 END
START -18148 -10260 16420 8472 -5068 4136 END
START -18024 -10380 17620 7986 -5434 -2027 END
START -16144 -10656 16764 14165 -4477 -4784 END
START -16808 -9284 15904 19812 -5888 -9129 END
START -14792 -8808 13244 24700 -9883 -12327 END
START -15000 -6392 13372 28234 -13987 -17450 END
START -12736 -3908 12032 32446 -19821 -21965 END
START -13112 -1364 11228 32767 -26276 -25192 END
START -9652 -3316 9192 32767 -32768 -26889 END
START -7936 -5680 8096 32767 -32768 -24845 END
START -5572 -5956 5548 32767 -32768 -16303 END
START -3036 -1144 7772 32767 -32768 -1038 END
START -1608 7556 10512 32767 -32768 16223 END
START 2452 18112 30148 32767 -26643 10984 END
START 1924 12136 18480 23639 -14497 4186 END
START 1696 9324 17676 9443 -5514 -5838 END
START 2648 8056 12400 9128 -1422 -7415 END
START 152 7708 10784 10404 -2715 -677 END
START -440 9768 12296 11897 -4914 5222 END
START -432 11044 12652 6880 -4741 7334 END
START -1908 11180 13148 1944 -5565 6516 END
START -1872 10828 13424 553 -7349 5271 END
START -1076 11280 15028 -1749 -7652 2806 END
START -680 9780 14288 -4189 -6115 991 END
START -108 8276 13284 -4228 -5363 722 END
START 544 7500 13952 -2255 -3570 2637 END
START 1448 8012 13280 -558 -1854 5399 END
START 2932 8672 14360 -1574 507 7994 END
START 1432 9124 18164 -4065 955 9195 END
START 1256 7928 16232 -6972 908 10165 END