START 1488 -1364 15980 -349 -1827 4554 END
START 928 -1956 15936 -109 -922 4579 END
START 944 -2152 15800 -679 -367 4104 END
START 756 -2532 15072 -1299 242 3878 END
START 556 -2680 14508 -1087 43 4480 END
START 452 -2288 14020 -859 356 4541 END
START 344 -1880 13948 -786 754 4105 END
START 952 -1484 14012 -909 1514 3099 END
START 1236 -1540 14116 -1564 2423 2181 END
START 1440 -1664 14136 -2603 3727 1240 END
START 1624 -2232 14552 -3905 5103 221 END
START 1800 -2492 14572 -4813 6689 -758 END
START 2300 -2884 14648 -5579 8757 -1855 END
START 2384 -3396 14200 -5825 11062 -3040 END
START 2352 -3488 14040 -6108 13558 -4240 END
START 2776 -4324 13060 -4766 16790 -3580 END
START 2796 -3904 13976 -4783 19408 -3119 END
START 1756 -3096 14076 -6135 23490 -4320 END
START 1108 -3644 12892 -5880 27015 -4263 END
START -1816 -1520 13112 -8468 31700 -5903 END
START -1820 -4148 11624 -12803 32767 -7330 END
START -3788 -5396 11864 -12148 32767 -4623 END
START -6408 -5288 11860 -12975 32767 -5047 END
START -6456 -6776 12128 -14248 32767 -5595 END
START -11152 -6496 11348 -11272 32767 -4707 END
START -13956 -6812 14144 -5956 32767 -3200 END
START -16832 -5524 16516 -3695 24802 -4849 END
START -19564 -5352 18192 -3700 14085 -6990 END
START -17344 -6688 18332 1977 8992 -7365 END
START -18292 -5256 20800 2255 7172 -10628 END
START -17200 -6144 19756 977 6161 -11792 END
START -16392 -6344 18716 1978 3951 -10317 END
START -16428 -7840 17920 3491 20 -8186 END
START -16208 -9052 17892 7066 -5081 -5233 END
START -15476 -8396 17860 10552 -10194 -2591 END
START -15252 -7364 17480 13146 -14401 -1656 END
START -14640 -6456 16292 17520 -18837 -1361 END
START -10316 -5548 14048 21028 -23566 -1556 END
START -10648 -5244 13452 24130 -27059 -1680 END
START -9880 -4488 12412 25171 -31841 -4211 END
START -7668 -4700 9612 25231 -32768 -5071 END
START -5120 -3216 10072 29945 -32768 -37 END
START -3772 -124 11200 28566 -32768 3244 END
START -1500 4656 13740 23125 -32768 4640 END
START 2056 7844 17488 12379 -32408 -71 END
START 5208 8328 19532 685 -27438 -6745 END
START 6920 5928 17660 -4416 -22895 -10753 END
START 7480 3620 16528 -3483 -15895 -10344 END
START 6416 2372 15192 976 -8267 -6241 END
START 6404 2000 14868 5278 -2016 -2145 END
START 5328 3816 13340 6393 3625 901 END
START 2516 4272 13300 5857 7571 2564 END
START 652 5468 12116 5097 9257 2993 END
START 84 6672 11740 4747 9728 3685 END