START -292 -3808 15944 -212 -2852 3511 END
START -644 -3880 16764 -1194 -1905 2464 END
START -1056 -4748 15036 -1014 -1403 1707 END
START -1568 -5320 13564 379 -1670 1730 END
START -664 -5524 13940 972 -1505 2510 END
START -524 -5020 11776 2805 -1503 3034 END
START -280 -4304 13388 2614 -941 3509 END
START -496 -3564 12740 2197 268 3067 END
START -464 -3452 12224 1738 866 2591 END
START -16 -4088 11520 1809 2098 2197 END
START -8 -4172 11192 1342 2868 1672 END
START -112 -3712 10856 4 3804 464 END
START 204 -4292 10808 761 4374 1027 END
START 52 -4172 10868 -192 5454 1280 END
START -116 -4388 10340 -288 6473 953 END
START -180 -4592 10732 -442 7037 560 END
START -388 -4552 10864 -666 8277 -76 END
START -628 -4504 11132 -680 9342 -932 END
START -604 -4596 11000 -622 10870 -1793 END
START -964 -4492 11200 -1135 12140 -2739 END
START -1756 -5228 10364 -1858 13602 -3598 END
START -1620 -5708 10752 -1970 14975 -3609 END
START -3204 -4952 10572 -2852 15539 -3343 END
START -2768 -5456 11316 1479 16766 559 END
START -3780 -4256 12204 -541 17462 1251 END
START -5296 -3124 13048 -2110 19592 -886 END
START -6356 -3676 13096 -116 19916 -1378 END
START -7184 -4448 13148 1081 19237 -1935 END
START -7848 -4344 14196 2522 17942 -2576 END
START -8340 -3800 15628 4460 15713 -2561 END
START -7952 -3032 18180 5142 14439 -2049 END
START -8828 -1640 19172 5075 13779 -1841 END
START -8804 -412 20060 5362 11927 -2108 END
START -7816 952 21264 4551 11044 -2677 END
START -9236 900 23104 4482 9840 -3245 END
START -10160 928 23276 3658 9131 -4185 END
START -11476 308 24284 3060 7450 -4616 END
START -12540 -496 24536 2423 6148 -4860 END
START -12596 -1748 24808 2508 4104 -4371 END
START -12688 -1380 24912 4542 1706 -3143 END
START -11800 -728 25248 5953 -687 -2405 END
START -11516 -200 25840 5558 -2737 -2429 END
START -10760 -216 26384 4414 -4817 -2922 END
START -10732 -568 26308 3202 -6516 -4010 END
START -10512 -1428 26028 3001 -8342 -4938 END
START -9484 -2592 24580 2771 -9531 -6088 END
START -8808 -2988 22956 4257 -11057 -5661 END
START -8044 -2212 22324 4278 -12997 -6978 END
START -7076 -2784 21064 5818 -14531 -7164 END
START -6204 -2648 20616 5755 -15975 -6871 END
START -5936 -2412 20004 5101 -16308 -7655 END
START -5304 -1656 18444 5372 -17278 -8493 END
START -4312 -992 17672 6475 -18165 -9320 END
START -3012 -684 16852 6271 -18204 -9908 END
START -2284 -600 14520 6524 -15728 -7466 END
START -584 -2616 16824 13433 -14813 -1280 END
START -900 -1056 10528 15431 -10318 843 END
START -1532 3028 11408 16650 -9874 1751 END
START -1704 6080 13016 16565 -9775 1633 END
START -1344 6600 11340 13146 -8187 703 END
START -840 7604 11400 9812 -6204 -894 END
START -1220 8020 8792 7575 -7142 -2113 END
START -1156 7596 8304 5774 -5640 -3501 END
START 940 7060 8080 4031 -4565 -4037 END
START 2148 6916 9032 2686 -2978 -3762 END
START 1772 6296 10076 1801 -1181 -2532 END
START 1708 5632 11264 -348 1181 -1643 END
START 1356 4648 9320 -2426 4541 -652 END
START 700 4916 9896 -890 5791 148 END
START 224 5520 10024 -1046 7335 613 END