START 6396 -3304 12844 -2487 25511 -8887 END
START 3156 -4536 11524 -2024 28178 -8279 END
START 3472 -3900 12448 -2168 31839 -9062 END
START 4476 -3328 13240 -9662 32767 -13951 END
START 2596 -5796 9848 -11519 32767 -14970 END
START -2160 -6492 8996 -10888 32767 -13820 END
START -3352 -6464 10828 -14764 32767 -11349 END
START -8316 -6752 8212 -15853 32767 -9536 END
START -10792 -6808 9224 -8707 32767 -4167 END
START -13532 -4636 10432 -5207 32767 -2163 END
START -17260 -3884 11256 -4397 27142 -3684 END
START -19568 -5348 15752 -3522 16799 -5103 END
START -15432 -9772 18100 -4102 9172 -8465 END
START -15544 -8268 16716 -124 6247 -4842 END
START -16160 -7748 18568 4114 4807 -2482 END
START -15332 -7648 19616 5846 5219 -1080 END
START -16016 -6820 19196 6646 2782 -1781 END
START -15948 -7168 19152 6005 -397 -3471 END
START -15544 -8440 19352 7435 -3758 -3926 END
START -13316 -9712 19480 8791 -5994 -5032 END
START -14384 -10920 19304 12744 -8723 -3727 END
START -14332 -10316 17688 19590 -12239 -1805 END
START -14284 -7788 15868 24869 -18380 -2031 END
START -7824 -7744 12864 27109 -28538 -3136 END
START -9604 -6212 13028 30190 -32768 -3252 END
START -8676 -3072 11272 32767 -32768 -2069 END
START -5884 -476 8604 32767 -32768 1674 END
START -1804 5128 15512 32767 -32768 804 END
START -2988 7080 11728 25826 -32768 1733 END
START 96 10140 14168 23772 -30560 2223 END
START 2652 11600 16292 13516 -21924 -2760 END
START 3612 8132 15956 5415 -16672 -5922 END
START 3564 6004 13272 7049 -13941 -4025 END
START 4520 6644 13152 8850 -10398 -473 END
START 3448 7784 12800 9821 -6245 2696 END
START 3104 9588 14124 8112 -2219 3124 END
START 1896 9324 14284 6998 231 4335 END
START 2532 11172 15252 5935 1582 2829 END
START 2156 11312 15008 3437 6199 -1080 END
START 3016 9776 13020 1783 10883 -900 END
START 92 9340 11904 1954 12165 -2171 END
START -224 9584 12124 -1098 11191 -5365 END
START -408 6284 13280 -2581 9988 -5286 END