START 2828 -4836 13884 -566 -200 -870 END
START 1944 -4320 13916 167 1243 -949 END
START 2200 -3852 13224 134 2659 -1413 END
START 2416 -3976 12724 -664 4190 -2126 END
START 2200 -4140 12784 -1134 5308 -1644 END
START 1752 -4112 12376 -1448 5969 -447 END
START 812 -3944 12168 -1847 7062 178 END
START 1412 -3564 11824 -3004 7926 -450 END
START 452 -3236 11540 -3278 8241 -1186 END
START 340 -3160 11720 -3545 8963 -1596 END
START -208 -3024 10864 -4244 9893 -2270 END
START 12 -2952 11664 -2425 11429 -2019 END
START -304 -2356 12256 -3444 14411 -3055 END
START 56 -2596 11440 -3719 17910 -3709 END
START -936 -3144 11884 -2429 20311 -3072 END
START -1724 -3936 11716 -882 22590 -1890 END
START -2228 -4552 11672 800 23406 -868 END
START -2520 -3952 12976 2334 26061 -319 END
START -4288 -1964 12820 2471 25791 -378 END
START -3620 -2928 15244 2669 25790 -410 END
START -3656 -3980 13672 6558 27178 4201 END
START -8904 -104 16728 3173 27110 606 END
START -8740 -2252 17268 1015 28533 -1353 END
START -12204 -2192 17276 1999 26330 -594 END
START -14180 -780 18468 1059 21103 -472 END
START -14492 -300 22116 3009 15542 1192 END
START -15904 1652 25020 3254 8991 309 END
START -16328 1008 27664 -123 8201 -3133 END
START -16716 -692 27576 -2361 5024 -6861 END
START -16416 -3156 27220 -3659 1507 -8464 END
START -16844 -3704 26928 -2180 -2689 -7858 END
START -14428 -4364 27520 355 -6394 -6404 END
START -15648 -3492 28404 961 -9226 -7893 END
START -14000 -4940 27600 1643 -11871 -8284 END
START -13184 -6460 26252 2345 -15141 -9093 END
START -13232 -7260 24388 5128 -18855 -8948 END
START -11708 -7776 22524 8247 -22700 -8926 END
START -10504 -6788 19960 11384 -26066 -9477 END
START -6804 -7532 18072 13627 -23222 -6269 END
START -5804 -3724 13980 14662 -28413 -8040 END
START -4480 -800 12320 14318 -26216 -9411 END
START -1524 212 9208 13110 -24119 -8876 END
START -1048 2196 8632 16737 -21963 -7353 END
START -344 3848 7732 15548 -19259 -5916 END
START -36 5312 8516 14541 -16304 -5251 END
START 852 6352 8924 13839 -13620 -4574 END
START 2468 6472 11208 12330 -10894 -3617 END
START 3028 5520 11508 8480 -6699 -3292 END
START 2308 4004 10044 6633 -3116 -2681 END
START 4976 3080 7812 6910 -256 -703 END
START 2600 4104 8064 6984 2110 521 END
START 2308 5736 9068 5657 3522 2593 END
START 1524 6360 8948 4111 4535 4159 END
START 884 7260 9596 1696 6279 4399 END
START 260 6192 10812 1116 7179 4156 END
START -1344 7448 12272 -356 6311 3430 END