START -1504 -4676 13972 -3197 -219 -1831 END
START -1024 -4876 13644 254 -593 -73 END
START -996 -3876 14652 851 -145 197 END
START -1072 -3932 14932 761 103 71 END
START -1612 -3600 15056 460 664 99 END
START -2364 -3804 14700 400 979 315 END
START -2824 -3512 14080 362 1585 -548 END
START -2900 -3368 13340 1601 1880 -354 END
START -2364 -3080 13084 2719 2292 -156 END
START -2080 -2316 13612 2787 3105 -328 END
START -1816 -2236 13204 2358 3802 -576 END
START -1420 -2172 13108 1661 4420 -541 END
START -1192 -2300 12420 974 5091 -729 END
START -1116 -2592 11816 989 5225 -694 END
START -1388 -2736 11480 560 5946 -1145 END
START -1072 -2984 10760 792 6975 -910 END
START -1160 -2972 9836 905 8397 -1356 END
START -1012 -3184 8844 1436 10135 -2088 END
START -740 -3144 7324 2618 12333 -2334 END
START -720 -2700 6380 3766 15146 -2117 END
START -644 -1844 7324 4618 17412 -1137 END
START -780 -1116 8520 3579 19461 -815 END
START -1768 -508 9856 1479 21311 -1272 END
START -3040 -632 10888 -1593 22118 -2792 END
START -4044 -2064 11240 -4405 22901 -5735 END
START -5304 -3220 13436 -7043 24189 -9600 END
START -8284 -4824 13960 -5391 20758 -8782 END
START -9964 -3420 18428 -3465 18644 -7728 END
START -12124 -2352 23124 -4077 17227 -8605 END
START -12896 -2092 26528 -3470 14829 -8477 END
START -16608 -836 31000 -6673 11957 -10510 END
START -13440 -3168 30812 -4681 9432 -9405 END
START -16648 -3220 32767 -3999 7664 -7759 END
START -16520 -4852 32300 -1669 5263 -6774 END
START -17652 -6176 31960 2400 1029 -5699 END
START -16888 -6560 31040 4022 -3193 -5915 END
START -15176 -6776 29904 6040 -7337 -4749 END
START -13784 -5740 27212 7690 -10921 -4143 END
START -12080 -4888 24340 9565 -14581 -4677 END
START -10200 -3432 21388 11278 -17142 -5019 END
START -5696 -2424 19296 10500 -19660 -6428 END
START -6768 -888 16672 12543 -21209 -7151 END
START -4172 -608 14748 12224 -21422 -7490 END
START -3204 768 12360 12101 -20711 -7690 END
START -1848 1892 11808 12844 -20091 -6650 END
START 908 2728 11524 11900 -17580 -3432 END
START 2184 816 10828 16891 -14895 1196 END
START 3256 4164 10820 10763 -8346 1318 END
START 2980 6660 11552 12566 -2943 2197 END
START 1764 7264 10248 12380 1269 676 END
START 1796 7536 9792 9347 4925 -464 END
START -1308 6984 7416 6693 9078 -41 END
START -1344 6800 7600 5164 10427 419 END
START -1300 6000 8412 5133 8949 1792 END