START 3180 -3256 16064 -762 -3858 5830 END
START 3080 -3420 16040 -485 -2372 4434 END
START 3156 -3692 16120 -935 -746 2615 END
START 3232 -4320 15728 -986 814 1166 END
START 3160 -4980 14784 -750 1948 224 END
START 3364 -6668 14504 -146 3374 392 END
START 2124 -5856 12728 -255 4024 1091 END
START 1592 -4984 13184 456 4300 1823 END
START 1188 -4304 12956 353 5041 1346 END
START 1216 -3804 13200 -119 5754 393 END
START 1412 -3704 14088 -945 6555 -814 END
START 1508 -3520 14516 -2451 7820 -1987 END
START 1892 -3608 14680 -3272 9528 -3737 END
START 2628 -4052 14228 -3142 12424 -5642 END
START 3200 -3984 14544 -3805 16247 -7590 END
START 3388 -4736 13756 -3319 20701 -8708 END
START 3372 -4944 12800 -2606 25795 -8657 END
START 3544 -4468 12432 -1951 31331 -8957 END
START 2112 -4520 11684 -3623 32767 -10050 END
START -28 -5632 9800 -7017 32767 -9125 END
START -1928 -3512 11272 -12708 32767 -7976 END
START -2096 -5124 9580 -18152 32767 -5358 END
START -5836 -7388 9836 -22911 32767 -8268 END
START -7952 -9772 8628 -17738 32767 -5660 END
START -11596 -9940 9536 -10267 32767 -962 END
START -16012 -8792 11620 -5112 32767 -898 END
START -14912 -11064 13084 -2373 21856 -1475 END
START -16668 -10964 14860 -4466 10572 -5405 END
START -17684 -13748 15048 4934 1971 -4960 END
START -18896 -12556 18604 14455 -4623 -3508 END
START -18904 -10856 17956 16081 -11254 -7792 END
START -17356 -9484 17180 19571 -21088 -11592 END
START -14332 -7148 16464 22931 -27957 -15612 END
START -11024 -8404 14972 26752 -32768 -15960 END
START -8220 -8844 12640 31764 -32768 -13789 END
START -6132 -7308 11080 32767 -32768 -8679 END
START -2476 -4076 11448 32767 -32768 -2165 END
START -1780 2040 16156 32767 -32768 -303 END
START -1268 5168 14736 26565 -28034 459 END
START -1328 8660 17400 17813 -21175 -2564 END
START 0 7300 18200 7004 -15428 -9037 END
START 620 5084 15748 4712 -11288 -11936 END
START 2732 4376 14328 9172 -7952 -7839 END
START 60 4016 11776 10545 -1076 -1111 END
START -788 6252 12616 9199 4164 1488 END
START -692 6360 10420 9811 6835 4606 END
START -1772 5864 11556 9518 6677 7316 END