START 2936 -3276 7464 -2613 9334 4026 END
START 2528 -3640 6160 -2107 10123 4743 END
START 1700 -2396 5820 -2667 12415 3141 END
START 1508 -3028 4612 -3006 14812 1054 END
START 1116 -3852 4300 -2988 17543 -165 END
START 492 -4272 5268 -3068 18690 -43 END
START -152 -5192 5296 -3630 20505 -317 END
START -1192 -6056 4760 -4371 22293 -1057 END
START -1664 -6444 4828 -3740 23068 -1285 END
START -1996 -5928 4992 -2393 23221 -1551 END
START -3524 -4712 6052 -2422 23175 -2234 END
START -4376 -4636 8280 -3056 22878 -3929 END
START -5168 -7112 11632 -540 21081 -461 END
START -5256 -6752 16108 -2458 21501 158 END
START -6652 -6788 18796 317 20698 -700 END
START -6736 -4844 21932 -53 19036 -3594 END
START -6580 -4320 28784 4506 15950 -2245 END
START -10844 -3712 32767 3064 13775 -3131 END
START -7956 -4076 32767 5248 12324 -3461 END
START -9868 -2772 32767 2450 14424 -4972 END
START -12756 -268 32767 9868 8979 -2243 END
START -13724 1624 32767 7105 8193 -4340 END
START -12820 612 32728 9005 4284 -2700 END
START -12204 2180 32767 8951 1068 -2395 END
START -10828 2192 32324 6764 -2023 -3751 END
START -9920 440 30820 3893 -4444 -5287 END
START -9056 -2000 29580 2124 -7396 -6767 END
START -8280 -5152 28056 1273 -9593 -8703 END
START -6728 -7748 28304 3076 -12986 -9710 END
START -5232 -9468 27864 3235 -14366 -11469 END
START -3808 -10328 24748 5460 -15192 -11682 END
START -2288 -9148 22992 9261 -15674 -11892 END
START -2300 -7420 21004 12777 -14104 -11090 END
START -2244 -2964 17272 15665 -12161 -10606 END
START -4544 2108 14700 14176 -11203 -11410 END
START -5828 4564 9984 14387 -11624 -10822 END
START -3816 7124 8572 11017 -12798 -9052 END
START -5504 9208 6376 7372 -12319 -7738 END
START -4176 9360 5896 6639 -13662 -6035 END
START -2388 9596 5564 5200 -12649 -3998 END
START -808 9788 5304 3722 -9483 -1215 END
START 424 8820 5232 2884 -7084 18 END
START 816 9064 5072 1435 -4741 -10 END
START 520 8552 5196 331 -3274 -86 END
START 108 7604 5244 -375 -2087 -301 END
START 588 7164 5476 -1265 -825 -1052 END
START 848 6228 5848 -2287 548 -729 END
START 908 5840 6812 -3029 1675 -467 END
START 1488 5524 8240 -3287 2729 177 END
START 2156 5384 10072 -3086 4209 486 END
START 2468 4780 13232 -3147 6052 1635 END
START 624 6832 15548 -2801 7549 1967 END
START -912 6464 18648 -1160 9024 2616 END
START -3460 6968 22180 -1407 9222 731 END
START -3152 6028 23172 -1548 7469 -631 END