START 820 -5812 14892 -4620 -1154 3924 END
START 224 -6420 13720 -3234 -1526 4773 END
START 408 -6456 13576 -1477 -1753 5117 END
START 612 -5856 14140 -1307 -1466 5284 END
START 968 -6324 14680 -708 -1861 5523 END
START 932 -5948 14444 -1555 -1668 4741 END
START 700 -6092 13876 -2126 -1145 3474 END
START 748 -6584 12848 -2230 -480 2164 END
START 1232 -6948 11952 -1622 317 982 END
START 1736 -7120 11164 -500 1574 100 END
START 2140 -7288 10848 523 3196 -561 END
START 2744 -7220 10112 1292 4873 -921 END
START 2564 -6612 9240 1798 6660 -1067 END
START 2712 -5888 8916 1992 8424 -1392 END
START 2300 -5192 7932 1980 10155 -1681 END
START 1876 -4552 7604 1314 12111 -2297 END
START 1468 -3896 6244 731 14680 -2808 END
START 1292 -3424 5148 478 17591 -2978 END
START 780 -2508 4336 59 20746 -3027 END
START 512 -1384 3680 -411 23759 -3007 END
START 68 -156 4564 -999 25740 -2574 END
START -820 2112 7696 -3522 32112 -1790 END
START -2868 700 8632 -4343 28395 -3415 END
START -2304 -2980 10436 -9320 27849 -6559 END
START -6916 -5652 10576 -11252 27573 -10831 END
START -8004 -9648 13376 -5651 26884 -6744 END
START -12684 -5388 18140 -3711 16986 -5134 END
START -11504 -7032 26840 1542 10826 -4285 END
START -10076 -4036 32408 1380 5779 -3847 END
START -11228 -6536 32767 -4655 3538 -12134 END
START -13144 -9560 32767 -200 5654 -8141 END
START -12028 -11512 32767 2121 4310 -9865 END
START -12916 -12492 32767 6712 2523 -8714 END
START -12552 -10052 32767 13365 -335 -3255 END
START -12972 -6164 32412 14432 -3545 -1284 END
START -12432 -4420 32767 12837 -9271 -3575 END
START -11704 -3832 32228 6545 -13208 -8731 END
START -9904 -6224 29712 9055 -17172 -10467 END
START -8976 -6316 23652 7437 -19489 -13841 END
START -3680 -7196 19504 13043 -17553 -9421 END
START -5080 -3384 15080 19820 -19052 -5667 END
START -2492 1776 14832 19029 -20130 -5211 END
START -916 4920 12004 15567 -17607 -6229 END
START -68 6444 10276 16957 -15774 -2894 END
START 408 7680 11736 14526 -14708 -2158 END
START 720 7512 11172 10302 -12824 -3050 END
START 1156 5348 10188 8405 -11584 -2469 END
START 1036 4376 9096 7276 -10223 -1178 END
START 1196 4640 7968 6754 -8108 -293 END
START 1364 5744 7744 6814 -6841 610 END
START 852 7596 8072 6173 -6174 365 END
START 1652 8064 8428 4178 -5315 -448 END
START 2044 8252 9384 2563 -3906 -866 END
START 2372 7516 9708 849 -1600 -1303 END
START 2876 6512 10544 358 759 -1597 END
START 3064 5572 10680 -1027 2633 -1492 END
START 3012 4952 10736 -1259 3694 -683 END
START 2496 5024 11516 -824 4779 210 END
START 2100 5556 13248 -717 6015 413 END
START 1424 6208 14316 -1195 7424 200 END
START 1020 5568 16648 -920 9023 710 END
START 880 6112 17624 -1723 7845 185 END
START 336 4692 18404 -3189 7382 -831 END
START 100 3068 17272 -5602 8716 -938 END
START -1372 1228 17884 -2813 8118 1556 END
START -2412 596 20608 -2535 5215 4550 END
START -1752 -864 20212 -1621 4339 9162 END