START 2032 -2636 12604 -710 105 2238 END
START 1708 -2656 12936 -174 2590 1483 END
START 1572 -2876 12040 -107 4003 984 END
START 1072 -3868 11208 -1285 5874 281 END
START 780 -4532 10188 -1706 7206 873 END
START 376 -4012 9428 -1317 7303 2512 END
START 104 -3244 9672 -1002 7335 3800 END
START -60 -2240 10052 -2014 8085 3359 END
START -776 -2144 9184 -3332 9913 1674 END
START -988 -2148 7936 -4538 11835 67 END
START -1200 -2340 7408 -3931 13949 -737 END
START -1568 -2724 8360 -4081 13697 -1510 END
START -1504 -3596 8720 -4744 14364 -1509 END
START -1032 -4624 9856 -5405 14813 -1081 END
START -1880 -3908 10888 -5828 15680 -1655 END
START -1504 -5620 12328 -2463 17273 641 END
START -2684 -5168 11708 -3433 20036 -711 END
START -3204 -7260 13228 -239 21276 -306 END
START -7500 -2984 15176 -24 21461 -1927 END
START -5968 -5984 18244 1228 20728 -860 END
START -9872 -4400 20072 3568 18222 782 END
START -8672 -2980 22492 678 15342 -1574 END
START -9476 -3712 26608 1631 13535 -2378 END
START -10152 -3160 27472 838 10727 -3225 END
START -10820 -2444 30500 812 8890 -5437 END
START -10440 -2236 31680 1186 6271 -6806 END
START -11128 -2272 31936 2373 4590 -6246 END
START -11752 -1600 32644 4464 2799 -4506 END
START -12176 -912 31732 4254 1310 -4040 END
START -11836 -756 30656 3882 -1535 -3896 END
START -11728 -452 29904 3342 -5001 -4281 END
START -11356 -428 29208 2592 -7663 -5302 END
START -9984 -1620 26324 3050 -8959 -5345 END
START -9520 -2024 27724 3371 -11976 -5393 END
START -8760 -4100 27576 2898 -14529 -6332 END
START -8112 -5816 26744 3690 -17195 -7322 END
START -6660 -6884 24288 5251 -18357 -8006 END
START -5336 -6096 22092 7451 -18903 -9209 END
START -3056 -4540 18364 9811 -19049 -8970 END
START -2044 -2704 16784 11424 -18338 -8692 END
START -2820 -1428 15128 12064 -18044 -10124 END
START -120 -2248 12736 12297 -15991 -7694 END
START -588 -804 11868 11730 -14348 -5926 END
START -460 760 9584 12022 -12341 -4074 END
START -520 3376 8332 12454 -10051 -1744 END
START -784 5544 5896 10616 -7602 -1438 END
START -588 7256 4852 9178 -5759 -2332 END
START -292 8176 3904 7401 -4887 -2304 END
START 152 8704 3916 5212 -4655 -3324 END
START 560 8364 4312 3124 -3763 -3844 END
START 1148 8184 4724 1027 -2728 -3763 END
START 2932 7424 5344 -635 -1162 -3127 END
START 1740 7104 6032 -917 2111 -3509 END
START 2024 5852 6860 -1816 3147 -3953 END
START 2512 5148 7980 -3038 4683 -4261 END
START 2236 4748 8736 -3677 6369 -3905 END
START 1700 4088 10892 -2931 7725 -2678 END
START -328 1976 13188 -4110 7596 -1304 END
START -1244 1256 14184 -3348 7411 1738 END