START 2708 -3596 12556 -3599 8375 -5226 END
START 1300 -4616 10724 -1807 8374 -2261 END
START 0 -4404 9800 -1343 9186 -942 END
START 344 -4056 9400 -1227 9288 -498 END
START -72 -3080 10164 816 7994 88 END
START 28 -2048 11396 427 8371 -275 END
START 444 -904 12392 -769 10711 -1743 END
START 684 -1124 12016 -2211 12875 -3174 END
START 1108 -1600 11576 -2225 15337 -4724 END
START 848 -1420 11716 -3133 18613 -6862 END
START 2936 -1836 10052 -3797 25154 -7765 END
START -20 -1864 9756 -2268 30970 -7631 END
START -312 -1984 8988 -3621 32767 -7318 END
START -1268 -1936 9208 -9200 32767 -7215 END
START -6400 -2888 6800 -8409 32767 -2881 END
START -9188 -2692 7892 -5781 32767 1013 END
START -12360 -932 12744 -6441 32767 822 END
START -14552 -1424 12176 -4119 26019 -508 END
START -13364 -3028 14508 -2523 14587 -1479 END
START -15564 -2160 18064 -360 2599 -2133 END
START -10356 -1120 21404 -2233 -2951 -5689 END
START -10660 -3464 22444 -744 -6239 -5214 END
START -6852 -2040 29228 1071 4956 -792 END
START -8816 -2880 26920 2289 5663 184 END
START -9764 -1476 26704 831 4843 -471 END
START -9256 -2160 25220 -74 5580 -1080 END
START -10000 -2428 23680 1240 4438 528 END
START -10472 -2248 23708 721 1052 465 END
START -11188 -2644 24424 200 -2629 -158 END
START -10328 -3784 25864 1746 -5912 -371 END
START -11528 -5200 29616 1102 -9462 -3429 END
START -12656 -7788 32404 620 -11396 -8173 END
START -12620 -11788 32364 1755 -12461 -13046 END
START -11928 -13856 28916 7307 -14409 -13195 END
START -12080 -13264 25440 16729 -18959 -8620 END
START -9972 -9460 20828 21079 -23217 -6306 END
START -3108 -8228 19072 21774 -25355 -3078 END
START -6380 -1404 13700 20731 -25079 -2242 END
START -6284 2240 9028 18491 -24980 -2496 END
START -3628 4396 8440 16311 -23412 -4564 END
START -3188 7068 6852 13684 -20016 -6204 END
START -1136 7112 6868 11005 -17922 -7338 END
START 624 6732 7484 8539 -14865 -7197 END
START 3364 5532 7776 6553 -11004 -4958 END
START 3080 3808 7536 6413 -5983 -1622 END
START 1456 4072 7680 4804 -1190 84 END
START 1424 4128 7136 4788 2360 2142 END
START -148 4892 7596 5059 5005 5205 END
START -1568 6400 7244 4575 7400 5550 END
START -2408 7372 8932 1298 9157 3740 END
START -2104 5632 9060 -2630 8485 -529 END