START -508 -3588 15780 -979 -3874 3985 END
START -184 -3724 15620 -568 -3597 4105 END
START 96 -4428 15688 -915 -3008 3671 END
START -40 -4896 14804 -326 -2742 3692 END
START -376 -5244 14212 199 -2423 3483 END
START 52 -4856 13832 564 -1727 3932 END
START -136 -4508 11884 1553 -1260 3470 END
START 416 -4132 12832 1606 -731 3439 END
START 464 -4008 12404 1216 453 3109 END
START 532 -3840 11736 905 1008 2757 END
START 424 -3564 11660 233 1812 1717 END
START 524 -3528 11244 -444 2636 550 END
START 876 -3980 10600 279 3729 495 END
START 944 -4008 10596 225 5309 383 END
START 1444 -4160 9616 817 7202 313 END
START 1244 -3820 9472 1601 8578 892 END
START 532 -3120 9280 1015 10789 378 END
START 208 -2692 8628 989 12259 154 END
START 28 -2424 8500 729 13564 -294 END
START -540 -2500 8236 193 14665 -830 END
START -1176 -2552 8216 -607 16278 -1494 END
START -1872 -2948 6720 -827 18279 -1798 END
START -2460 -2424 6112 61 19144 -2071 END
START -2540 -2564 6812 64 20500 -1920 END
START -4036 -1664 9272 24 21271 -634 END
START -6064 -660 10320 -2618 21134 -1843 END
START -13064 -32 13540 -6665 22275 -5803 END
START -8288 -2956 13272 -8688 18495 -7664 END
START -7588 -4504 15108 -9482 16829 -9316 END
START -8896 -6552 17604 -7618 14866 -9806 END
START -8744 -7588 21556 -5440 12886 -9946 END
START -7984 -10380 24700 -297 12651 -7037 END
START -14320 -7564 32767 -595 14089 -5713 END
START -8328 -8828 30180 6396 14777 -1212 END
START -12080 -5868 32372 7896 12264 -1038 END
START -14728 -4684 32620 5832 10181 -4511 END
START -17640 -3076 31560 7350 6170 -5216 END
START -17288 -2804 29788 9009 2404 -5253 END
START -16696 -720 30632 8867 -3043 -4827 END
START -15940 528 30112 6402 -6025 -6670 END
START -14752 556 29568 5826 -9612 -6594 END
START -13992 76 28432 4573 -11708 -7112 END
START -12712 -912 26272 4826 -14190 -6830 END
START -11372 -1612 23880 5947 -15716 -6221 END
START -10000 -1564 22524 8432 -18408 -5338 END
START -9432 -1096 20640 8701 -20297 -5634 END
START -7580 -688 17296 7537 -20435 -5933 END
START -6260 688 15440 11815 -20671 -1669 END
START -4940 1152 14444 11307 -20290 -1356 END
START -2668 2012 11800 12886 -18342 294 END
START -3184 4968 11732 10292 -16950 695 END
START -2492 5588 8568 8737 -14731 -436 END
START -1172 5828 6976 6615 -14415 -487 END
START -212 6388 5884 5423 -13953 -36 END
START 1912 6216 6192 3244 -11020 75 END
START 3628 5968 6000 52 -8936 -761 END
START 3280 5588 6356 -989 -6493 -303 END
START 3028 5584 6260 -2868 -2845 -825 END
START 3736 4496 5076 -4564 1351 -1144 END
START 3420 3596 5492 -2806 3356 -422 END
START 3456 2812 6372 -2912 5987 285 END