START 5224 -3720 9704 -3839 3120 1514 END
START 4744 -4444 9232 -3802 5381 2033 END
START 4504 -5240 7884 -3396 7130 2395 END
START 3608 -5516 7108 -3928 8723 1743 END
START 2712 -5656 6804 -4928 10874 926 END
START 1408 -5696 6284 -4330 13279 1932 END
START 1040 -4928 5544 -3773 13587 1357 END
START 512 -4484 4372 -3189 14648 214 END
START 812 -4680 3688 -2198 16797 -62 END
START 900 -3928 3768 -1430 19368 633 END
START -88 -2904 4612 -769 21361 832 END
START -768 -2696 5988 -1123 23086 1270 END
START -1992 -3108 7588 -3126 24320 1653 END
START -4332 -3768 8008 -5091 24682 427 END
START -5152 -4800 8704 -5604 22906 -1168 END
START -4580 -5456 10668 -5996 20952 -2202 END
START -5584 -4428 15036 -6677 19590 -3906 END
START -2524 -6796 20316 -2254 17716 -1046 END
START -4164 -7804 24632 758 18567 1045 END
START -6992 -4452 23988 -3133 19166 -4636 END
START -4380 -7096 28392 3001 16844 516 END
START -3876 -5636 30720 2794 16208 107 END
START -9788 -5736 32767 5141 13914 1193 END
START -11628 -5520 32767 3269 10571 -2502 END
START -13472 -5996 32767 -342 6031 -7616 END
START -11780 -7972 32767 2150 461 -9010 END
START -11252 -8708 32767 4513 -3724 -8624 END
START -10148 -8996 32767 6465 -6830 -8717 END
START -10168 -7888 32767 8379 -10309 -9872 END
START -10704 -7140 32767 8610 -13664 -11804 END
START -9508 -8268 29600 12180 -16973 -11737 END
START -7416 -7960 24268 13881 -19176 -13441 END
START -5908 -5476 20804 17163 -18596 -12989 END
START -2284 -2696 16692 20955 -17297 -9822 END
START -1504 2840 13532 22481 -15042 -5611 END
START -2280 8028 10448 19922 -12607 -3704 END
START -732 10168 8980 15072 -11202 -2878 END
START -364 11840 7584 9440 -11104 -4483 END
START -128 10896 6408 5155 -10308 -5290 END
START 1128 8580 5688 2203 -9537 -5041 END
START 888 6984 5680 95 -8020 -4795 END
START 812 6180 6036 -999 -6543 -4027 END
START 1500 5448 6276 -873 -4444 -3659 END
START 1576 5224 7568 -815 -2202 -4564 END
START 3380 3988 8220 1586 -522 -4313 END
START 2404 5096 9104 1991 2816 -2452 END
START 492 5308 10312 1315 5084 -1255 END
START -716 5388 10696 1696 4697 564 END
START -1096 6128 12344 834 5036 1609 END
START -1648 7424 13888 -1035 6503 -163 END
START -2152 7336 13644 -1773 7011 -728 END