START 1556 -2068 8560 -2977 6104 2006 END
START 2460 -2568 8584 -2311 7496 2652 END
START 2676 -2864 8036 -2708 9479 2856 END
START 2648 -3816 7812 -3538 10084 3389 END
START 2120 -4492 7840 -4148 11111 3949 END
START 2212 -5604 7652 -3496 15527 5524 END
START 840 -5156 8452 -4982 13927 2997 END
START 12 -4900 7944 -3729 14856 2037 END
START 420 -5072 7608 -3630 16472 1005 END
START -32 -4720 7736 -3201 17169 334 END
START -692 -4140 8376 -2739 17611 1134 END
START -592 -3740 9464 -3804 19110 317 END
START -1756 -5732 13196 -2477 19447 1832 END
START -4024 -6376 12524 -3881 21075 813 END
START -4972 -6400 13924 -4033 19896 -796 END
START -5528 -7672 16608 -560 19755 209 END
START -5072 -7960 18212 5098 19647 3220 END
START -9272 -2920 20720 3550 18653 -166 END
START -6988 -4864 23520 4340 17520 -171 END
START -8884 -3660 25304 2379 16921 -1888 END
START -10416 -3860 26500 4163 13543 -1217 END
START -10708 -3076 29400 4936 11097 -423 END
START -11208 -2260 29548 3154 9576 -1958 END
START -11420 -1572 29672 2698 6289 -3893 END
START -9700 -1552 29780 3014 3941 -4809 END
START -8512 -1488 30636 4003 2113 -3667 END
START -8600 -1252 32148 3421 414 -3966 END
START -9380 -1500 31808 2235 -649 -5184 END
START -9404 -2748 31172 1831 -2445 -6449 END
START -10908 -3492 29532 2251 -4771 -7339 END
START -10432 -4396 28108 3159 -7134 -8525 END
START -9456 -4960 27228 4857 -10510 -8936 END
START -7460 -5168 25868 6832 -13096 -8453 END
START -5728 -5480 25236 7837 -14162 -7063 END
START -4868 -4396 24392 8256 -15199 -7599 END
START -4656 -3304 19096 9827 -15560 -8523 END
START -3604 -1112 17844 10257 -15923 -9378 END
START -3556 1444 13524 10962 -14844 -9972 END
START -3208 3004 11244 12171 -13662 -8552 END
START -4996 6608 7660 9633 -12723 -9320 END
START -2564 5776 6632 7727 -10857 -7778 END
START -2136 6880 6544 6719 -9553 -5665 END
START -1324 6916 5980 4885 -8166 -4192 END
START -248 6220 6644 3567 -7206 -2311 END
START 144 5444 6892 1322 -6061 -1555 END
START 568 4804 7100 55 -5184 -1807 END
START 768 4144 6988 -285 -4113 -2256 END
START 1172 3836 7504 98 -2961 -2396 END
START 1240 4036 8620 867 -2465 -2021 END
START 1796 4284 11820 -197 -2082 -1921 END
START 2080 4596 15504 -892 -1284 -978 END
START 228 3732 16296 -2673 906 437 END
START 1148 3116 15500 -2032 5344 2571 END
START -3268 5608 15504 273 5249 1520 END
START -2692 4556 19036 341 4887 -1047 END
START -584 3264 19284 695 3416 -773 END