START 4244 -4068 13412 -678 569 4587 END
START 3508 -3296 13304 -1005 2574 3038 END
START 3596 -2856 13108 -1053 4983 292 END
START 3832 -2992 12748 -1059 7760 -2836 END
START 4204 -3028 12944 -547 10829 -5505 END
START 4948 -3920 13480 1119 13893 -7836 END
START 5124 -3628 13728 2126 16524 -9353 END
START 4868 -3072 15208 -787 20172 -11020 END
START 5192 -5056 13972 -135 23574 -10367 END
START 2828 -5744 13044 -3027 26641 -11339 END
START 5072 -5980 12516 -2429 28964 -11370 END
START 4424 -4008 12976 61 32767 -8757 END
START 1880 -3244 11136 3073 32767 -6903 END
START -1012 -4224 8792 10494 32767 -7635 END
START 892 -3860 12744 -632 32767 -10580 END
START -5628 -1392 11476 -12379 32767 -16981 END
START -8296 -7092 11296 -14043 32767 -16742 END
START -11584 -6844 10660 -8252 32767 -12099 END
START -15624 -6028 12616 -795 32767 -5144 END
START -15272 -3980 14676 1724 12962 -206 END
START -18184 -1944 18924 -2283 -2627 887 END
START -14128 -36 23216 -1610 -9838 -2025 END
START -11456 -3328 22968 -4913 -5676 -8147 END
START -9588 -6880 26192 -2951 5252 -12648 END
START -11720 -8536 24972 -749 11790 -14568 END
START -14836 -10704 21752 4816 5753 -12056 END
START -15516 -10920 22232 10119 -5717 -7919 END
START -15264 -11412 20456 17578 -17312 -2833 END
START -13216 -9068 18884 26200 -26819 -798 END
START -8344 -6848 17904 30642 -32162 7 END
START -8532 -5392 15556 32767 -32768 -2762 END
START -7832 -2516 16156 32767 -32768 -4659 END
START -6620 -280 12112 25948 -32768 -7090 END
START -3480 3436 11808 23575 -32768 -3478 END
START 376 7668 14964 15201 -32768 -2706 END
START 5960 9964 18408 11179 -29957 -4907 END
START 9064 8920 20428 4379 -22887 -9000 END
START 8108 5888 15672 4026 -14108 -9184 END
START 6428 4036 16644 7559 -4552 -7086 END
START 5024 4720 12228 12037 2271 -2290 END
START 2984 7052 10696 12318 5610 -742 END
START 496 8004 8812 10280 6047 151 END
START -3588 8716 10156 9178 8322 2675 END
START -3476 9324 8380 6553 4646 1437 END
START -2108 9216 10072 4210 2256 -142 END
START -1172 9552 12000 1507 3187 -1840 END
START 1728 8404 8924 -536 3419 1035 END
START 1392 11252 13732 -1682 6284 984 END
START -116 8164 14264 -5665 7994 -250 END