START -408 -5576 12116 1186 -2819 5319 END
START -196 -4716 13328 2025 -2135 5788 END
START -584 -3152 13364 677 -1170 4393 END
START -672 -3324 12628 -282 -752 2260 END
START -264 -4088 11824 -530 -45 1115 END
START 64 -4684 10952 -453 913 358 END
START 616 -5360 10272 -42 2003 225 END
START 1188 -5820 9932 503 3312 364 END
START 1480 -5908 9456 1249 4452 733 END
START 1072 -5588 8960 1890 5328 1289 END
START 1024 -5108 8836 2275 6148 1673 END
START 984 -4340 8220 2604 7631 1281 END
START 1464 -3740 7800 3189 9524 725 END
START 676 -2612 7760 3015 11856 -559 END
START 504 -2080 7380 2528 14398 -1916 END
START -16 -1604 7316 1952 18206 -2860 END
START -1100 -1800 7560 1507 19541 -4443 END
START -1416 -2668 7672 708 21300 -4418 END
START -1940 -2844 8060 840 22719 -3858 END
START -2852 -2808 9408 472 24213 -3859 END
START -4428 -1176 11676 -816 25678 -6644 END
START -2848 -3060 12884 4361 25254 -4189 END
START -7112 -1672 16032 7887 25110 -1434 END
START -8740 1580 20228 10184 22135 -4781 END
START -12604 1504 25724 4134 18351 -15522 END
START -11996 -2132 32156 3791 15856 -11392 END
START -10740 -1216 32767 3272 15387 -9365 END
START -13688 -544 32432 7495 10538 -6100 END
START -14532 1620 32767 11600 6017 -3602 END
START -15580 3816 32767 11116 1896 -6954 END
START -14296 3452 32767 11160 -3220 -8768 END
START -15644 3144 32436 8523 -8696 -12580 END
START -15784 128 30612 6373 -16061 -14389 END
START -15424 -2688 26820 6122 -23710 -15448 END
START -7272 -5852 22904 8194 -32768 -15588 END
START -8876 -5740 21568 10975 -32768 -14241 END
START -10064 -5044 12140 8592 -32768 -9838 END
START -3668 200 9380 14508 -32768 -8924 END
START 3708 5664 13468 13845 -32768 -6445 END
START 12192 10320 26368 180 -32768 -5288 END
START 9112 10388 15744 385 -25390 -6955 END
START 7772 9616 15340 4371 -11899 -5440 END
START 2980 8020 10548 7295 -3889 -3841 END
START 1624 7792 6728 7188 -2773 -2519 END
START 1620 7084 6656 6830 -1333 -738 END
START 944 7660 6940 4555 -1633 3 END
START -592 7828 7608 2503 -456 1603 END
START -12 7728 7864 924 556 1931 END
START 120 8360 8388 -1587 -956 -20 END
START 1412 8128 10096 -2850 83 -1759 END
START 2660 7156 12160 -2694 4012 -3431 END
START 3248 7076 13676 -2702 7653 -3324 END
START 2688 6564 13156 -3461 9926 35 END
START 712 7196 13672 -3379 11566 1647 END
START 2020 6304 11120 -2399 13210 1978 END
START -1364 7268 12328 2593 12766 2987 END
START -1968 6648 14408 6258 9227 2906 END