START 4704 -6072 13636 -668 3533 -1700 END
START 6108 -5532 13812 1401 7344 883 END
START 3868 -4860 14360 325 6304 -884 END
START 3216 -6480 12408 -183 6569 -1078 END
START 2304 -6472 12508 -788 6986 -449 END
START 912 -6060 12356 -734 7692 431 END
START 1708 -5880 11608 -1498 6449 -64 END
START 1260 -5296 12536 -2160 7230 -1285 END
START 1216 -5048 12168 -1760 7945 -2051 END
START 1380 -4548 12084 -1364 8511 -2136 END
START 1200 -4072 11968 -977 9652 -2578 END
START 1408 -3328 11856 -521 11238 -2933 END
START 1328 -2692 11716 -460 13764 -3631 END
START 964 -3096 11436 -1336 16355 -4256 END
START 1340 -3248 10848 -2565 18883 -4352 END
START -12 -3748 10872 -3645 20852 -3211 END
START -2024 -3724 10148 -3732 22414 -2213 END
START -2496 -4388 9360 1083 23245 661 END
START -3608 -2864 10516 1304 23921 474 END
START -4192 -1816 11144 2048 22686 -1789 END
START -4716 -2120 12888 2252 24632 -2752 END
START -3236 -2324 16384 -1178 23521 -7369 END
START -7580 -2504 16232 -4837 24298 -7681 END
START -6128 -5368 16860 -5921 23708 -5413 END
START -7056 -6792 18300 460 23361 889 END
START -9524 -6240 19876 1219 21527 2423 END
START -8944 -7456 21960 4652 20662 6953 END
START -11784 -5320 22164 6889 15735 9037 END
START -14204 -3864 24976 6244 11433 5435 END
START -15364 -3368 25720 4335 7497 -745 END
START -14912 -3988 25700 2030 2762 -6908 END
START -14592 -4584 25736 1770 -1459 -10146 END
START -13296 -4932 26116 1279 -2916 -13394 END
START -12112 -6048 25096 2000 -5690 -14637 END
START -11756 -6080 23968 3771 -8531 -13343 END
START -11140 -6744 23156 5401 -11241 -10491 END
START -10412 -5936 23064 6211 -13495 -7745 END
START -9360 -4896 22540 8173 -14507 -4759 END
START -8984 -4076 21960 10777 -14144 -3804 END
START -8928 -2044 21664 10983 -14783 -5850 END
START -8624 -1440 19584 12971 -15590 -6520 END
START -7756 -2304 16688 13670 -18508 -5607 END
START -7376 -2128 14568 11785 -21229 -4062 END
START -5692 -1068 11388 11836 -21350 607 END
START -5068 1772 11336 12733 -24978 3009 END
START -1992 5064 12496 13824 -22656 5258 END
START -1680 5836 12128 7979 -21310 -686 END
START 900 4296 12052 3879 -20340 -4317 END
START 2340 2764 12340 3958 -18865 -5935 END
START 4112 2356 12784 4802 -16227 -4611 END
START 4520 2316 12260 5811 -10911 -2861 END
START 3976 2988 11636 6835 -5686 -975 END
START 4276 3408 10076 8711 -1968 2406 END
START 3364 4840 10420 8511 649 3624 END
START 3260 4708 8920 7182 2228 4078 END
START 1920 4836 9320 5668 2739 4704 END
START 368 4968 10332 3407 2687 4486 END
START 1124 4460 10672 1427 446 3917 END
START 4 5608 12336 812 -1392 4201 END
START 240 5908 13408 -1618 -412 2264 END
START 764 5556 14340 -3131 184 1260 END
START 1564 5332 16160 -3130 784 1450 END
START 1556 4912 18508 -3171 3070 993 END
START 1348 3816 18004 -3529 6002 58 END
START 796 3048 17480 -3909 8579 673 END
START -592 2788 18860 -2113 8911 2232 END
START -1752 4532 19796 -1053 9123 4781 END
START -1600 3352 21720 -952 6084 6642 END