START 744 -2752 14548 -1466 -2054 1671 END
START 1420 -3884 13172 -1182 -1542 880 END
START 1700 -4128 12896 -481 -1077 1239 END
START 2356 -3836 12380 154 -336 1376 END
START 2556 -3192 12864 130 860 832 END
START 2868 -3296 12488 -52 2074 299 END
START 3028 -3144 12248 38 3142 33 END
START 2956 -3104 11712 184 4057 23 END
START 2876 -3160 11472 204 5432 -9 END
START 2660 -3288 11028 233 6750 82 END
START 2204 -2968 10836 424 7876 302 END
START 1768 -2944 10276 697 8806 573 END
START 944 -2864 10436 497 9573 344 END
START 84 -2836 10664 -531 10012 -468 END
START -756 -3244 10732 -1220 9992 -1416 END
START -1208 -3384 10376 -2155 10134 -2912 END
START -1032 -3672 10672 -2928 10864 -4443 END
START -744 -4248 11024 -2455 11839 -5102 END
START -716 -4064 11696 -2289 12744 -5605 END
START -884 -3912 12300 -1872 13075 -6384 END
START 644 -5704 13016 487 15259 -4172 END
START -960 -3956 16384 476 16826 -3592 END
START -2364 -3604 16016 292 18022 -5358 END
START -2068 -5700 16536 3363 18617 -3021 END
START -4924 -1132 18520 2585 18505 -3538 END
START -2740 -1476 20472 3141 18862 -3646 END
START -5896 -736 19876 6418 16737 -1228 END
START -7152 2376 21208 4096 15667 -3295 END
START -8384 1960 24396 4794 12231 -3989 END
START -9080 3272 24572 2301 10011 -5652 END
START -9172 2572 24756 1229 8092 -6261 END
START -9008 2652 24976 1714 6417 -5374 END
START -8820 2560 24300 2144 5452 -4902 END
START -8512 2456 23744 2759 4561 -4015 END
START -7900 2896 22932 3478 3689 -3009 END
START -7172 3312 22480 3370 3230 -2161 END
START -6160 3388 21444 4326 2428 -670 END
START -6848 4320 22340 1897 1461 -1274 END
START -6344 4156 21368 385 634 -2373 END
START -6160 3040 21608 -119 -676 -1893 END
START -6132 2092 22116 -1429 -1566 -2193 END
START -6216 808 23180 -2656 -3632 -2771 END
START -7696 556 23388 -3694 -6873 -4538 END
START -5820 -3080 23348 -4006 -7615 -4303 END
START -5204 -4684 25636 -2010 -9405 -4143 END
START -5508 -5172 26788 -744 -11132 -6715 END
START -5556 -6716 28160 992 -12861 -9050 END
START -4672 -8768 27084 3123 -14171 -9508 END
START -3904 -8840 25276 7109 -13921 -8835 END
START -3540 -6992 21204 12981 -13692 -6516 END
START -3488 -2668 18176 17948 -12384 -4164 END
START -2740 2028 15652 18484 -11314 -3735 END
START -3824 5360 11196 20896 -9016 588 END
START -3664 8480 10124 18268 -8920 1417 END
START -2652 8972 10656 13914 -9395 2225 END
START -2552 9004 10512 8831 -8911 2186 END
START -2648 7948 8804 4424 -8637 636 END
START -2008 6560 7332 1762 -8711 -932 END
START -1532 6068 7600 101 -9239 -1793 END
START -420 5124 7336 -293 -9550 -2370 END
START 748 4332 9272 -1330 -8229 -2157 END
START 1524 3648 10500 -1512 -6359 -1349 END
START 1760 2856 10544 -1666 -3638 -340 END
START 1196 3160 9400 -800 -1652 384 END
START 844 3688 9412 288 -827 802 END
START 720 3876 11052 348 -745 1204 END
START 768 4200 12488 -778 -572 1493 END
START 608 3904 13836 -2049 52 1240 END
START 64 3444 14500 -3059 683 680 END
START 28 2992 14628 -3227 1198 412 END
START 500 2636 14912 -1779 1436 664 END
START 920 2704 16456 -243 1799 893 END
START 3240 1844 17400 870 2707 2082 END
START 1928 4044 17156 272 4105 2966 END
START 504 3712 19260 1068 6347 3004 END
START -412 4640 19212 136 7158 1492 END
START -648 3884 19144 -570 5823 1546 END