START -28 -3588 16920 -3510 -4035 4977 END
START 540 -4408 15948 -2604 -5015 3627 END
START 1128 -4148 14712 -426 -4329 3410 END
START 1548 -3780 14024 346 -2812 3150 END
START 2544 -5008 13572 1150 -1508 3028 END
START 2800 -5260 12856 1099 -733 3834 END
START 2136 -5396 12776 1529 -40 4917 END
START 1888 -5000 12460 588 911 4614 END
START 1820 -5140 11736 -243 1707 3994 END
START 2084 -5244 11328 -683 2230 3805 END
START 1708 -4744 10800 -1904 3079 2464 END
START 1532 -4924 10232 -2243 4518 1564 END
START 1660 -4836 9716 -2547 5835 136 END
START 1744 -5040 9100 -2644 7326 -1568 END
START 2012 -4808 8780 -1937 9159 -2438 END
START 1916 -4256 7780 -1186 11384 -2780 END
START 2180 -3424 7148 -318 14168 -3011 END
START 2504 -2336 6516 146 17600 -2665 END
START 2840 -1128 6132 505 20760 -1616 END
START 2724 -12 6752 256 24047 -289 END
START 2672 336 8260 -1336 26803 65 END
START -1952 12 10244 -916 28926 1193 END
START -332 -836 10884 -5663 29348 -123 END
START -3896 -1508 12204 -6917 31905 -4176 END
START -8132 -3296 10724 -8461 32342 -6544 END
START -9644 -7668 10756 -535 28985 -715 END
START -13744 -1520 16096 1210 22925 -4882 END
START -15496 -4312 23484 2626 11047 -13936 END
START -8268 -7908 27928 3163 8753 -10629 END
START -11516 -7328 27556 -5102 9602 -13256 END
START -13312 -9240 31000 -1254 8205 -5902 END
START -12200 -9120 31460 2642 6620 -5587 END
START -12744 -8596 32767 4278 4985 -6778 END
START -12892 -7920 32220 8027 2670 -6206 END
START -9720 -7404 32700 9749 -286 -5729 END
START -13656 -5204 32767 9651 -3841 -4971 END
START -14612 -4132 31348 9537 -8369 -6326 END
START -14208 -5020 27984 8485 -12210 -8096 END
START -13484 -5160 28568 10345 -17694 -10051 END
START -9340 -5240 22564 8940 -19905 -14834 END
START -3620 -6212 21140 10756 -21092 -13853 END
START -5060 -2656 16072 21626 -20208 -6948 END
START -3516 1460 13916 20730 -17842 -4549 END
START -3416 5720 10928 15216 -15796 -5366 END
START -1296 6972 8292 15308 -12680 -1039 END
START -1456 9572 7140 13694 -10647 1592 END
START -1224 10300 5916 10280 -8568 1575 END
START -928 9884 5700 7358 -7037 1480 END
START -604 9236 6944 5000 -6477 1254 END
START -88 8228 7676 1637 -6133 791 END
START 524 6728 7964 -1020 -5315 813 END
START 232 5648 8556 -3149 -4060 790 END
START 480 4436 8908 -4407 -3003 1469 END
START 260 4012 9500 -4880 -1638 2390 END
START 208 3820 10168 -4365 -447 3043 END
START 548 4000 11144 -3773 906 3369 END
START 360 4492 13300 -3440 2166 2448 END
START 124 3880 14268 -3619 3161 1551 END
START -436 3192 15752 -4035 3751 955 END
START -1180 1636 15000 -2216 6880 4545 END
START -1056 1328 15896 -3096 5568 2822 END
START 300 2036 17120 -4060 5772 3551 END
START -3288 1028 18604 -2324 6453 3817 END