START 3112 -8268 8788 -2320 6610 -715 END
START 2004 -7312 9964 707 9685 -243 END
START 1812 -6932 9464 1963 13579 1487 END
START 1124 -6540 10796 406 12496 222 END
START 80 -6756 10096 -1116 13497 -153 END
START 8 -7200 9720 -1874 14371 95 END
START -620 -6848 9732 -1772 14265 -211 END
START -1092 -6164 9960 -2370 15403 -1582 END
START -1256 -5852 9632 -3704 17900 -4173 END
START -1612 -6200 9076 -3160 19941 -5767 END
START -3292 -6728 8936 -2087 21125 -6281 END
START -4128 -7744 9928 -1534 23391 -6994 END
START -7984 -6320 11948 -1311 21140 -7457 END
START -7020 -7060 12516 2247 21265 -4713 END
START -7608 -5860 13924 1030 18383 -3341 END
START -7752 -3372 15352 -275 17864 -4407 END
START -6252 -4144 18536 964 17493 -3257 END
START -5088 -4756 19788 8328 18236 2774 END
START -10332 2080 19380 3849 16315 -5043 END
START -10652 -2724 23060 2641 17431 -7736 END
START -10684 -1844 22740 8662 14757 -3422 END
START -11664 1108 25796 9020 11716 -3218 END
START -12092 2452 26964 9242 9213 -2153 END
START -12620 3820 27612 8878 6184 -1137 END
START -12608 4528 27356 6391 3935 -1796 END
START -12412 5160 26292 4318 1595 -3021 END
START -12080 6040 24620 1905 -1862 -5074 END
START -10092 3420 22324 4402 -2987 -4259 END
START -8324 1592 24068 1601 -4088 -5763 END
START -8084 1160 25784 709 -4460 -6024 END
START -8292 -464 25680 1328 -5569 -5747 END
START -8776 -2328 26188 1475 -8217 -5705 END
START -9608 -3920 27696 1004 -11021 -6654 END
START -9440 -5312 27200 180 -13238 -8207 END
START -10820 -5572 27124 1667 -15273 -9294 END
START -7248 -6636 24256 4814 -18499 -10379 END
START -5552 -7136 22308 7200 -19661 -9844 END
START -4224 -6380 21184 11565 -19949 -8671 END
START -3472 -5108 18140 13918 -18820 -9010 END
START -2908 -3284 15796 16949 -17841 -7553 END
START -2652 -544 12920 19192 -15547 -5819 END
START -2508 2528 9916 20398 -13386 -3651 END
START -2304 5488 8304 19735 -11983 -1794 END
START -1840 8108 7596 17765 -10884 -527 END
START -1740 9600 8240 13765 -10634 -202 END
START -1696 9520 8428 9334 -10440 -668 END
START -924 9168 8660 4659 -9424 -1906 END
START 84 8428 8632 2399 -8158 -2077 END
START 728 7528 8248 726 -6090 -2038 END
START 932 6580 7352 348 -4619 -1338 END
START 1132 5684 8088 161 -3397 -586 END
START 928 5320 10304 84 -3011 255 END
START 88 5884 11652 -744 -2295 605 END
START -80 5820 11416 -1863 -1004 302 END
START 1284 5528 10540 -913 146 1165 END
START 2736 6152 13104 -389 2316 1765 END
START 2432 6024 12484 -2478 5902 1336 END
START 2480 5444 13792 -1953 7206 3178 END
START 1204 5948 14988 -4667 9416 3297 END
START 476 4504 15584 -6760 10866 2684 END