START 3464 -3900 15568 865 -4098 3338 END
START 2244 -3784 15964 1534 -3774 3960 END
START 2544 -3324 15304 1301 -2893 3190 END
START 2824 -3664 13944 1489 -2132 1958 END
START 3428 -3840 12920 1971 -640 1060 END
START 3728 -3436 12316 2500 871 77 END
START 4200 -3044 11540 2666 2190 -341 END
START 4760 -3116 10876 2328 3884 -354 END
START 4404 -3084 10352 1592 4960 392 END
START 4388 -3072 10284 869 5654 1404 END
START 3712 -2372 10432 -72 6608 1704 END
START 3352 -2352 10728 -1563 7973 1215 END
START 3172 -2360 10840 -2380 8886 524 END
START 3044 -2404 11052 -3822 10040 -69 END
START 2684 -2500 11648 -4653 11758 -1259 END
START 1952 -2536 11632 -5693 14601 -3119 END
START 1916 -3116 11040 -6065 17363 -4352 END
START 1880 -3164 11500 -4699 19233 -4277 END
START 1804 -2788 12408 -3820 21926 -3888 END
START 1524 -2860 13660 -5427 25447 -4480 END
START 3972 -3932 12264 -6807 27892 -2489 END
START 3116 -4916 12504 -3776 27714 1387 END
START 304 -3748 13816 -1168 29496 5716 END
START -1856 -1740 16152 217 30674 7834 END
START -5464 -1364 15400 -3112 32767 4682 END
START -9520 -2292 13820 560 30739 3565 END
START -10436 -3464 16588 7909 26156 4579 END
START -12476 120 20332 3619 19064 -1931 END
START -14032 -532 24528 3432 9983 -5896 END
START -8068 -3424 26228 6266 7718 -2231 END
START -11852 -1244 27924 -119 9240 -3650 END
START -12284 -2032 25088 -2674 10082 -5998 END
START -13536 -2412 23568 -2383 8401 -7249 END
START -13464 -2604 23464 1585 3872 -5826 END
START -12896 -1820 24672 3334 -404 -6692 END
START -15524 -2056 26212 2079 -4292 -10933 END
START -14904 -4832 26544 2127 -9230 -13744 END
START -13784 -6228 26736 2546 -13622 -15148 END
START -13228 -8488 25392 4941 -17039 -14876 END
START -12308 -10084 23280 10491 -21897 -12893 END
START -11488 -9188 20832 15287 -27121 -11825 END
START -6544 -7008 17816 19002 -30673 -10331 END
START -9144 196 14968 22691 -32485 -10573 END
START -1164 1160 15800 17568 -29928 -15286 END
START -68 1988 13268 16503 -24850 -16692 END
START 1816 3980 13760 14479 -20848 -15618 END
START 2996 4668 11188 13594 -16694 -12031 END
START 2524 4028 8996 12241 -12779 -7954 END
START 2436 4624 8436 12352 -10078 -5011 END
START 2540 5276 9680 11135 -8159 -3454 END
START 2284 5664 10508 8246 -6198 -3367 END
START 2192 5848 10564 6164 -4824 -3670 END
START 1936 6440 10528 4642 -3015 -4004 END
START 1812 6644 9904 2342 -767 -4954 END
START 2012 7416 9976 2323 290 -3793 END
START 2384 8564 10844 2000 1520 -1787 END
START 2016 9512 12736 788 3227 -342 END
START 996 8832 13052 -1256 5406 243 END
START 3716 8024 11552 -3921 8421 956 END
START -952 8080 13648 -1304 9215 3506 END
START -2880 7968 15480 -4081 6929 4405 END