START 1760 -3648 11100 -3413 12143 -1224 END
START 2096 -3916 11332 -3507 13740 -1920 END
START 2612 -4224 11160 -3714 16124 -3294 END
START 2444 -4216 11600 -3487 18186 -5139 END
START 1920 -4468 10960 -2655 21012 -6673 END
START 2284 -4268 11648 -4413 25565 -10148 END
START -1696 -5444 9972 -7036 27735 -9450 END
START -3456 -5028 10016 -7198 27835 -5340 END
START -1972 -4920 12908 -4841 29010 546 END
START -6156 -4652 12532 -8717 29237 986 END
START -9252 -3308 12424 -6071 23806 1096 END
START -9740 -3324 14744 -6405 20808 1137 END
START -7320 -4908 14884 -7786 21967 3084 END
START -9500 -2376 18584 -3105 15681 1345 END
START -11428 -1572 17120 -6381 15920 -5542 END
START -10244 -4972 18956 -5656 15508 -5454 END
START -11128 -5320 20328 -2797 14112 -5075 END
START -12384 -6304 21956 -4381 10967 -8029 END
START -14008 -9056 22644 -3142 8186 -8430 END
START -13696 -10816 23424 -1707 3808 -8412 END
START -14816 -11884 25200 1371 -1303 -7944 END
START -14392 -13372 26452 5067 -5315 -8093 END
START -14468 -14392 26828 10353 -8513 -7661 END
START -14804 -14328 25544 15691 -12988 -8893 END
START -14884 -13820 21632 21237 -19735 -10341 END
START -11472 -11944 17460 26350 -29557 -9211 END
START -8376 -6712 15756 30203 -32768 -4518 END
START -5360 -988 11908 29610 -32768 -820 END
START -3604 3140 10520 27187 -32768 1606 END
START -832 8956 11548 22583 -30960 -1618 END
START 1764 10192 14176 11384 -24644 -7416 END
START 2716 8824 12552 7245 -20622 -10445 END
START 3720 7644 12244 6690 -17098 -10083 END
START 5100 6368 13872 9040 -10556 -7458 END
START 5268 7592 14456 9178 -1891 -5495 END
START 2624 6860 11072 9775 6017 -3775 END
START 1384 7248 9444 10172 11180 -352 END
START -296 7944 8192 9615 11888 444 END
START -1512 8360 9144 7887 11261 514 END
START -1720 6488 10392 4183 9311 -1211 END