START 3128 -2128 13320 793 1800 1312 END
START 2700 -2392 12300 1553 2155 1299 END
START 2852 -2128 12848 427 3263 965 END
START 3052 -2036 11892 -515 5340 409 END
START 3208 -2768 11192 -1343 6981 762 END
START 2760 -2560 11004 -2433 8786 1038 END
START 2344 -2632 10652 -3323 10307 1504 END
START 1968 -2816 10108 -3642 11586 2389 END
START 1148 -2428 9976 -3264 13055 3021 END
START 444 -1604 10944 -4403 15124 2411 END
START -224 -1536 10724 -5323 17324 433 END
START -400 -1780 10492 -6306 19428 -2184 END
START -800 -2408 10232 -7638 22060 -5394 END
START -916 -3124 9248 -7487 24130 -7425 END
START -1800 -3956 9176 -7384 27587 -8999 END
START -1792 -4832 8200 -7536 30646 -9320 END
START -3180 -6820 8584 -8312 31383 -7892 END
START -6588 -8328 8124 -1978 28394 -2528 END
START -3880 -7112 11544 -1507 26096 1214 END
START -6812 -5288 12116 -3331 23315 3408 END
START -6128 -3844 15292 6338 10731 8972 END
START -6184 -4012 19136 17473 14568 17318 END
START -9520 3176 23768 6403 15863 9317 END
START -8944 -632 24724 4419 14396 -1884 END
START -9124 -3404 25148 9778 14439 5095 END
START -11636 -672 27092 8604 9391 2514 END
START -12200 768 27240 5388 6596 -200 END
START -12476 2992 27716 6991 1368 43 END
START -12636 3984 28756 5201 -1848 -2732 END
START -12364 3424 29084 1671 -5081 -7709 END
START -9852 788 30240 -374 -8919 -10832 END
START -10276 -1172 31440 -2165 -10744 -14696 END
START -8600 -4016 29608 -1900 -12270 -17048 END
START -8304 -5492 27668 4003 -15163 -13142 END
START -6724 -4768 27008 8361 -17694 -8099 END
START -6320 -4508 26716 9672 -19667 -6333 END
START -5712 -4428 26144 8836 -21104 -8097 END
START -1300 -5776 23092 10191 -18760 -6476 END
START -5536 -1192 19508 11744 -23483 -8947 END
START -3480 -492 17392 9363 -23658 -12136 END
START -1600 520 15296 7921 -24078 -12999 END
START -556 2136 12700 10838 -21707 -9562 END
START 556 4584 11928 9096 -16764 -8489 END
START 3180 5220 10920 9930 -10743 -5823 END
START 2288 7196 10216 8824 -6613 -4204 END
START 1716 7708 8480 8189 -1042 -1816 END
START 1896 8212 5116 5264 4954 255 END
START -2280 7532 3784 4423 9600 2109 END
START -2288 8416 4320 3742 8506 2527 END
START -3572 8520 5480 3102 6853 590 END