START 1560 -1164 17828 -228 -682 1425 END
START 1088 -1700 17332 -248 -730 1448 END
START 788 -1436 17644 -148 -1064 1910 END
START 1036 -1240 17508 -332 -1491 1831 END
START 2804 -1412 16520 193 -1519 2893 END
START 2484 -1276 18316 -651 -1983 1665 END
START 2240 -1200 18308 -657 -1176 1019 END
START 2068 -1984 17624 -583 -924 1027 END
START 1800 -2444 17208 -447 -714 1108 END
START 248 -2188 17104 -98 935 1291 END
START 1064 -2352 16500 347 -134 804 END
START 1476 -2476 15956 354 -412 335 END
START 1880 -2560 15708 96 -348 50 END
START 2152 -2496 15664 -88 -236 0 END
START 2344 -2688 15348 -177 29 -105 END
START 2292 -2868 14880 106 344 -24 END
START 2696 -3248 14880 240 1088 9 END
START 2700 -3048 14656 325 1602 87 END
START 2516 -3236 14636 290 2247 -15 END
START 2240 -3340 14208 -225 2754 -487 END
START 1864 -4132 13404 -338 3173 -891 END
START 1488 -4444 12716 309 3332 -796 END
START 1228 -4552 12600 825 3661 -1001 END
START 900 -4548 12216 1154 4421 -1745 END
START 732 -4616 11884 1105 5525 -2964 END
START 140 -4828 10540 1168 6634 -4116 END
START 116 -5012 9428 1981 7720 -5038 END
START -152 -4856 8640 2584 9150 -5774 END
START -120 -4424 7988 3342 11054 -6089 END
START -412 -3700 7572 4086 13129 -6095 END
START 324 -3232 7968 4209 15216 -5905 END
START -272 -2456 8588 3123 16493 -6093 END
START 132 -3332 8524 4745 17681 -4311 END
START -604 -1856 10396 2674 18628 -4991 END
START -1440 -1132 11528 1674 18498 -6771 END
START -596 -768 13488 1103 18188 -7379 END
START -3344 -144 16620 685 17384 -7546 END
START -2568 -1464 20480 243 19668 -3041 END
START -5976 1256 22304 6692 19891 528 END
START -10044 4236 24680 4827 14936 -5928 END
START -9988 5480 27808 -2626 13561 -11344 END
START -12308 3804 28668 3042 13177 -5871 END
START -12676 4228 28952 3536 9297 -4804 END
START -12604 4532 29736 1658 6327 -4813 END
START -11560 4656 30748 1578 3079 -3398 END
START -11332 5244 31332 154 141 -3874 END
START -9660 3180 31804 -838 -1327 -4134 END
START -9772 1328 31656 -192 -3288 -4555 END
START -9744 -188 31932 565 -6420 -5224 END
START -9028 -1776 30524 -200 -8464 -6388 END
START -7676 -2976 28192 713 -9942 -5554 END
START -6660 -2708 26764 3220 -11603 -3663 END
START -5776 -1708 24972 5390 -13369 -2865 END
START -4756 -1064 23900 5794 -14442 -3224 END
START -4472 -904 22084 5450 -14987 -4591 END
START -4224 220 17812 6302 -15498 -5903 END
START -2224 -304 15776 6944 -15393 -7193 END
START -3224 920 12756 12000 -13971 -3872 END
START -1524 2372 11096 11019 -12388 -3316 END
START -700 4040 9208 8584 -10001 -2636 END
START -876 4884 7876 8017 -8882 -1175 END
START -1052 5436 6648 6651 -7781 27 END
START -1300 6016 6512 4456 -8256 -956 END
START -956 5660 6924 3034 -8134 -1362 END
START -1084 5260 8124 644 -7568 -2361 END
START -668 3644 6992 -417 -6491 -2540 END
START 600 2468 6692 175 -5198 -1152 END
START 876 3048 6820 796 -2789 186 END
START 1404 4428 6960 2445 357 1341 END
START 1200 5504 8316 3486 2526 3325 END
START 768 7376 11328 1566 3663 2705 END