START 2592 -5244 12096 -4321 -809 2053 END
START 2032 -5784 12136 -2027 -422 3063 END
START 2392 -5136 12356 -1565 -54 3027 END
START 2708 -5516 12092 -1411 -30 2110 END
START 3140 -5752 12424 -1087 1334 1808 END
START 2824 -5332 12360 -232 2676 2142 END
START 2448 -4672 12060 -60 4576 1367 END
START 2056 -4420 11348 339 6160 617 END
START 1692 -4296 11096 829 7379 551 END
START 1388 -4144 10964 921 8266 459 END
START 1448 -3916 10912 456 9414 -139 END
START 1344 -3712 10424 -229 11026 -880 END
START 1256 -3964 9832 -462 12312 -1134 END
START 980 -3492 9192 -410 13742 -1326 END
START 612 -3260 9292 -187 15140 -1768 END
START 572 -2840 9356 -388 16494 -2315 END
START 76 -3056 10176 -1194 17455 -2644 END
START -524 -3364 11240 -2766 18311 -3123 END
START -1360 -4140 11840 -4655 19654 -3773 END
START -2636 -5204 11940 -5745 21187 -4063 END
START -2484 -6740 11012 -4598 21714 -3633 END
START -5464 -5184 13312 -1815 20820 -4023 END
START -5964 -6148 13624 2853 20825 -2007 END
START -7156 -4684 17500 3792 19305 -1497 END
START -6856 -7564 16692 4639 22649 1655 END
START -10800 -988 20460 3442 17541 -3819 END
START -12120 -2388 22452 3238 13949 -10156 END
START -6880 -4956 22692 4753 13620 -5294 END
START -10156 -3100 24404 7286 12464 -3056 END
START -11204 -1880 26056 5383 11012 -4130 END
START -11180 -1540 25444 4045 10116 -4532 END
START -11164 -1760 24616 5521 7644 -3391 END
START -10512 -408 24852 6108 5770 -2926 END
START -9684 420 24636 5402 4061 -3874 END
START -10472 1044 25396 5110 2659 -4919 END
START -11612 3504 24972 4700 1080 -6847 END
START -11196 2616 21064 6216 557 -6456 END
START -9472 1156 21944 3896 -1180 -6586 END
START -10504 1652 21132 3441 -2980 -5235 END
START -10116 1724 20804 4108 -5437 -3550 END
START -9484 2008 20884 3094 -7666 -3359 END
START -9264 2884 20416 2180 -9905 -4375 END
START -7340 1516 21760 1887 -12376 -5960 END
START -7020 1392 24028 -2058 -14124 -9935 END
START -6232 -1576 23652 -2848 -16112 -12072 END
START -6180 -4656 24660 -3238 -18915 -12942 END
START -6148 -7620 23876 -3513 -19897 -12785 END
START -5180 -8424 20360 2227 -20868 -7712 END
START -3912 -5972 17652 9326 -20584 -3096 END
START -4372 -1180 12528 16569 -15756 2834 END
START -728 2860 11664 19528 -16515 3255 END
START -1100 6752 12408 21306 -16028 3752 END
START -316 8368 14084 18063 -16478 4377 END
START -664 8952 14688 11867 -15610 3890 END
START -1116 8072 12460 5784 -14034 1299 END
START -848 6564 9096 1397 -12719 -2411 END
START 800 4972 7920 3563 -11925 -2170 END
START 2300 5280 10016 1947 -13134 -3982 END
START 3932 3960 10908 1580 -11581 -2470 END
START 5332 4508 12232 405 -8238 -1431 END
START 5512 4484 11792 32 -4732 -1232 END
START 5540 4404 11296 645 -963 -1515 END
START 5008 4160 11364 1059 2152 -1390 END
START 4148 4048 10872 986 4106 -773 END
START 3192 3736 10256 1272 5261 432 END
START 2700 4016 10356 1960 5556 1479 END
START 2548 5000 11748 1941 5691 2267 END
START 2436 5820 13456 1594 6701 2279 END
START 1856 6848 16436 1019 7541 1956 END
START 1324 7100 19284 -1032 7890 1573 END
START 444 6532 19912 -3102 8745 673 END
START 8 5292 18992 -3631 9551 213 END
START 412 3760 17328 -2883 11215 2243 END
START -584 4152 17640 1307 9618 3685 END
START -1732 4804 19140 149 11384 3251 END
START -2112 3092 18196 -1690 11450 4550 END