START 2036 -4416 9996 -1733 4985 3317 END
START 1784 -4972 9656 -1059 4487 4838 END
START 348 -3264 9972 -1525 5669 5142 END
START 724 -4028 8920 -1173 5702 5844 END
START 556 -3220 9036 -1736 6135 5194 END
START 308 -3020 8904 -1867 6434 3970 END
START 1076 -2476 9504 -2104 7721 2058 END
START 2120 -2520 9744 -2610 9824 511 END
START 2904 -2672 9228 -2773 12760 -268 END
START 3388 -3028 9312 -2468 15770 -522 END
START 3104 -2808 9708 -1642 18939 -233 END
START 2156 -1744 9856 -1351 22254 -626 END
START 2512 -3616 8824 -1642 27572 995 END
START -1172 -3076 9356 -1592 30542 2560 END
START -4464 -2328 7752 -3088 32767 3076 END
START -8904 -3584 7256 -5212 30178 1181 END
START -9612 -4376 7524 -2938 25542 2357 END
START -10652 -4472 9648 -1135 18118 3405 END
START -10780 -3432 12708 2462 12360 4100 END
START -9816 -112 17932 1946 9769 1024 END
START -5660 -2328 20684 416 7225 -2116 END
START -5144 -2164 24936 -814 11850 -2872 END
START -6528 -4044 26712 -3457 13689 -4496 END
START -7172 -6280 26284 -94 14672 -2260 END
START -8904 -7452 27048 3178 13867 359 END
START -10528 -6344 27504 8182 11697 4417 END
START -12176 -2936 27872 11107 8690 5182 END
START -12948 584 28432 9364 5007 1771 END
START -12788 1380 28320 6702 2577 -2160 END
START -11820 192 27604 3958 440 -5331 END
START -11320 -2192 27252 2588 -962 -7050 END
START -10660 -5300 27228 2403 -2493 -7915 END
START -10484 -7960 26144 3606 -3324 -8628 END
START -10844 -9812 25276 6901 -5516 -8330 END
START -10736 -10544 26288 10697 -9282 -8824 END
START -9720 -11576 26624 12898 -11733 -11137 END
START -9912 -11728 27220 14286 -15492 -14072 END
START -8760 -10712 23600 16106 -17925 -16653 END
START -6612 -9028 20236 18825 -19998 -15482 END
START -7660 -5412 15756 19559 -19862 -14777 END
START -7840 -276 10108 22717 -21322 -10159 END
START -6984 5816 7980 24585 -19682 -6695 END
START -5856 11124 6252 21453 -17656 -4341 END
START -2792 13044 4748 17294 -15538 -1663 END
START -2760 12976 4844 12180 -15351 -1209 END
START -1024 13188 5836 5540 -16330 1325 END
START -88 12652 6572 2579 -13987 1980 END
START 1164 11672 8408 -1690 -10586 373 END
START 1144 10120 7960 -3095 -7903 -56 END
START 1092 9428 8528 -4212 -4899 -920 END
START 1228 8840 9076 -3526 -2151 -2078 END
START 1220 8392 9628 -3317 950 -3064 END
START 2448 8444 10904 -2160 3645 -3786 END
START 1644 8372 12076 -2324 6728 -4237 END
START 1448 6948 13012 -2382 9037 -4020 END
START 1224 7988 11264 -468 10367 127 END
START -140 6212 14920 -1612 9158 638 END
START -2724 7812 17604 -4368 9520 24 END
START -5596 6588 17756 -5183 8460 337 END