START 2472 -5448 14400 -1185 -138 539 END
START 1840 -6376 13472 353 -688 1507 END
START 1736 -5540 13368 970 379 1042 END
START 1904 -5492 12532 1098 1471 936 END
START 1320 -5040 12272 1197 3218 1400 END
START 1168 -4236 11704 1413 3302 2249 END
START 948 -3420 11340 415 4066 2236 END
START 1284 -2672 11336 -770 5279 2074 END
START 1652 -2268 11448 -2726 7232 1742 END
START 2432 -2024 11372 -4346 9463 2152 END
START 2636 -2400 10612 -6128 12500 2451 END
START 2488 -2536 9500 -6657 15959 2011 END
START 2376 -2560 9340 -6585 18880 1188 END
START 2012 -2316 9544 -6782 22275 102 END
START 2124 -1768 9964 -9307 26062 -1453 END
START 2552 -2564 8692 -11147 30349 -2291 END
START 1004 -3280 8812 -14550 32767 -4287 END
START -1692 -5240 6552 -13853 32767 -4358 END
START -2520 -5452 9228 -13541 32767 -5205 END
START -3932 -9684 8704 -11998 32767 -4226 END
START -8136 -9196 10096 -8009 32767 -733 END
START -9812 -8948 14592 -2899 23066 2790 END
START -11556 -10656 16868 2544 12247 6762 END
START -12264 -6668 20932 7168 9241 10857 END
START -10640 -5476 29352 1545 12743 4912 END
START -11016 -6072 26220 4222 14264 3425 END
START -13928 -5956 26024 3539 11453 -1524 END
START -14828 -6608 25888 734 7180 -6654 END
START -15512 -7684 25580 1819 1119 -9687 END
START -14864 -9300 25864 3080 -1688 -12056 END
START -14092 -11368 25160 5297 -6938 -14995 END
START -13676 -13272 25352 9305 -13614 -17676 END
START -11216 -13724 23716 13496 -17850 -21834 END
START -9456 -12596 19488 20864 -21528 -22333 END
START -7692 -9188 16920 27637 -27015 -20268 END
START -6856 -7020 15292 28866 -29612 -17112 END
START -4032 -2184 13640 27067 -31373 -19441 END
START -4108 1516 13756 25809 -28716 -17843 END
START -1980 2484 12556 22116 -23378 -15746 END
START -940 5540 11604 20715 -18145 -13898 END
START 660 7376 11724 15564 -13011 -11106 END
START 1060 8440 11264 15413 -8741 -6826 END
START 1136 10728 11696 14242 -5608 -2523 END
START 996 10296 11928 10455 511 -1384 END
START 424 10364 10564 9012 5047 -139 END
START -1400 9880 9604 8062 8772 1528 END
START -2168 10360 9544 5679 9616 2243 END
START -1532 8784 8432 4872 5617 3586 END