START 136 -3012 14192 -98 -3623 6724 END
START -1028 -2928 13468 -1383 -3587 5689 END
START 412 -3576 14348 -3927 -2907 4294 END
START -344 -5788 10208 -1221 -2099 3210 END
START -572 -5636 11392 -1241 -910 1844 END
START -340 -6380 9044 310 926 1640 END
START -28 -6088 8672 1044 1954 1845 END
START -4 -5420 7264 1091 3023 1922 END
START 496 -4896 7428 1642 3830 3157 END
START 616 -4236 7844 982 5088 4016 END
START -52 -3508 7984 370 6285 4148 END
START -472 -3484 8288 -442 7708 3752 END
START -980 -3640 8060 -1257 9335 3205 END
START -1356 -3896 7452 -1600 10944 2729 END
START -1676 -3948 6664 -1324 12157 2284 END
START -2480 -3608 6500 -1816 12848 938 END
START -2864 -3604 7480 -1570 13144 554 END
START -2724 -3764 7944 -1597 14334 973 END
START -3516 -2972 8208 -2285 15642 611 END
START -3628 -2800 8152 -1798 16265 948 END
START -3628 -1724 9720 -1346 17249 2072 END
START -4540 112 10400 -2628 17284 1135 END
START -4264 -2328 11228 -3859 19017 1553 END
START -5292 -2604 14612 -4044 19583 2858 END
START -7124 -2780 15372 -3543 19023 2078 END
START -6948 -3280 19452 -3143 16465 1313 END
START -3264 -2540 25204 -4277 14749 -504 END
START -7580 -2508 28968 -4297 12631 -1483 END
START -7000 -5644 30920 2304 11987 1664 END
START -8380 -2660 32767 757 11748 1515 END
START -5920 -3572 32767 3260 12726 -633 END
START -13264 -4172 32767 1820 8867 1126 END
START -14208 -3352 32767 2240 5697 163 END
START -15448 -2036 32767 3350 1447 -360 END
START -15444 -208 32767 4353 -4153 -1196 END
START -15168 440 32767 1302 -8185 -4324 END
START -13572 -680 32767 133 -11987 -5995 END
START -12708 -1792 31448 1109 -15128 -5800 END
START -10340 -3136 29480 2511 -17361 -5341 END
START -9272 -4292 28700 2806 -19101 -4062 END
START -6960 -3600 26692 2216 -18612 -5607 END
START -5992 -3852 22872 3983 -18458 -5347 END
START -5800 -2828 19700 5980 -17946 -4762 END
START -4952 -2216 17640 6279 -17884 -5227 END
START -4484 -1876 17252 4776 -19140 -6584 END
START -3972 -2104 14852 2697 -19056 -8414 END
START -2352 -2504 11520 3433 -18281 -8662 END
START -1040 -1768 8640 4537 -16535 -8248 END
START 48 -756 7080 5805 -14419 -7115 END
START 1544 -888 6848 5428 -12660 -6566 END
START 612 -616 7064 2701 -11285 -6837 END
START 620 -820 5212 1346 -9537 -7584 END
START 188 -852 3404 1765 -7329 -7739 END
START 184 -144 2592 2626 -6056 -7417 END
START 712 480 2652 3126 -4791 -6948 END
START 972 836 2620 2205 -3335 -6688 END
START 500 640 1584 1345 -2387 -6036 END
START 492 740 1316 505 -1977 -5294 END
START 716 1148 1468 -253 -1433 -4818 END
START 1028 1620 1836 -427 -478 -4407 END
START 1484 2164 2168 -904 1532 -4340 END
START 2092 2568 2088 -686 3937 -3856 END
START 2696 2656 2292 -585 6549 -3091 END
START 2856 2340 2480 -682 9092 -2264 END
START 2828 2208 2764 -905 11179 -1617 END
START 3144 1904 3232 -1441 13066 -944 END
START 2832 1816 3648 -2282 14366 -633 END
START 2448 1720 4872 -3411 15446 -1058 END
START 1600 944 5868 -4653 17190 -1887 END
START 136 872 6100 -5643 19208 -2242 END
START -776 540 6828 -5316 20466 -2475 END
START -1992 200 8272 -5059 21919 -3036 END
START -3236 140 10744 -5629 22844 -3331 END
START -6240 -1008 12812 -6638 22598 -2213 END
START -6364 -3252 15164 -4563 21562 -1288 END
START -8256 -2460 21060 -4977 21463 248 END
START -9600 -1692 22312 -4130 20507 -1258 END
START -10460 -2760 27548 -4171 17474 -2151 END
START -11952 -3972 32767 -3482 15154 -3579 END
START -11596 -7212 32767 -1481 13296 -7644 END
START -14712 -8520 32767 -583 8496 -6049 END
START -15292 -5684 32767 3485 7047 -5013 END
START -14636 -5076 32767 7059 4564 -1883 END
START -16204 -2360 32767 8999 850 -841 END
START -15828 -944 32767 6929 -2265 -2329 END
START -15476 -1012 32767 3880 -5580 -4428 END
START -14400 -2592 32767 4703 -10887 -3910 END
START -13432 -4188 32767 3939 -13103 -5572 END
START -11688 -3844 32668 8204 -16022 -4891 END
START -10256 -1544 28488 10378 -17061 -5251 END
START -9068 -484 24796 11958 -18677 -5646 END
START -7592 -968 26144 10198 -20976 -6256 END
START -6776 -1900 23056 7826 -20763 -7476 END
START -5928 -1896 18680 10178 -20585 -6336 END
START -5312 -108 15176 11755 -19668 -5816 END
START -3896 2312 10716 12949 -17544 -5220 END
START -3664 5104 6092 11401 -16479 -4445 END
START -2652 7260 5112 9005 -16164 -5204 END
START -1948 7384 3040 6258 -17050 -6395 END
START -176 6876 4156 2080 -16704 -7880 END
START 880 5652 4000 -234 -14291 -9044 END
START 1540 3604 2264 1696 -9757 -6050 END
START 2616 2884 2064 2031 -7667 -4428 END
START 3148 3416 1972 791 -4664 -3189 END
START 2852 4032 2016 1235 -2716 -217 END
START 2148 5328 4176 89 -1724 855 END
START 1560 5156 6128 -2388 -1130 -337 END
START 1188 4164 7760 -4431 275 -1680 END
START 448 3684 7868 -3231 1230 -760 END
START 364 4144 9304 -2218 2266 11 END
START 248 4432 11124 -1840 3224 731 END
START 0 5172 14476 -1173 3644 2513 END
START -744 5780 15268 -2912 4683 3062 END
START -3196 5056 13936 -3859 6952 3292 END
START -1264 5176 15612 -2928 5753 3438 END
START -1784 5512 17616 -2690 6843 3227 END