START 2684 -2520 12948 -1945 400 862 END
START 4056 -3152 13424 -2603 2444 -378 END
START 4720 -3692 13088 -3000 5517 -1396 END
START 5140 -3888 12384 -3425 9123 -2411 END
START 5084 -4692 10804 -3326 12803 -3116 END
START 4916 -4776 9736 -3612 16597 -3513 END
START 4308 -5524 7996 -4034 19365 -3012 END
START 2468 -6144 6324 -4457 22103 -491 END
START 4180 -4940 6472 -3860 23908 3693 END
START 1748 -3168 5968 -5720 25818 6744 END
START -556 -1848 4876 -8177 29219 8016 END
START -2192 -632 4460 -9311 31275 7729 END
START -3592 -76 4124 -9543 31753 6442 END
START -4348 -752 4020 -8381 30067 3330 END
START -5064 -1820 5320 -7922 27721 -1254 END
START -7712 -3040 7388 -9132 25929 -6030 END
START -7388 -6084 9076 -12592 28935 -7780 END
START -9380 -8564 11236 -12121 28500 -3382 END
START -12660 -9240 15292 -11896 25222 -793 END
START -12448 -11512 18628 -9096 18406 2539 END
START -17684 -10584 23196 -1803 8343 8047 END
START -14944 -10696 32767 2619 9867 8492 END
START -15420 -13440 29552 -3883 -2984 1351 END
START -17916 -13768 32767 -1849 3471 -3920 END
START -15924 -17340 32767 -25 -381 -9990 END
START -16576 -18480 32767 6716 -3875 -9052 END
START -15764 -16128 32680 14358 -10477 -6773 END
START -13728 -14016 27920 20115 -20676 -5757 END
START -11956 -10224 23636 21253 -25809 -5347 END
START -8664 -7020 18200 20747 -28667 -6345 END
START -5780 -4664 12612 19706 -28612 -5859 END
START -3312 -2092 11668 18651 -29715 -9599 END
START -1372 568 10164 20097 -27803 -9003 END
START -1540 1656 10540 18482 -27305 -7038 END
START 2388 3516 11680 7780 -17883 -12467 END
START 1004 3000 7768 6449 -16381 -11465 END
START 2876 2736 5928 7640 -12220 -9006 END
START 2060 3772 4220 8162 -3232 -5779 END
START 3868 4268 2256 8426 5244 -2512 END
START 4128 6368 1112 7353 11410 320 END
START 4792 7660 792 5595 18102 2215 END
START 5332 9196 696 4549 24305 3293 END
START 5396 10444 1656 2288 29641 2902 END
START 4872 11504 3660 -855 32767 872 END
START 500 11196 5972 -7150 32767 -3419 END
START -988 7176 4736 -14486 32767 -10122 END
START -5944 1604 7000 -18988 32767 -16269 END
START -13072 -6080 9272 -17873 32767 -14565 END
START -20648 -13312 17044 -16067 24967 -14590 END
START -21956 -16792 20448 -10256 11873 -14345 END
START -26164 -12352 27628 2946 -11295 -6558 END
START -20732 -10980 29896 5643 -21036 -5581 END
START -12148 -9288 25040 1849 -32067 -9608 END
START -10880 -8392 23176 18419 -28482 -6676 END
START -9056 -3264 20488 18451 -31790 -11758 END
START -5180 -2268 15956 10797 -32497 -14130 END
START -5980 600 14488 14347 -32517 -8302 END
START 868 3096 17936 13637 -31670 -2454 END
START 5708 8344 21764 14305 -27068 -2683 END
START 728 6736 17868 4410 -15678 -4607 END
START 6196 7732 17052 5054 -8332 -5185 END
START 3516 8112 17008 7718 -2695 -2163 END