START -1704 -1644 13880 -1616 -670 7738 END
START -2112 -1240 13820 -2386 -506 7220 END
START -2044 -1536 13212 -3740 -278 5635 END
START -1616 -2292 12228 -3938 163 4307 END
START -1168 -2832 11580 -3920 1233 3129 END
START -704 -3596 11260 -3799 2769 2672 END
START -704 -4108 10584 -3745 4442 2669 END
START -1384 -4340 10392 -2966 5297 3251 END
START -1832 -4268 10420 -2719 5957 3464 END
START -2344 -4404 10288 -2904 6899 3314 END
START -2524 -4224 10164 -3082 7937 3062 END
START -5560 780 6568 -3988 6734 2980 END
START -6348 936 7784 -3960 7636 1235 END
START -3172 -3468 12392 -4275 9284 1535 END
START -2748 -3796 11120 -7850 12651 85 END
START -4016 -4604 10776 -4764 13856 73 END
START 1540 -7596 13460 -1110 11748 -463 END
START -2704 -5704 14156 -8141 14724 53 END
START -4276 -3832 12880 -6524 18115 2458 END
START -3660 -5316 15968 -1561 16576 5954 END
START -5276 -2800 17220 -2019 15561 3331 END
START -6084 -4060 16892 100 15430 2311 END
START -7552 -3228 19688 6588 10806 2617 END
START -7140 -2552 23120 -2368 12762 -1590 END
START -8964 -4064 21812 -2450 11781 -583 END
START -8788 -3256 24720 -4571 10803 314 END
START -9788 -3292 25528 -2896 7811 2356 END
START -11096 -2088 27240 -3341 4850 822 END
START -12376 -2856 27828 -4407 2269 -1713 END
START -11712 -4104 27896 -4753 -319 -4367 END
START -11832 -5120 27528 -5078 -3279 -6629 END
START -10424 -6792 27064 -2566 -5662 -6036 END
START -9776 -7500 26172 318 -7361 -4136 END
START -9272 -7264 25172 2584 -8881 -3201 END
START -8848 -6836 24228 4744 -10358 -2951 END
START -8388 -6384 21904 6079 -11262 -3477 END
START -8112 -5636 19964 8071 -12659 -3346 END
START -7152 -4588 18900 9258 -13884 -3323 END
START -6132 -4020 16404 9128 -15076 -4585 END
START -4832 -3628 15424 8383 -16115 -5748 END
START -3312 -3772 14392 7848 -16502 -6586 END
START -1648 -3816 13236 7907 -16393 -7338 END
START -492 -3668 12368 8931 -15547 -7213 END
START 208 -3296 11812 9015 -13818 -7429 END
START 376 -2868 10320 9407 -11774 -7384 END
START 744 -1868 9224 10207 -10299 -6892 END
START 1520 -452 8520 11056 -8597 -6108 END
START 2028 728 8152 10466 -6376 -5904 END
START 2292 1560 7944 9345 -4156 -5827 END
START 2284 2168 7432 7954 -2505 -5775 END
START 2292 2768 7436 6055 -1052 -5956 END
START 2368 2760 7496 3786 621 -6490 END
START 2140 2060 7064 1816 2412 -7172 END
START 1968 1216 6508 778 4231 -6739 END
START 1692 1208 6656 876 6002 -5293 END
START 1632 1612 6692 1074 8289 -4106 END
START 1284 2560 7228 921 10355 -3313 END
START 752 3280 7816 122 11901 -3007 END
START 316 3724 8956 -1567 13291 -3569 END
START -196 3476 10080 -3296 14268 -4850 END
START -452 3164 11568 -4912 14997 -6636 END
START -1060 2312 13028 -5442 15992 -8197 END
START -2216 352 14432 -5570 16129 -9147 END
START -3864 -1120 16432 -4726 15885 -8588 END
START -4196 -1952 18888 -4091 12375 -8651 END
START -7500 -848 23468 -1846 13343 -4873 END
START -9248 -4 28708 -1833 12379 -4891 END
START -11468 -1032 28288 -2478 9340 -4559 END
START -13432 -1480 32296 -1702 5753 -7201 END
START -13676 -4176 31384 737 3496 -7597 END
START -13360 -5448 29468 5375 -70 -5643 END
START -13516 -3640 28800 8621 -3139 -3359 END
START -11572 -960 27784 12371 -5950 63 END
START -10752 1472 25356 13320 -6693 2728 END
START -7832 3952 22944 14959 -6616 3832 END
START -6716 5352 24060 5095 -2449 -1779 END
START -7092 3980 20044 6254 -3939 -1720 END