START 1492 -3600 13452 -3219 27 2718 END
START 1400 -3960 12896 -2843 2148 2163 END
START 1232 -4668 11380 -3013 4014 1591 END
START 972 -5700 10392 -2665 5261 1424 END
START 936 -6020 9788 -1785 6168 1757 END
START 424 -5932 9792 -1328 7102 2276 END
START 64 -5664 9600 -1080 8272 2486 END
START -552 -5208 9436 -1143 9401 2444 END
START -1076 -4292 9548 -1404 10603 1805 END
START -1300 -3920 9976 -1747 11444 727 END
START -1408 -3772 10480 -2522 12581 -535 END
START 724 -4200 10596 -2737 15049 -1014 END
START -1020 -3760 11548 -3019 16403 -2147 END
START -1292 -4560 11208 -2613 18792 -2541 END
START -2116 -5296 11748 -2621 21737 -2804 END
START -2808 -6624 11352 -1080 22779 -1430 END
START -5836 -5856 11152 815 22333 711 END
START -7696 -4620 13264 2193 22121 2163 END
START -7564 -2224 14084 7044 19245 4074 END
START -9728 720 18532 5968 17013 2288 END
START -9536 1848 21112 3000 16183 -443 END
START -10064 1648 22592 -342 13146 -3693 END
START -11584 -196 24536 -1959 11612 -3541 END
START -11024 -1244 26052 -3346 9450 -3567 END
START -11060 -2444 27604 -3051 7201 -2488 END
START -12976 -2104 28332 -1937 4126 -3014 END
START -11792 -2636 28264 97 2150 -2448 END
START -11680 -2432 28636 799 -338 -3246 END
START -12004 -2160 27944 1089 -2968 -3069 END
START -11624 -2356 27040 1842 -5781 -2845 END
START -10940 -2256 25440 1734 -8010 -3501 END
START -9552 -2464 22948 2041 -9772 -3687 END
START -8500 -2980 20704 2871 -11528 -3435 END
START -7436 -3184 18780 4420 -13345 -2734 END
START -6160 -2824 17576 5804 -14975 -2018 END
START -2044 -3320 17036 6777 -15401 -456 END
START -4468 -1136 15488 7071 -16771 -1552 END
START -3064 -960 15404 6259 -17590 -2617 END
START -1836 -284 15024 5198 -17418 -3391 END
START -712 -12 14388 5107 -15615 -4141 END
START 92 -108 13580 4631 -13447 -4980 END
START 692 -324 12280 5691 -11701 -4565 END
START 1040 -240 11496 7029 -9600 -3672 END
START 1220 20 10488 8282 -7256 -2615 END
START 1008 424 9564 9328 -5078 -1652 END
START 904 1064 8872 9811 -3128 -733 END
START 1032 1820 8400 9350 -1239 189 END
START 1004 2656 8116 8730 118 771 END
START 952 3348 8052 7488 1352 657 END
START 1124 3808 8148 6031 2715 180 END
START 1092 4068 8332 4041 4070 -159 END
START 1080 3680 8292 1835 5607 -641 END
START 780 3480 8700 327 6905 -975 END
START 772 3332 9344 -971 8403 -1418 END
START 696 3104 10564 -2261 10191 -1664 END
START 500 3208 11556 -3468 12693 -1978 END
START 92 3184 12916 -4360 15350 -2532 END
START -676 2652 13900 -5425 17733 -3951 END
START -1712 1612 15232 -5468 19405 -5476 END
START -2508 -36 16688 -4612 21272 -6955 END
START -5208 -1596 17004 -5303 22523 -9105 END
START -3140 -5248 19940 -9588 27723 -11236 END
START -6704 -5308 22900 -6875 27926 -9511 END
START -11604 -5100 23580 -6575 28710 -7785 END
START -15004 -7300 23892 -3642 24578 -5785 END
START -17724 -8900 22496 1141 19707 -3831 END
START -21744 -7168 22688 5259 10743 -976 END
START -21516 -5088 22704 10855 874 1416 END
START -20332 -2304 22608 13182 -7986 -380 END
START -17124 -184 22820 10561 -13388 -6788 END
START -9564 400 19864 8729 -19862 -12909 END
START -8820 -568 18656 8361 -19040 -16229 END
START -7968 -740 17092 10782 -19332 -16500 END
START -5128 -992 15736 13726 -20167 -14620 END
START -4968 256 15860 14936 -19019 -12416 END
START -4732 1104 14312 15464 -17644 -10150 END
START -3548 3596 13852 15723 -16188 -7356 END
START -3700 5724 13244 11446 -13339 -4838 END
START -3124 6628 12792 9224 -10528 -3352 END
START -2148 6740 12872 5421 -8641 -3499 END
START -884 6872 10508 2040 -4567 -2669 END
START -2124 6688 11940 2715 -189 -676 END
START -2272 7768 13652 1579 1775 449 END
START -3372 6076 12644 1441 1620 3167 END