START 2948 -5896 8036 -2060 8481 1814 END
START 2232 -5148 8764 592 8421 2897 END
START 2440 -5072 7852 -1071 11244 2012 END
START 832 -5036 7028 -3877 15080 502 END
START -440 -6152 4232 -2226 15275 1953 END
START -1668 -5312 4160 -1537 15831 3528 END
START -2852 -4192 4400 -880 15954 5215 END
START -3612 -2804 4516 -1652 16195 5440 END
START -4452 -2176 5280 -3133 16177 4393 END
START -3892 -1312 5592 -3500 16425 3095 END
START -4556 -1260 7080 -5710 17485 708 END
START -4572 -1896 7840 -8001 19016 -1042 END
START -5028 -2988 8260 -8506 20220 -792 END
START -5548 -3096 9240 -7606 20070 -745 END
START -4068 -6284 8680 -5857 22244 1747 END
START -4632 -5736 13988 -3228 23919 6612 END
START -8044 -3876 16928 -5141 22950 5500 END
START -9272 -5420 21880 -4068 21628 5702 END
START -10148 -6080 25592 -4014 19695 4003 END
START -13036 -9312 29224 347 19130 3129 END
START -13620 -10392 32767 1767 14744 1307 END
START -10732 -11876 32767 4585 12038 -3240 END
START -16576 -11304 32767 5422 9540 -2288 END
START -18244 -8956 32767 10921 4874 4 END
START -16652 -6204 32767 12533 679 -4 END
START -15728 -3232 31384 11060 -4603 -1054 END
START -14828 -2660 31108 10631 -8470 -3426 END
START -13080 -2532 28320 7325 -9978 -7144 END
START -11760 -3508 25084 8312 -11701 -6735 END
START -10280 -3572 20916 10942 -11210 -3899 END
START -10152 -2884 18500 11536 -14059 -1844 END
START -9604 -580 16988 12380 -15141 -120 END
START -8436 828 15544 11349 -17122 -1155 END
START -7508 2364 15260 7315 -19887 -4351 END
START -5928 1244 13356 8365 -21080 -4254 END
START -4220 1264 11264 5112 -21350 -5261 END
START -3048 2188 10508 5633 -20376 -6908 END
START -1108 2036 8572 5981 -19646 -6893 END
START -736 3192 9948 6223 -16406 -6795 END
START 1400 2844 9180 2651 -12823 -7258 END
START 1028 2728 8520 2645 -10310 -6247 END
START 1496 2644 7272 1942 -7560 -6356 END
START 1760 2132 6492 2068 -5056 -6148 END
START 2204 1944 5996 2017 -2512 -5785 END
START 2724 1564 4704 2102 237 -5320 END
START 3032 1052 4248 1641 3275 -4810 END
START 2760 1188 3628 1848 5661 -3831 END
START 2100 1512 3864 1355 7546 -3216 END
START 1240 1908 4124 180 9580 -3240 END
START 704 2220 4068 -950 11459 -3658 END
START 460 2424 4456 -2528 13677 -4559 END
START 728 1652 4488 -4099 16305 -6080 END
START 880 920 4448 -5052 18570 -7423 END
START -432 532 5884 -4640 20979 -8504 END
START -308 -1484 7648 -4183 22643 -8889 END
START -2936 -1488 8540 -3112 24415 -9430 END
START -6024 -2148 11064 -208 23329 -6028 END
START -10860 1288 14772 1971 19880 -2250 END
START -14180 4080 23136 -1108 19228 -4575 END
START -12448 1480 24760 -5232 14387 -5243 END
START -13960 516 29792 -7223 10461 -7710 END
START -12716 272 32767 -10542 8804 -12279 END
START -16736 -2856 32767 -3634 5810 -6863 END
START -16020 -3868 32767 2108 3134 -5511 END
START -17084 -3552 32767 3667 -1433 -4269 END
START -15912 -3152 32767 5741 -6338 -2528 END
START -14936 -2100 32767 7684 -9518 -1270 END
START -13240 -472 32544 10371 -12957 -784 END
START -11280 344 29776 9575 -15621 -3060 END
START -9664 -64 27504 9282 -18149 -4607 END
START -9332 -1232 25956 9187 -19858 -3872 END
START -6884 -760 22180 8224 -20309 -4343 END
START -6424 356 17912 9031 -21614 -3502 END
START -4668 1692 15152 9730 -22163 -2503 END
START -4036 4548 12880 9456 -21313 -1534 END
START -3160 6052 10884 9799 -20695 -1575 END
START -2212 6388 11980 6324 -20566 -3415 END
START -1540 5544 11340 3592 -19003 -4512 END
START -100 4436 9460 369 -16906 -5113 END
START 592 3688 7476 1412 -14290 -3537 END
START 1116 3984 6676 2563 -11082 -1894 END
START 1168 5236 6364 3965 -8488 347 END
START 1216 6600 7000 3753 -5944 1765 END
START 1496 7404 7788 1911 -2567 1968 END
START 1188 7328 8656 1569 1951 1975 END
START -92 6928 9344 -1158 2626 -494 END
START -368 5760 8604 -2006 3855 -1314 END