START 2240 -3488 15152 1130 -2699 8373 END
START 1060 -2840 14060 1059 -2042 8595 END
START 1320 -1640 12716 1578 -2015 7705 END
START 2232 -1448 13052 1674 -1006 4899 END
START 3136 -2080 13308 803 1085 2865 END
START 3316 -2756 12648 170 2787 1677 END
START 3228 -2908 11776 -523 4392 575 END
START 4376 -4032 12336 -1726 7032 -14 END
START 3824 -3812 10912 -1541 9244 -303 END
START 4052 -3848 11152 -1574 11045 -625 END
START 3988 -3704 11192 -1908 13636 -1069 END
START 3968 -3500 11512 -2142 15800 -1633 END
START 3988 -3268 11584 -3044 18719 -2899 END
START 4316 -3464 11604 -4615 22169 -4156 END
START 3528 -3480 11572 -5760 25496 -4604 END
START 3720 -4672 11948 -5989 30091 -5125 END
START 988 -5376 10968 -11131 32767 -5383 END
START -836 -8240 11060 -10711 32767 940 END
START -4116 -7760 15072 -9458 32767 5333 END
START -6440 -6164 13952 -10883 32767 8876 END
START -9484 -4584 13028 -9060 32767 12614 END
START -11112 -2644 16000 -9742 32767 11068 END
START -13464 -2864 15920 -12958 32767 5490 END
START -15608 -4732 16292 -9821 31807 1260 END
START -18044 -4328 16556 -6278 26420 -4980 END
START -18144 -5952 15840 -2528 18232 -5756 END
START -15680 -4344 17464 577 8131 -7014 END
START -18788 -5128 19140 1127 2224 -7121 END
START -17316 -6328 19032 2004 -1448 -5205 END
START -17028 -6884 19020 3790 -5739 -2830 END
START -16164 -7008 18640 5775 -9661 -920 END
START -15092 -6372 18912 8084 -12839 -63 END
START -14348 -5444 18568 10268 -16053 -248 END
START -12672 -4268 17712 12639 -18167 -973 END
START -12396 -4552 17264 15206 -21068 -1635 END
START -11732 -3068 14820 16267 -25439 -2101 END
START -8788 -2696 13912 17258 -28973 -1881 END
START -6796 -2068 14224 16581 -30856 -2101 END
START -4944 -1572 13424 15769 -30819 -2238 END
START -3524 -276 12548 15574 -30512 -1131 END
START -2308 832 12516 14912 -28641 1109 END
START -984 1884 13400 11363 -25622 1019 END
START 276 2680 13680 8323 -21936 -185 END
START 1324 3000 14268 5872 -20159 -575 END
START 2760 3528 14464 4620 -17352 -1799 END
START 3732 3520 14664 1768 -12697 -3802 END
START 4760 2944 13668 892 -8063 -4491 END
START 5528 2580 13012 1643 -3933 -3103 END
START 5780 2764 12500 1945 213 -1617 END
START 5192 3348 12328 1296 4115 -1655 END
START 5120 3408 11976 19 7756 -1847 END
START 4112 3548 12048 -1590 10598 -2502 END
START 3128 3544 11824 -2460 13126 -2374 END
START 2864 3408 12688 -3671 15778 -2311 END
START 5136 2692 13096 -7117 18913 -2419 END
START 1456 2540 13624 -9695 22539 -2850 END
START 1196 1476 13120 -11580 25394 -2581 END
START -2116 852 14368 -11498 30122 -1519 END
START 1920 -1352 12960 -19605 32767 -4288 END
START -3948 -3380 13992 -18661 32767 -4196 END
START -10232 -6680 12796 -15717 32767 -5032 END
START -12272 -9924 13020 -9173 32767 -5475 END
START -15736 -10008 14220 -1121 27108 -3432 END
START -17116 -8200 16956 4799 16322 -3875 END
START -19776 -6144 20636 6200 8614 -9483 END
START -19588 -6940 20240 7175 1908 -16779 END
START -14984 -8536 19980 10848 -652 -20573 END
START -14296 -6944 19400 10876 -5911 -26336 END
START -12064 -6992 18124 11787 -9868 -27259 END
START -10620 -4896 17536 15535 -14643 -23742 END
START -11788 -4808 15492 18350 -17887 -20340 END
START -11680 -1064 14404 21170 -22397 -15562 END
START -13048 2368 13156 19235 -28294 -14823 END
START -9740 3512 12960 15501 -31548 -15548 END
START -5676 3680 13324 12577 -32768 -13504 END
START -1484 4864 13972 11004 -27048 -10087 END
START 2308 6668 19968 -114 -8499 -7654 END
START 1868 3840 20188 -4501 310 -6983 END