START 696 -8228 15208 -2568 -3766 4403 END
START -100 -9036 13416 -1477 -3379 6473 END
START -1044 -6724 13592 569 -1053 8065 END
START -1868 -6096 12080 1711 -219 7287 END
START -3236 -4912 11276 2740 -1759 7836 END
START -996 -5848 11048 -253 1593 3706 END
START -2460 -4984 9772 -993 949 2965 END
START -1856 -5748 11540 -1182 1242 2414 END
START -1824 -7144 9436 -1596 2737 1691 END
START -1172 -7696 9128 -425 3302 2695 END
START -1436 -6984 9288 314 4061 3499 END
START -1664 -5592 9060 77 5014 3043 END
START -1472 -4428 9128 -179 5893 2449 END
START -1224 -3788 9184 -1161 7178 1324 END
START -900 -3780 9068 -1564 8644 685 END
START -704 -3556 8912 -1926 10065 1233 END
START -1248 -2420 8940 -2879 11618 1554 END
START -1356 -1172 8648 -3747 12951 1411 END
START -1656 -2020 9740 -4497 14960 967 END
START -1640 -2852 11320 -2722 16170 3421 END
START -2584 -2224 11440 -3709 17688 2967 END
START -3080 -1900 13652 -5597 18147 1766 END
START -4108 -2640 16992 -5001 17801 2420 END
START -5332 -3760 20400 -6325 16735 1288 END
START -6332 -5208 23940 -6435 14428 -109 END
START -6312 -6560 27976 -5325 11623 -1510 END
START -6652 -8560 32164 -3499 9501 -2415 END
START -5772 -11188 32767 -1464 5198 -2584 END
START -7460 -12032 32767 -2705 2659 -8172 END
START -10748 -13476 32767 4316 -584 -4557 END
START -10696 -9404 32767 7333 -4428 -6184 END
START -11016 -9036 31792 9017 -8425 -6722 END
START -10960 -6480 28728 10018 -12786 -7730 END
START -9228 -5748 23428 10514 -15172 -8464 END
START -7244 -4052 19028 13004 -17557 -6220 END
START -4260 -1436 15908 13388 -18474 -5909 END
START -1860 212 14008 13915 -18039 -5802 END
START 56 1356 12068 13286 -17026 -5047 END
START 1520 3104 11452 11244 -14494 -5326 END
START 1280 3952 11140 9067 -11781 -5528 END
START 1280 4056 10144 6575 -8653 -5995 END
START 1032 3760 9440 4556 -5509 -6934 END
START 1292 3264 8600 3434 -2471 -7121 END
START 908 2632 7184 2610 368 -6561 END
START 812 2444 6020 1885 2994 -5615 END
START 624 2620 5396 2019 4831 -4222 END
START 616 2996 5072 1841 6645 -3138 END
START 508 3328 5408 1061 8617 -2440 END
START 1124 3508 5976 -643 10628 -2532 END
START 836 3612 7048 -2259 13197 -2250 END
START 1148 3124 8240 -5239 15739 -1975 END
START 1808 2760 8744 -7547 18081 -1716 END
START 4368 1344 8240 -8396 21877 -1965 END
START 1620 172 6896 -7452 26364 -3570 END
START 1712 -4028 9092 -6662 32767 -6133 END
START -1560 -6240 10312 -4370 32767 -3212 END
START -8272 -5300 14820 -207 30293 -1101 END
START -14244 -4152 19408 1549 20819 1930 END
START -16004 -1428 24308 -2136 13063 407 END
START -16860 -580 27120 -2328 6211 -3023 END
START -15380 -1500 30008 -2299 254 -7071 END
START -13464 -4608 30516 -3191 -2938 -12770 END
START -13040 -6712 32767 -1659 -9243 -13257 END
START -11504 -8088 32767 -36 -12129 -12454 END
START -9744 -7444 31560 5726 -15079 -7227 END
START -9196 -5020 29012 8765 -14374 -5023 END
START -10708 -3500 26460 12076 -15438 -3618 END
START -8480 -364 24436 10832 -17430 -6984 END
START -8116 304 20692 9884 -14818 -6790 END
START -6092 1588 16932 11521 -15529 -4896 END
START -4960 2972 14992 12012 -16868 -3380 END
START -2472 4880 13756 11360 -16195 -1278 END
START -1296 6380 12736 8775 -14783 -484 END
START -136 7008 12048 5882 -13295 -610 END
START 816 6824 11252 2673 -11664 -1435 END
START 1516 6120 10696 -209 -10017 -2028 END
START 1700 5324 10324 -2351 -7647 -2215 END
START 2024 4312 9452 -3197 -4766 -2478 END
START 2332 3704 9532 -2701 -1915 -2086 END
START 1788 3056 9140 -2241 958 -1605 END
START 3612 2160 9352 -1138 2553 -17 END
START -436 2700 9744 -303 5963 1608 END
START -904 3268 11288 -1673 7086 1501 END
START -1860 2128 12376 -3485 7402 1327 END