START -4 -4260 12392 -756 36 3258 END
START -84 -4684 11408 768 495 4471 END
START -516 -4544 11024 1207 1083 5232 END
START -484 -4016 10720 969 1936 4618 END
START -628 -3804 10312 563 2842 3983 END
START -504 -3792 9960 196 3641 3479 END
START -484 -3540 9968 -310 4202 2766 END
START -360 -3456 9928 -1147 5057 2392 END
START -76 -3312 10076 -1799 6178 2259 END
START -272 -3172 10380 -1972 7645 1947 END
START -552 -3328 10200 -2246 9131 1305 END
START -864 -3552 10364 -1726 10087 1221 END
START -1008 -3208 10736 -1008 11126 1619 END
START -1572 -2476 11464 -900 12609 1367 END
START -2268 -1580 12440 -1315 14278 715 END
START -4192 -3204 12424 -1494 15139 932 END
START -2256 -2140 12956 -3017 15541 536 END
START -3276 -2024 14284 -3087 15084 607 END
START -3960 -2500 15196 -3506 14357 1318 END
START -4636 -2524 16980 -3525 14043 1585 END
START -5084 -2180 19132 -4019 13873 592 END
START -5608 -2640 20276 -3744 13030 -281 END
START -5988 -2232 22784 -1381 12103 -70 END
START -6380 -1884 25600 -2952 11251 -1700 END
START -6820 -3188 27792 -3871 9523 -3483 END
START -6056 -5676 28092 -4500 6682 -4345 END
START -8628 -6628 29044 -3493 5050 -3390 END
START -9108 -6892 31100 2268 2862 -1042 END
START -8944 -6572 29632 3454 -380 -557 END
START -9000 -5112 29728 3296 -2818 -1987 END
START -8664 -4820 30764 3532 -5193 -3026 END
START -7432 -5592 28268 4552 -6978 -4192 END
START -7052 -5472 26536 6129 -8925 -4252 END
START -5960 -5244 23988 7746 -9761 -4009 END
START -5732 -4388 21744 7972 -10526 -4749 END
START -4800 -3720 19416 10244 -11462 -3754 END
START -4264 -2432 18048 10188 -11890 -3312 END
START -4140 -1204 16180 8615 -12205 -4343 END
START -3596 -764 14460 7724 -12415 -5153 END
START -3044 -320 12116 7461 -12264 -5284 END
START -2376 600 10192 6928 -11568 -5317 END
START -1284 1736 9204 6729 -10970 -4735 END
START -656 2300 8656 5736 -9796 -4198 END
START 128 2580 8340 4578 -8672 -3810 END
START 780 2424 8268 3288 -7838 -3572 END
START -56 3116 7260 2304 -7114 -2912 END
START 920 2444 7564 763 -5488 -3175 END
START 1556 2420 7396 -486 -3936 -3478 END
START 1468 2572 7292 -1006 -2627 -3660 END
START 1968 2632 7484 -1290 -727 -3687 END
START 2304 2460 7752 -935 1551 -3147 END
START 2560 2608 8812 -758 4399 -2438 END
START 2176 2548 9032 -694 7599 -2072 END
START 2092 2556 9444 -533 10105 -1564 END
START 1648 2432 10148 -584 12447 -997 END
START 1340 2404 10696 -620 14754 -763 END
START 1304 2608 12384 -673 16728 -567 END
START 1340 3120 14428 -1050 19749 -842 END
START -412 3552 16412 -2684 23584 -2076 END
START -1796 2372 16584 -6022 27057 -2918 END
START -4452 -448 14756 -5339 29005 -2674 END
START -6364 -2400 15168 -2072 26568 -2192 END
START -8440 -3276 18840 -6419 28493 -3791 END
START -10752 -3316 20012 -358 24700 504 END
START -14460 -1952 22784 721 21074 2145 END
START -15828 -1968 23820 -2732 14626 285 END
START -16732 -1780 27004 -3769 10778 -1754 END
START -16356 -3464 27600 -3228 3679 -4806 END
START -15040 -6832 26376 -5599 4992 -5914 END
START -16228 -8396 24472 -1334 2331 -5891 END
START -16400 -9596 21584 4880 -4438 -1729 END
START -14680 -7664 21700 11811 -11780 3527 END
START -12908 -3776 21320 13571 -15073 4149 END
START -12604 -1304 20796 15064 -16625 2786 END
START -9132 -584 18252 14187 -16861 146 END
START -7900 612 16144 13702 -17885 -1997 END
START -7580 2040 13788 13017 -19354 -4725 END
START -5372 1536 13452 11684 -17698 -6180 END
START -4264 1720 11936 9771 -18597 -9057 END
START -2416 1516 10188 10907 -17096 -8978 END
START -936 3364 10920 12613 -15607 -7543 END
START -464 6160 11608 12365 -12545 -6206 END
START -836 8176 11084 10081 -5731 -5105 END
START 444 9660 12032 6736 357 -5696 END
START -196 8588 10988 5234 3026 -7987 END