START 1720 -3672 7688 -2854 10505 2173 END
START 1292 -3500 7420 -1832 12650 2809 END
START 936 -3176 9056 -2594 15134 1475 END
START 1448 -3700 9332 -4616 17089 -2 END
START 1076 -4056 9520 -4501 19292 -585 END
START 1048 -4880 10540 -3415 21905 233 END
START 1616 -5240 11280 -3692 25670 1259 END
START 1708 -4848 11452 -6504 31193 3382 END
START 1636 -3836 9928 -8762 32767 5930 END
START 460 -3612 8884 -10611 32767 9032 END
START -5004 -1760 8716 -11636 32767 12159 END
START -7332 -1904 8168 -7767 32767 15529 END
START -8700 -608 10188 -9619 32767 12306 END
START -10732 -40 13308 -15655 32767 3575 END
START -12656 -2508 13456 -13475 32767 -773 END
START -14716 -4716 16052 -11470 31410 -2865 END
START -16608 -6192 19400 -13146 23894 -8135 END
START -15976 -9136 21836 -12788 18601 -8604 END
START -18724 -9740 22436 -13661 11356 -8861 END
START -13948 -16832 26492 -3562 4018 -815 END
START -18880 -10516 32200 -213 3540 1797 END
START -20500 -10552 30940 2837 930 1501 END
START -20744 -9844 27236 5185 -5775 -60 END
START -20424 -9956 25656 7676 -10796 -2612 END
START -19964 -8820 23076 10110 -16938 -4500 END
START -17004 -8680 20456 12400 -24098 -5709 END
START -13988 -8568 19964 14738 -29021 -6286 END
START -9352 -7608 17544 18189 -32173 -5662 END
START -10188 -8308 17120 18569 -32768 -4898 END
START -5356 -5744 13220 22757 -32768 -1032 END
START -3556 -3616 13240 24648 -32768 1536 END
START -3236 -372 14340 21263 -32745 1360 END
START -2616 1724 13816 15274 -30096 -2223 END
START -1488 1984 11784 11434 -29301 -5388 END
START 936 1920 12352 11130 -27372 -6798 END
START 3472 2040 13124 8301 -24270 -6743 END
START 5532 1012 12220 7042 -20148 -4310 END
START 4112 2188 12120 6863 -14849 -1137 END
START 4280 2796 11160 5013 -9773 -1393 END
START 4124 3516 10244 5158 -5599 -2169 END
START 4052 3592 9644 4958 -1039 -3736 END
START 3540 3552 8572 3812 2981 -5030 END
START 3124 3568 7468 2191 6205 -5747 END
START 3096 3968 7016 1789 8367 -5366 END
START 2788 4236 7124 1308 10525 -4963 END
START 2784 4264 7908 -32 13001 -5099 END
START 2264 3748 8420 -276 15829 -6109 END
START 1956 3636 9308 -2575 17522 -7159 END
START 968 3776 10580 -4008 20929 -8762 END
START 1108 2868 12148 -7280 25308 -11586 END
START 1248 2368 10596 -10693 31599 -13204 END
START 1556 412 9732 -13539 32767 -12613 END
START 24 -732 10020 -19269 32767 -10794 END
START -868 -4580 11620 -16028 32767 -9280 END
START -3108 -7984 9460 -19628 32767 -10568 END
START -8048 -9000 11092 -13706 32767 -6014 END
START -16296 -7624 12244 -3907 32767 3567 END
START -20760 -6240 15276 -1377 24742 5396 END
START -25840 -2756 19500 -946 6959 2660 END
START -25204 -4000 22956 -1091 -3185 -1966 END
START -25516 -6860 28644 -652 -10112 -9816 END
START -19528 -9600 27544 1702 -10581 -14893 END
START -17968 -11436 25508 7432 -13697 -15915 END
START -15300 -10044 24384 12572 -21795 -13191 END
START -11556 -7724 21096 18528 -26871 -8191 END
START -9464 -5032 18988 21381 -32457 -4389 END
START -9372 -2592 16824 26042 -32768 -1152 END
START -5948 1116 15896 27728 -32768 7 END
START -3508 4708 16032 24191 -32768 -1206 END
START -1428 7644 15884 17027 -31787 -6021 END
START 52 8568 15008 11428 -24013 -8857 END
START 3860 8360 16568 4472 -15981 -12113 END
START 3776 5168 17324 1557 -6643 -12039 END