START 1592 -3992 13552 -540 -1960 4628 END
START 1264 -3912 13012 608 -1004 5762 END
START 1240 -3356 12620 691 101 6050 END
START 1156 -3256 12216 361 875 5999 END
START 1028 -2940 11984 -357 1947 5592 END
START 548 -2700 11272 -1811 3261 4704 END
START 480 -2576 10640 -2436 4369 3819 END
START 452 -2572 10156 -3070 5458 2310 END
START 784 -2904 10224 -4182 7232 537 END
START 1344 -3640 9964 -4298 8819 -470 END
START 1564 -4104 9984 -3983 10767 -825 END
START 1608 -4116 10096 -3808 13327 -1246 END
START 1740 -3972 10508 -3385 16099 -1234 END
START 696 -5020 10600 -3451 18414 -863 END
START 1456 -3400 11244 -3052 22394 -790 END
START 1476 -3096 11088 -3607 25124 -523 END
START 96 -3508 12280 -3030 27468 179 END
START -1076 -3104 13200 -6281 29646 346 END
START -3004 -3192 12880 -9701 32263 -120 END
START -4688 -3880 13964 -10013 32767 -390 END
START -7356 -4988 15272 -9980 32767 -2566 END
START -9468 -6680 16492 -10788 32662 -4518 END
START -10448 -9292 18560 -8824 32523 -4990 END
START -14620 -10364 19448 -6430 27181 -6381 END
START -17080 -10368 20516 1694 18168 -1868 END
START -19616 -8852 21536 6816 6723 1628 END
START -20112 -6160 22952 6555 -2843 1811 END
START -21836 -4896 24352 9702 -11097 751 END
START -18544 -3648 25908 11161 -14041 -3340 END
START -17324 -2564 23916 7932 -16118 -9695 END
START -14576 -3776 22868 9091 -20732 -9070 END
START -10988 -4592 21328 9149 -21834 -8336 END
START -8640 -5004 19748 11976 -22761 -4283 END
START -7836 -3908 18624 14386 -23588 -146 END
START -6416 -2240 17476 14977 -22389 1700 END
START -6148 -220 16588 14670 -21544 3363 END
START -5944 568 16036 13300 -18727 3600 END
START -6012 2216 14652 7462 -20946 -1237 END
START -3768 2640 13780 7963 -21886 -4054 END
START -1924 2344 14496 8905 -23377 -2608 END
START -176 2376 15744 7249 -21559 -3591 END
START 1500 1212 14008 4460 -17088 -4715 END
START 2408 1404 13204 5347 -13724 -4017 END
START 3084 1572 12196 5217 -10327 -2738 END
START 3404 2164 11176 4973 -8112 -503 END
START 3664 2832 10544 4459 -5649 942 END
START 4208 3300 10232 4665 -1696 2702 END
START 4040 4204 9188 3057 -566 1342 END
START 4268 4760 9916 2805 2564 217 END
START 4648 5228 9940 1399 5874 -1286 END
START 4640 5332 10752 -1216 9440 -2875 END
START 3700 4940 9944 -2650 12425 -4547 END
START 3584 3780 9948 -3199 15345 -4479 END
START 3072 3092 10536 -4184 18477 -4449 END
START 1796 2900 10604 -4813 21437 -4380 END
START 1224 2828 11940 -4448 23472 -3426 END
START 64 3040 12852 -4025 26124 -3098 END
START -2228 2588 12240 -5308 30081 -3915 END
START -4744 1228 13320 -6639 31784 -5951 END
START -5112 -316 16696 -11040 32767 -9617 END
START -8612 -2932 16532 -18258 32767 -12939 END
START -9868 -7268 16624 -12763 32767 -11581 END
START -13464 -8016 17064 -9339 32767 -6750 END
START -18764 -7504 18948 -4521 25757 -2573 END
START -20080 -7440 20740 -1282 16180 -2383 END
START -22900 -8500 19520 1453 5797 -3585 END
START -23616 -7928 20120 7440 -5823 -3554 END
START -22232 -6840 19168 11829 -18513 -6061 END
START -19124 -4100 20048 15040 -30177 -8295 END
START -13948 -2232 19660 15512 -32768 -11413 END
START -7320 -684 24340 14708 -32768 -18495 END
START -4968 -2864 17440 15053 -32768 -21481 END
START -2076 -2556 16776 15935 -32549 -20295 END
START 2020 -2024 14928 18197 -30307 -15523 END
START 1012 2228 15204 20767 -23515 -12682 END
START -184 3624 14940 13364 -14403 -10256 END
START -392 5192 12776 10645 -13651 -10046 END
START 988 5908 14796 8638 -11772 -9110 END
START 928 5320 14624 5797 -6550 -9147 END
START 184 5756 15304 5883 -1624 -8010 END
START 376 6660 13612 6107 3943 -6271 END
START -1376 7336 11764 4341 9806 -4920 END
START -1868 7404 11508 4654 11060 -3011 END
START -2648 7480 12588 468 12734 -3986 END