START 2688 -3880 11712 -2209 10169 -700 END
START 1920 -3784 11744 -1946 12959 -1055 END
START 1540 -3680 10612 -2335 16592 -2044 END
START 1096 -4516 9532 -3609 20400 -2369 END
START 260 -4156 8980 -4038 25139 -799 END
START -440 -3516 8076 -4937 25635 1213 END
START -2260 -3704 8692 -5881 26434 3785 END
START -3108 -3940 9348 -6421 27688 5440 END
START -4860 -4368 9032 -6859 28245 6044 END
START -6580 -3104 9768 -4161 27892 6810 END
START -7860 -1860 12500 -3177 27936 5996 END
START -11796 -508 13112 -3830 24009 1724 END
START -11180 -1888 14756 -6555 22133 -2253 END
START -12276 -2636 15712 -8215 17851 -5778 END
START -14380 -3860 17956 -6537 13931 -6044 END
START -14276 -4840 18956 -6457 10641 -5588 END
START -13604 -5792 21852 -4615 8083 -4603 END
START -15856 -5616 23980 -1966 3586 -3619 END
START -13868 -6548 23828 410 1590 -2893 END
START -14196 -6040 25376 910 -1489 -3789 END
START -13984 -6272 25564 2023 -3441 -3806 END
START -14268 -6276 25008 3929 -5432 -3324 END
START -13696 -6024 23652 5846 -8427 -2849 END
START -13052 -5584 22392 7906 -11408 -2391 END
START -12052 -4596 21176 9982 -15008 -2011 END
START -10824 -3492 19708 11090 -18453 -1893 END
START -10412 -3796 18468 11662 -22045 -1368 END
START -8024 -3272 17588 11386 -24666 -1568 END
START -5852 -2556 16388 12583 -25981 -860 END
START -4796 -1716 15860 11869 -26943 -1743 END
START -2708 -604 15820 10061 -24365 -3137 END
START -1772 -324 14056 6656 -19170 -3285 END
START -1728 304 12744 7381 -19540 -4310 END
START -24 140 12188 7797 -18602 -3245 END
START -184 516 11976 7171 -16913 -2352 END
START 1024 136 12044 4257 -14526 -2963 END
START 1680 332 10536 6062 -13351 -1236 END
START 2584 1108 10892 6290 -10962 5 END
START 3292 1900 10864 5836 -8256 399 END
START 3948 2456 10700 5133 -5573 655 END
START 4552 3200 10524 4082 -2330 -119 END
START 4812 3024 10112 2928 1341 -1575 END
START 4948 3540 10344 1367 4892 -3103 END
START 4984 3308 10144 482 8377 -4431 END
START 5100 2388 10044 -23 11970 -5014 END
START 4664 2540 9836 -777 15175 -5052 END
START 4528 1716 11000 -935 18430 -4136 END
START 3888 2224 11784 -1811 21883 -3172 END
START 2808 2508 10612 -1349 27130 -3051 END
START 1460 1136 10680 -2986 32585 -2536 END
START 1660 1600 13224 -8166 32767 -6337 END
START -1040 -180 13816 -11337 32767 -9705 END
START -9864 -2780 11020 -11510 32767 -9771 END
START -12580 -6304 12004 -12370 32767 -9209 END
START -17576 -6452 13660 -3667 32767 -1538 END
START -22080 -4164 14992 3251 24577 2530 END
START -26104 -2028 17208 4142 10866 2067 END
START -22832 -2436 17360 5976 -3122 547 END
START -23580 -1060 20348 8025 -14322 -3473 END
START -19772 -1352 22588 6986 -21294 -10333 END
START -15756 -1660 24176 9255 -21683 -16602 END
START -13292 -3392 20224 10587 -23991 -18779 END
START -9720 -2064 20868 14094 -27825 -17482 END
START -6896 -2608 17288 16860 -29204 -13690 END
START -6040 -1916 14816 21242 -27285 -9230 END
START -4984 3092 15140 21916 -26090 -5363 END
START -2024 7956 17620 19744 -21418 -4391 END
START -2936 8296 17224 11735 -12874 -4850 END
START 1976 8412 17652 3626 -8641 -8416 END