START 80 -516 18768 -3238 -2121 5756 END
START 1000 -1932 17716 -2649 -1631 6042 END
START 444 -1940 17852 -2303 -2373 5231 END
START 320 -2532 16880 -2045 -1411 4914 END
START 300 -3108 16628 -1514 -1080 5596 END
START -232 -3040 15700 -1526 -784 5905 END
START -468 -3256 15200 -1332 -686 5979 END
START -1008 -3236 14684 -1215 -594 5819 END
START -1376 -3552 14040 -1290 -439 4961 END
START -916 -3976 13536 -1443 -104 3663 END
START -616 -4336 12660 -1354 893 2490 END
START -396 -4752 12448 -708 2204 2131 END
START -708 -4460 11752 -625 3869 2113 END
START -892 -4272 10696 -419 5082 2099 END
START -1264 -3996 10116 -216 6172 2314 END
START -2160 -3804 9572 -386 7214 2323 END
START -2736 -3328 9372 -677 8273 2478 END
START -3236 -3160 9396 -1606 9336 2374 END
START -3992 -2988 9456 -2183 10198 1747 END
START -4028 -3332 9352 -2386 10867 1030 END
START -3912 -3640 10320 -2435 11789 802 END
START -3888 -3760 10836 -1517 12741 1458 END
START -4320 -3184 11400 -1577 13745 1309 END
START -4556 -2936 11880 -1411 14653 1217 END
START -4976 -3196 12796 -1316 15406 2022 END
START -5740 -2648 13820 -1291 15576 2593 END
START -4364 -2284 14588 -1977 15913 2600 END
START -6892 -1968 17044 -1143 14651 2410 END
START -7876 -1932 19108 -363 12765 1968 END
START -8908 -1520 22648 -2770 13013 -1108 END
START -8972 -4428 22496 -2087 11272 -350 END
START -10608 -4368 25876 -2329 8068 -1611 END
START -8992 -5252 28000 -3218 4949 -3199 END
START -10548 -5960 30088 -1466 2220 -2852 END
START -10012 -6640 30712 395 -152 -3270 END
START -10044 -6520 30932 2712 -2310 -3412 END
START -10228 -5996 30364 4178 -5006 -3783 END
START -9728 -6476 29008 5999 -6494 -4106 END
START -9312 -6068 26504 7444 -9228 -4119 END
START -9488 -4412 23864 7266 -11021 -4642 END
START -7888 -3448 20884 9251 -13098 -3536 END
START -6032 -2388 19156 10899 -14685 -1727 END
START -6016 -424 16932 11233 -13848 -927 END
START -4808 404 15436 10544 -15250 -1892 END
START -3896 1336 13844 8763 -15690 -1988 END
START -3540 1916 11904 7386 -16574 -2754 END
START -2156 2072 10420 7142 -18034 -3416 END
START -636 2112 10172 5476 -18297 -4290 END
START 1196 2648 10216 5308 -17025 -3428 END
START 4568 3092 10792 4086 -13490 -2368 END
START 4004 2972 10016 2975 -9702 -1077 END
START 3884 3528 9668 2220 -6864 -567 END
START 3912 3780 8648 2968 -3190 936 END
START 3176 4864 8808 2829 -416 902 END
START 3192 4736 8476 2474 2910 4 END
START 3080 4852 8724 1550 5536 -858 END
START 2836 4868 9200 -569 8516 -2406 END
START 2680 4160 8744 -2613 11248 -3521 END
START 2728 3528 8964 -3728 13503 -4255 END
START 2656 3372 10176 -4221 15576 -4956 END
START 2468 2816 10632 -5276 18263 -6024 END
START 1416 1256 12080 -7926 21087 -7086 END
START -464 -236 12036 -8823 23754 -6623 END
START -3020 -1176 11456 -8753 24794 -4492 END
START -5588 -2608 11236 -4278 24629 -1174 END
START -8504 -2684 13252 -677 22765 1334 END
START -12112 -952 17728 397 21177 35 END
START -11596 -3060 17192 -74 15715 -888 END
START -13640 1256 24128 189 9019 -3197 END
START -12948 -1108 26756 -4881 4099 -11405 END
START -11208 -4960 26384 -6107 4782 -12122 END
START -11688 -6048 27320 -5395 1594 -12867 END
START -10212 -7992 26904 -1879 2395 -9944 END
START -10172 -8632 26008 3027 1373 -6332 END
START -11052 -6856 25140 7652 -852 -3685 END
START -10780 -5284 24680 10683 -3699 -2826 END
START -10576 -2800 24036 12412 -6633 -3259 END
START -9960 -1144 22540 11788 -8781 -5366 END
START -5452 -772 19544 10743 -11745 -6973 END
START -7104 104 18008 10340 -12735 -8847 END
START -5752 552 15708 9695 -13831 -10277 END
START -4612 1756 14360 10214 -13731 -10421 END
START -2928 3224 13356 11325 -12975 -9656 END
START -1532 5560 13668 10604 -10693 -9021 END
START -632 6972 13712 9304 -7825 -8940 END
START -1692 7084 12208 7575 -3521 -8188 END
START -2168 6536 9272 5982 1366 -6517 END
START -1876 6804 10772 5953 3869 -4039 END
START -3320 6740 10448 4893 4154 -2246 END