START 1400 -8228 11316 -644 291 -305 END
START 1264 -7292 13716 -831 3054 64 END
START 1832 -7212 11816 438 4148 1304 END
START 1576 -5136 12368 -330 6127 1349 END
START 952 -3948 10940 -1169 7994 545 END
START -96 -3192 9400 -2193 8518 -54 END
START -564 -2504 8232 -3120 8857 62 END
START -1512 -1552 7688 -3600 9426 340 END
START -1304 -848 7980 -4298 10088 -481 END
START -872 -2316 9248 -3448 11596 580 END
START -1664 -2304 9424 -4658 13294 121 END
START -2124 -2532 10556 -5522 14027 -387 END
START -2420 -3668 11660 -5755 15631 334 END
START -3280 -4672 11756 -5583 17730 1513 END
START -4440 -4168 12680 -3981 18005 2724 END
START -5260 -3684 15268 -3274 17474 3065 END
START -6052 -3472 17392 -4660 16681 2329 END
START -6752 -3848 19460 -5553 15106 1170 END
START -5288 -5572 21288 -5299 14651 932 END
START -6632 -5284 25712 -5042 12218 884 END
START -6736 -6608 26016 -2869 12445 795 END
START -8620 -6376 30364 -2141 9932 -2 END
START -6408 -6668 32000 470 9594 418 END
START -8240 -6868 32767 436 7733 101 END
START -9512 -7304 32767 1052 5396 -908 END
START -10244 -7640 32767 1072 2379 -2295 END
START -10572 -7340 32767 1672 -1599 -3658 END
START -10496 -7180 32767 2397 -6931 -5034 END
START -9456 -7928 32767 2212 -10714 -6903 END
START -8364 -8820 31676 3457 -13241 -6993 END
START -7460 -8588 28820 5042 -14751 -7433 END
START -6220 -8148 25888 7408 -15611 -7484 END
START -5336 -7332 22796 9837 -15811 -6809 END
START -4292 -6648 21976 10751 -16217 -6517 END
START -4152 -5912 18228 10780 -14799 -7013 END
START -5420 -3964 14712 11449 -15596 -7902 END
START -3568 -3448 11608 13215 -14740 -6633 END
START -2700 -2180 11320 12848 -14548 -5305 END
START -1912 -344 10056 10335 -13888 -6273 END
START -576 312 7964 10649 -13068 -5450 END
START 576 1156 6940 9305 -11364 -4945 END
START 1284 1788 5756 8045 -9110 -4599 END
START 2268 1944 5588 7411 -7363 -4044 END
START 2216 2296 5268 5800 -5374 -4043 END
START 2248 2280 4536 3790 -3044 -4415 END
START 2364 2236 4272 3110 -1751 -4144 END
START 2100 1704 4656 1102 -58 -4114 END
START 1660 1040 3652 416 1434 -2883 END
START 1256 1172 3628 724 2487 -1028 END
START 1088 1988 3768 257 3630 -142 END
START 1056 2992 4392 -723 4682 -44 END
START 1172 3288 5076 -2086 6299 -406 END
START 1300 2808 5156 -3655 8623 -855 END
START 1296 2176 5020 -4436 10597 -784 END
START 1216 1628 5048 -5308 13151 -857 END
START 1092 800 5332 -5876 15475 -1061 END
START 620 -496 6676 -6696 17258 -617 END
START 40 -1588 7276 -7436 18599 115 END
START -1060 -2324 8892 -7925 19991 916 END
START -3180 -364 9384 -8958 20379 1505 END
START -2952 -3352 14028 -4937 20844 4030 END
START -5000 -1744 15776 -7968 22264 2107 END
START -6404 -2832 18984 -7286 21271 385 END
START -7912 -4112 22132 -7734 19055 -1355 END
START -8200 -6068 24904 -8623 18207 -2168 END
START -10324 -6812 26436 -8067 15769 -1428 END
START -11808 -7208 28544 -6543 13500 217 END
START -10132 -5884 28636 -6318 9734 144 END
START -12704 -5532 32767 -4327 6728 -1088 END
START -12184 -6324 32767 -3985 4310 -2896 END
START -12056 -8080 32656 -2458 2057 -2527 END
START -12256 -8904 32452 -1270 165 -2187 END
START -12560 -9884 31456 828 -2042 -1636 END
START -12144 -10292 29688 2977 -4717 -1588 END
START -11556 -9596 26928 4485 -7249 -2591 END
START -9936 -8528 25160 6405 -10277 -3459 END
START -8372 -8108 24524 6558 -12787 -5578 END
START -6492 -9108 24384 6568 -14904 -7620 END
START -5700 -10692 24344 6432 -16403 -9963 END
START -4792 -11584 20968 8536 -16068 -11783 END
START -3380 -10780 17196 12883 -16156 -12624 END
START -1096 -7624 14064 16364 -14632 -12945 END
START -488 -3844 10940 17780 -12419 -12424 END
START -392 -284 10140 17410 -10575 -11750 END
START -476 2724 8668 15105 -8319 -11833 END
START 64 4484 8180 13127 -6304 -12159 END
START -760 5996 7564 11493 -4321 -13110 END
START -1484 6660 7232 10025 -2122 -14003 END
START -2532 6424 7308 8157 555 -14322 END
START -4828 5504 7092 7547 1959 -13376 END
START -4324 5516 6164 7986 2402 -10957 END
START -4264 6388 7092 4807 5842 -9605 END
START -4736 6456 8236 3922 6888 -6401 END
START -4940 6564 10212 4781 5172 -485 END
START -5568 7356 11208 2433 3437 3519 END