START -608 -5564 14860 -1061 -2453 3875 END
START -920 -5540 14496 -173 -1401 4021 END
START -1464 -5348 13248 -53 -268 3375 END
START -1228 -5296 12312 231 509 2761 END
START -920 -5268 11468 481 1051 2521 END
START -1020 -4908 10948 546 1373 2330 END
START -740 -4608 10704 223 1874 1815 END
START -600 -4452 10516 -336 2657 1175 END
START -508 -4448 10516 -965 4010 403 END
START -700 -4452 9988 -1411 5769 162 END
START -1080 -4348 9504 -1535 7328 205 END
START -1648 -4124 8844 -1384 8502 309 END
START -2188 -4176 8136 -1072 9384 229 END
START -2580 -4076 8428 -1366 10130 23 END
START -2404 -4004 8800 -1009 10987 624 END
START -2748 -3228 9084 -1461 12042 632 END
START -3036 -2880 9240 -1729 13244 85 END
START -3084 -2836 9532 -1819 14918 -591 END
START -3268 -2684 9960 -914 18457 134 END
START -3664 -2436 10096 -1194 18298 -789 END
START -4144 -2908 10416 30 18865 280 END
START -4496 -2540 12188 108 19683 1519 END
START -5500 -1548 14224 363 19412 2293 END
START -6544 -1356 16240 918 18422 3150 END
START -6964 -708 19756 -591 16867 1717 END
START -8260 -1096 22128 -3145 15332 -1580 END
START -9748 -2784 24292 -4883 13456 -4548 END
START -10212 -4504 26320 -4785 10652 -5765 END
START -11356 -3976 29312 -5260 8005 -6128 END
START -10068 -4500 32767 -1215 5113 -3511 END
START -10732 -5544 32767 -445 3461 -3032 END
START -13288 -4540 32767 -971 1327 -5697 END
START -14380 -4876 32767 547 -1196 -8482 END
START -13616 -5996 30856 4115 -3831 -7955 END
START -12744 -6160 28772 7482 -7105 -5824 END
START -11944 -4244 26820 8197 -9962 -5155 END
START -10732 -3380 26044 8962 -12328 -4232 END
START -9392 -2872 24012 9306 -14089 -3676 END
START -8152 -2860 22928 8179 -15723 -5045 END
START -7132 -2736 20244 6995 -16520 -7038 END
START -5108 -2980 17828 7931 -16889 -7319 END
START -668 -2832 15524 8928 -16945 -6020 END
START -2236 -1416 14448 10112 -15572 -5244 END
START -1948 -52 13200 10324 -14252 -4324 END
START -1892 1132 12016 9987 -13392 -3260 END
START -1780 2332 10636 8398 -12015 -3708 END
START -1216 2544 9444 7300 -10879 -4587 END
START -356 2468 8724 5689 -9751 -5205 END
START 332 2408 7700 5332 -8533 -5358 END
START 1344 2188 6912 4457 -6872 -5328 END
START 2160 2240 6736 4163 -4726 -4478 END
START 2300 2424 6728 3196 -2019 -3355 END
START 1984 2668 6392 1977 656 -2756 END
START 1664 2952 5564 791 2667 -2345 END
START 1248 2972 5340 -272 4512 -1934 END
START 772 3288 5692 -1242 6293 -1702 END
START 276 2948 5652 -2087 7924 -1513 END
START 252 2444 6268 -3176 9626 -1640 END
START -108 1612 6840 -4286 11500 -2029 END
START -536 264 7120 -4947 13323 -1600 END
START -1036 -348 7820 -4552 14906 10 END
START -1784 -64 8928 -4018 16749 1380 END
START -2520 292 10000 -3855 18672 1988 END
START -3632 328 11336 -4003 19934 2064 END
START -4372 912 13148 -4506 20066 1638 END
START -5232 1004 15448 -6225 19330 149 END
START -2960 -308 17196 -6087 18050 -1734 END
START -5892 -524 20024 -7509 17291 -3166 END
START -7364 -2296 22748 -8216 16351 -3877 END
START -9000 -4008 25100 -8736 15960 -3280 END
START -10804 -5032 26992 -8957 14401 -1137 END
START -13968 -5388 29212 -8418 13022 68 END
START -13564 -6004 28660 -5204 11191 1339 END
START -16936 -5532 29212 -693 8204 -504 END
START -13044 -7248 29260 2604 3793 -1561 END
START -17208 -4856 30224 2430 -1103 -5394 END
START -15724 -6432 28872 4515 -5460 -5390 END
START -14924 -6880 26204 6349 -8769 -4110 END
START -13404 -5824 23772 9728 -13330 -1071 END
START -11296 -3564 21988 10739 -16039 -898 END
START -9132 -1676 19212 9649 -17117 -2675 END
START -7340 -1180 17256 9646 -17998 -4803 END
START -5792 -2260 16668 11641 -18587 -5642 END
START -3892 -1716 15760 11481 -19635 -8356 END
START -2344 -1752 14116 11336 -18087 -9596 END
START -1364 -1968 11664 11834 -16668 -8954 END
START -460 -668 10636 12753 -14916 -7818 END
START -544 1400 9548 12353 -12791 -5854 END
START 220 4040 9080 11119 -10564 -4047 END
START 424 6236 9240 9476 -8419 -3787 END
START 1280 7428 10148 7295 -5950 -3996 END
START 1516 7160 10336 4568 -1692 -4426 END
START 916 6928 9924 3427 2212 -4335 END
START -392 4960 8712 2678 5076 -4409 END
START -2636 4368 7412 2485 6177 -3019 END
START -676 4816 6880 3391 7464 -665 END
START -1684 7068 8968 5595 7627 3136 END
START -3392 8852 13748 3705 7483 3173 END
START -4520 6984 13988 -1651 7105 2423 END