START 28 -5372 13464 -1608 -3835 4910 END
START 52 -4960 13268 -153 -2901 5798 END
START 0 -4356 12888 357 -1794 5773 END
START 204 -4200 12120 305 -999 5267 END
START 420 -3868 11752 248 -96 4809 END
START 576 -3804 11228 -68 962 4140 END
START 840 -4120 10508 -688 2027 3339 END
START 848 -4604 10200 -1200 3163 2755 END
START 968 -4772 9844 -1384 4351 2537 END
START 800 -4736 9572 -1424 5533 2342 END
START 756 -4708 9996 -1746 6813 1873 END
START 580 -4676 10140 -1752 8069 1513 END
START 288 -4448 10476 -1914 9526 1187 END
START -1004 -4260 11016 -2113 11574 904 END
START -1416 -4616 10240 -2149 13027 681 END
START -48 -4768 10576 -1703 15064 1464 END
START -1036 -3788 11920 -784 17040 1855 END
START -1136 -2924 12688 -894 19132 1721 END
START -2820 -1860 13756 -2006 20299 771 END
START -4764 -1836 14588 -1238 20143 903 END
START -7384 -1524 16432 -4836 20787 -1587 END
START -8292 -3628 16448 -3047 20628 -2429 END
START -7220 -4388 17988 -5316 19420 -3152 END
START -9480 -4936 19288 -5227 19161 -2893 END
START -11672 -5636 21480 -2443 14653 -764 END
START -12656 -5616 23692 -1422 10758 -1096 END
START -13792 -6196 25676 -1954 8021 -974 END
START -13380 -6244 29196 -38 4573 -1278 END
START -13004 -6988 30148 73 1573 -3858 END
START -12844 -8096 29972 993 -740 -4929 END
START -12092 -8500 28996 3191 -3600 -4973 END
START -11500 -7744 27584 6634 -6166 -3249 END
START -10876 -6304 26060 8399 -9306 -2630 END
START -9972 -5072 24156 8699 -11700 -2954 END
START -8940 -4072 22036 8817 -13760 -2849 END
START -7588 -3100 20636 9221 -15274 -2425 END
START -6952 -932 18140 9170 -15017 -2479 END
START -5892 -1864 16024 9518 -15779 -2432 END
START -4292 -508 15944 9414 -16456 -2447 END
START -5256 588 14308 7963 -17052 -3174 END
START -2028 152 13132 6553 -16534 -3635 END
START -1460 456 11796 6956 -15550 -2920 END
START -692 812 10780 6626 -14164 -2077 END
START -192 1056 9716 5524 -12601 -1199 END
START 12 1404 8404 5696 -12367 -465 END
START 856 1612 9076 5381 -12067 -47 END
START 1232 1740 9352 4757 -11120 433 END
START 1904 2296 9968 3925 -9890 762 END
START 2024 2464 10152 2386 -7823 351 END
START 2440 2212 9696 1051 -5155 -461 END
START 2628 1704 8984 845 -2831 -780 END
START 2880 1536 8724 1072 -648 -866 END
START 3228 1340 8576 1800 1377 -355 END
START 3392 1632 8736 1869 3753 112 END
START 3632 1548 8836 2021 6280 544 END
START 3296 1752 8928 2306 8943 561 END
START 3112 2160 9084 2054 11719 465 END
START 2820 2132 8968 1194 14539 112 END
START 2176 2000 9336 115 16360 -98 END
START 1268 1780 9776 -1043 17988 -80 END
START 56 1768 11040 -2395 19557 -617 END
START -1408 1156 11400 -3124 20738 -1163 END
START -320 708 12188 -2966 23850 -584 END
START -4472 56 12808 -2599 22261 -1777 END
START -6372 -872 15060 -1201 20039 -1558 END
START -7772 -880 17964 -1350 17381 -1197 END
START -10572 360 23300 -3614 17571 -3456 END
START -10780 -1936 22524 -5974 13718 -4140 END
START -12400 -1360 25872 -5994 8295 -4773 END
START -13764 -4456 27368 -4881 6258 -5749 END
START -13508 -5272 28564 -3166 2569 -5574 END
START -13420 -5936 30412 -909 -794 -5597 END
START -12452 -6092 31088 1119 -3532 -4865 END
START -11868 -5976 29780 3918 -5507 -4108 END
START -11008 -5604 28068 6873 -7512 -3120 END
START -10068 -4064 26240 9417 -9416 -2020 END
START -9228 -2036 25240 11002 -11165 -1516 END
START -8360 -1024 23964 11378 -12756 -1693 END
START -5632 -480 21036 10642 -14311 -2181 END
START -5872 588 19116 10618 -15861 -3524 END
START -4736 952 17180 9224 -16001 -5790 END
START -3484 1240 15892 8808 -16572 -6756 END
START -1448 1692 14620 8848 -16480 -6811 END
START 556 2100 13504 9033 -15204 -5081 END
START 2540 2952 12888 7504 -12156 -3790 END
START 2244 4936 12852 7162 -8798 -3763 END
START 1896 5864 11904 6716 -4819 -4507 END
START 1548 6356 10196 5966 -1151 -6015 END
START 528 6456 8628 4819 2306 -6860 END
START 1280 6192 7776 3242 5182 -8009 END
START 12 6140 7480 3678 6151 -8108 END
START 756 4880 7824 2922 5618 -7954 END