START -1136 -2112 15896 -881 -4403 8009 END
START -1200 -1896 15480 -400 -4765 8369 END
START -1228 -1620 14860 -1296 -4232 7546 END
START -1408 -1924 14188 -1908 -3900 6005 END
START -1088 -2600 13732 -1974 -2995 4115 END
START -748 -3492 13032 -1682 -1693 2603 END
START -256 -4564 11832 -864 -435 2580 END
START -476 -4980 10936 -456 814 2864 END
START -212 -5204 9888 -65 1642 3532 END
START -440 -4780 9652 462 2251 4235 END
START -196 -4192 9540 346 3216 4456 END
START -108 -3692 9464 -481 4503 3707 END
START 1268 -3148 9744 -911 8822 3569 END
START 420 -2872 10160 -2021 8046 1166 END
START 316 -3676 9036 -2198 9195 144 END
START 456 -3960 9456 -2877 11378 -551 END
START 172 -4204 9704 -2687 12894 -742 END
START -108 -4636 9872 -2097 14590 -687 END
START -688 -4796 10144 -1781 16595 -1209 END
START -708 -5544 10012 6 18920 -663 END
START -844 -5200 10744 747 20601 -152 END
START -2108 -4264 11528 2147 21216 847 END
START -3304 -3648 12864 2191 21766 1834 END
START -3504 -3184 14264 1421 22222 2364 END
START -5216 -2252 15120 1450 21498 2512 END
START -7244 -1304 17248 2486 20360 2288 END
START -8932 -632 18452 1449 19217 5 END
START -11484 224 20984 1239 18582 -2976 END
START -13748 -64 22700 -862 13438 -7399 END
START -13844 -1044 24104 -1255 12678 -6385 END
START -13744 -672 25332 -909 8118 -5426 END
START -13248 -364 26164 -1832 4651 -5224 END
START -14164 156 28564 -232 2791 -3384 END
START -13760 72 28268 -360 1821 -3774 END
START -13716 -424 27708 72 -228 -4360 END
START -13408 -1292 27204 764 -2541 -4220 END
START -12288 -1792 25992 1881 -4679 -3565 END
START -11472 -1876 24972 3422 -7037 -2482 END
START -10944 -1608 24100 3797 -9240 -2295 END
START -10412 -1812 22536 4448 -10857 -1843 END
START -10092 -1644 21100 4221 -12828 -2260 END
START -8744 -1452 19464 5113 -14892 -1987 END
START -7656 -1056 17860 4717 -16402 -2416 END
START -6608 -708 15956 4413 -17453 -2863 END
START -5128 -1028 15516 4561 -18398 -2881 END
START -3784 -892 15432 3863 -18053 -3058 END
START -2872 -1292 14180 3989 -17135 -2269 END
START -1992 -860 13532 5175 -16033 -1462 END
START -1300 -40 12448 5816 -14350 -1314 END
START -724 100 11312 6538 -12593 -1176 END
START -80 596 10664 7192 -11005 -668 END
START 588 1388 10316 7161 -9061 -487 END
START 908 1924 9768 6620 -7046 -671 END
START 1392 2084 9500 5614 -5261 -1224 END
START 1880 2180 9496 4629 -3192 -1785 END
START 2060 2348 8952 3748 -744 -2137 END
START 2244 2024 8720 2785 2215 -2374 END
START 1852 1856 7956 1691 4483 -2220 END
START 1528 1448 7100 983 6415 -1195 END
START 1060 1712 7336 917 8318 -120 END
START 292 2068 7764 1040 10097 528 END
START -460 2372 8280 496 11894 241 END
START -824 2304 8804 -45 13439 -301 END
START -1356 2316 9880 -674 14715 -904 END
START -1756 1896 10612 -1865 16196 -1531 END
START -2712 1600 11044 -2924 17542 -2086 END
START -3496 912 11824 -3310 17910 -2447 END
START -4980 136 13116 -3841 17922 -3029 END
START -5600 -1516 13008 -3826 17442 -2615 END
START -7612 -904 16316 -2179 15329 -1153 END
START -8996 -220 18884 -3363 13925 -1427 END
START -10784 -476 21256 -5160 11667 -2497 END
START -11660 -292 24040 -5239 9595 -3304 END
START -12696 -1160 25784 -6014 6288 -4972 END
START -11732 -2080 27992 -4492 4237 -5754 END
START -11844 -3892 29292 -4144 2568 -6558 END
START -12312 -5468 28996 -1723 359 -5591 END
START -12592 -5200 29228 1430 -1841 -3571 END
START -12080 -4640 28792 4071 -3475 -2693 END
START -11996 -3220 27940 6052 -5441 -2458 END
START -11276 -1944 25868 6778 -7618 -2868 END
START -10220 -1020 24464 7563 -9482 -2676 END
START -9716 -136 23436 7115 -11388 -3539 END
START -8396 -304 21264 6252 -12718 -5009 END
START -7404 -520 19668 6144 -13922 -5594 END
START -6064 -788 17984 6740 -14429 -5974 END
START -4752 -388 15924 7239 -13694 -6085 END
START -3664 828 14080 7861 -12506 -5656 END
START -2596 1824 12208 8384 -11012 -4932 END
START -2856 3656 10836 9521 -9150 -2738 END
START -1440 5016 9760 8311 -7479 -2316 END
START -316 6384 9448 6508 -4575 -2853 END
START -824 6580 8852 5428 -2743 -3705 END
START -1008 5580 7640 3542 -33 -4025 END
START -1432 5468 6924 1494 2901 -4662 END
START -1160 4384 6680 1845 3495 -3679 END
START -2136 4372 8904 1839 3190 -2916 END