START 1228 -2408 12980 -2121 5367 2617 END
START 2080 -2900 12060 -2289 8252 2520 END
START 1520 -3272 12092 -3264 11658 1838 END
START 900 -4092 10428 -4931 14676 1628 END
START 324 -4292 9600 -4292 15903 3792 END
START -988 -3396 10544 -3255 15939 5664 END
START 208 -2256 11108 -2230 17505 6081 END
START -2304 -1392 11440 -6259 20129 4329 END
START -2696 -1468 11024 -7621 22333 3106 END
START -1480 -2944 10824 -7760 26046 1928 END
START -3112 -3644 10432 -7500 28883 974 END
START -3512 -4432 10672 -5697 29806 547 END
START -6696 -3840 10316 -3273 29796 2987 END
START -9116 -2908 11972 -2439 26066 2103 END
START -10240 -3224 14552 -3598 26760 2054 END
START -12256 -2612 15900 -6400 22239 -702 END
START -12652 -4460 18324 -7121 16997 -3117 END
START -15020 -4248 22188 -8083 12955 -4760 END
START -13816 -7136 22920 -9713 10697 -8324 END
START -19812 -8584 25328 -9379 5488 -10552 END
START -18688 -9812 25596 -3809 37 -8712 END
START -15504 -11048 26276 1562 -5328 -6038 END
START -16956 -9404 27644 3982 -9561 -4487 END
START -16220 -9044 26188 6775 -13021 -4349 END
START -15212 -7996 25016 8059 -16332 -5457 END
START -13328 -8592 23476 9545 -18728 -6665 END
START -12884 -9152 20828 13210 -22400 -4837 END
START -9732 -7352 17556 16762 -24374 -1292 END
START -7260 -4596 17152 17988 -25441 721 END
START -6928 -2020 15852 16698 -26726 -1120 END
START -4108 -872 15548 15786 -26963 -2137 END
START -2964 812 15816 11830 -23820 -5104 END
START -1068 196 13408 9059 -20805 -7478 END
START 588 432 12080 8131 -19188 -7676 END
START 1200 580 10556 8073 -17808 -5521 END
START 1884 1252 10164 9728 -15432 -1939 END
START 2512 2692 10580 9926 -12254 839 END
START 2344 4352 10508 8091 -8633 990 END
START 2432 4928 9756 5656 -4988 420 END
START 1528 4744 8136 4765 -1842 379 END
START 1984 4568 7912 1789 -1428 -2551 END
START 2000 4204 7620 646 930 -4600 END
START 1816 3312 6744 20 3061 -5777 END
START 2612 2572 6388 -363 4639 -5991 END
START 2720 2080 6320 -376 7022 -5060 END
START 2240 1852 6296 -651 9172 -3042 END
START 1716 2160 6552 -781 11090 -684 END
START 1156 2912 7560 -1689 13404 444 END
START 564 2960 7988 -3521 16367 515 END
START -540 2564 7720 -5386 18665 127 END
START -2308 1636 7144 -6251 20393 -157 END
START -3376 372 7964 -6572 20804 -806 END
START -4772 -648 8688 -6082 19340 -1387 END
START -5780 -540 10872 -4444 18142 -1238 END
START -5332 -456 13372 -4844 17948 -1388 END
START -6400 -528 16128 -3570 18382 -630 END
START -7460 180 17784 -5126 18407 -1250 END
START -8444 -800 19984 -5943 17205 -2727 END
START -9688 -1608 22420 -5810 15267 -2817 END
START -11188 -2992 25068 -6073 14307 -2572 END
START -10580 -4740 26600 -5829 12843 -3494 END
START -14764 -5920 28304 -4040 8783 -2422 END
START -15508 -6100 30044 -2051 4785 -1597 END
START -15708 -5668 30844 -271 719 -1678 END
START -13888 -5192 31740 2547 -2530 -1534 END
START -13736 -5276 32308 2847 -4646 -3931 END
START -13424 -5468 30416 4765 -7261 -5281 END
START -12932 -5652 28448 7546 -9947 -5233 END
START -12248 -5360 26544 8918 -12456 -4552 END
START -11004 -4088 24564 10191 -14807 -3481 END
START -9388 -2808 22096 11882 -16397 -2076 END
START -8112 -1152 19332 12900 -16556 -430 END
START -7416 -48 17044 11737 -18096 -3220 END
START -5036 96 14992 11225 -18432 -4499 END
START -2924 332 12820 11229 -18622 -4850 END
START -2756 1980 10784 10554 -17896 -4139 END
START 144 1720 9284 10031 -16590 -3648 END
START 984 3472 9128 9384 -14532 -2261 END
START 2308 4924 8604 8448 -12388 -1987 END
START 2624 5820 9264 7571 -8806 -2454 END
START 1816 6832 9720 6514 -4528 -2906 END
START 1704 5964 8728 4562 19 -3302 END
START -232 4776 7644 2652 3766 -2488 END
START -1384 4188 4236 1861 6543 -1341 END
START -1020 5228 3400 3056 8732 -127 END
START -3368 6236 5472 5451 8931 2406 END
START -5060 7592 8056 4295 4970 43 END