START 3124 -8552 8956 -822 2143 1474 END
START 1964 -7124 10464 -189 4003 2232 END
START 1276 -7324 9348 1356 5148 2932 END
START 1164 -6552 9756 921 6513 2765 END
START 256 -5652 9488 394 7770 1594 END
START -252 -5300 8828 22 8840 333 END
START -540 -4832 8464 -397 10022 -361 END
START -1108 -3720 7576 -527 11554 -36 END
START -1444 -2196 6424 -898 13396 542 END
START -1492 -1080 4852 -1028 14725 1369 END
START -1724 52 6064 -1198 15409 2177 END
START -1992 740 7260 -3337 16054 2501 END
START -2384 8 9252 -6009 17361 3192 END
START -3348 -912 10296 -9018 18722 3026 END
START -5388 -1732 11808 -10464 23779 2429 END
START -5248 -4828 11492 -10107 20649 829 END
START -6120 -6492 14480 -6503 19547 3158 END
START -7604 -5592 17992 -6814 18333 2221 END
START -7548 -6724 21496 -7051 16214 1954 END
START -6668 -7752 24740 -6889 16912 3088 END
START -7628 -9980 29400 -2488 15757 5809 END
START -8672 -9960 30032 -1192 14915 4379 END
START -10896 -9560 31484 358 7985 -885 END
START -11636 -11264 32767 173 8689 601 END
START -13384 -10760 32767 546 6719 -1462 END
START -13300 -9688 32767 2455 1793 -2674 END
START -13316 -8384 32767 1967 -3725 -5367 END
START -10852 -9128 32767 1331 -7573 -7730 END
START -11132 -9328 32516 1666 -11033 -10150 END
START -9168 -9568 29600 4508 -13348 -10818 END
START -8176 -9384 27600 6268 -14926 -10644 END
START -7356 -10160 25744 7207 -16781 -10642 END
START -6724 -9336 24708 9926 -17105 -8997 END
START -6736 -7732 22276 12419 -18267 -7127 END
START -5828 -5952 19616 10903 -19853 -9689 END
START -4180 -4256 16056 14925 -19550 -8746 END
START -1772 -1156 11828 16355 -17556 -8220 END
START -2344 2964 10420 14948 -16612 -9378 END
START -128 4132 10444 14673 -17145 -9046 END
START 296 3804 11168 8407 -13978 -10300 END
START 620 2576 9208 5959 -11059 -9743 END
START 1172 1420 7132 6464 -8624 -7719 END
START 1132 2140 5108 7179 -6499 -5963 END
START 1932 3396 3920 6917 -5062 -5086 END
START 2156 4656 4340 6235 -4524 -4724 END
START 2544 4696 5820 3621 -3749 -5247 END
START 2380 3816 6480 81 -3058 -5412 END
START 1796 2896 6188 -1499 -2414 -4843 END
START 1588 2556 6436 -1851 -1805 -4199 END
START 1508 2768 6376 -2026 -540 -2909 END
START 1796 2976 6348 -1672 762 -1857 END
START 2268 2880 7380 -1831 2303 -1433 END
START 2528 2364 7856 -2052 4109 -789 END
START 2616 1492 8504 -1848 5440 102 END
START 2196 1020 8776 -2516 6973 35 END
START 2396 372 8380 -2152 7975 -71 END
START 2464 -12 7552 -2198 8898 -515 END
START 2460 -508 6996 -2320 10139 -632 END
START 2340 -464 5948 -2395 11483 -630 END
START 2044 40 5112 -2432 13180 -681 END
START 1624 836 4632 -1986 15416 -126 END
START 1220 928 5784 -2245 17464 445 END
START 996 632 7336 -3914 19442 713 END
START 692 -1480 9924 -5318 21681 1359 END
START -1768 -432 9908 -6961 22249 1021 END
START -2440 -3472 12492 -4527 22854 2789 END
START -5016 -3760 15416 -4572 22566 2550 END
START -8300 -3216 19188 -4806 21318 543 END
START -9904 -4060 24456 -4804 18710 -323 END
START -11836 -4668 28568 -5535 17138 -2164 END
START -12808 -5920 31796 -3828 13241 -2771 END
START -14808 -3804 32767 -4375 7091 -4699 END
START -15368 -8056 32767 -4006 5872 -4834 END
START -14024 -9544 32767 278 3753 -2410 END
START -14032 -10788 32767 4145 207 -1236 END
START -13812 -9104 32767 5764 -2927 -2302 END
START -12588 -8720 32767 6949 -6578 -3811 END
START -11676 -8152 32767 7242 -10472 -6153 END
START -9960 -8080 32767 8678 -13562 -7505 END
START -8288 -7732 30176 10103 -15180 -9215 END
START -7088 -6716 25212 13293 -16267 -9128 END
START -5828 -3368 20872 15560 -16653 -9198 END
START -5324 84 16608 14996 -16212 -9110 END
START -4536 3420 13192 13860 -15520 -8574 END
START -3668 5584 9888 11458 -14188 -7802 END
START -1968 7136 7808 10334 -13124 -6414 END
START -1368 8592 7228 7663 -11777 -6659 END
START -796 7820 7420 5189 -9604 -7493 END
START -1316 6772 6400 3253 -7135 -7437 END
START -1460 6164 5224 2679 -4486 -7099 END
START 3020 5248 4584 3223 -1851 -4227 END
START -920 5964 3384 4721 1577 -919 END
START -972 7524 5536 2541 2001 -2000 END
START -676 6668 6828 763 4872 -2056 END