START 948 -1824 12768 -2704 3609 3262 END
START 288 -2428 12396 -2525 4857 1785 END
START 1176 -2736 12220 -1530 5696 492 END
START 1856 -3216 12344 -1890 8167 -956 END
START 1956 -3148 13224 -2251 10850 -1474 END
START 2500 -2884 13676 -3453 13542 -1808 END
START 2104 -2972 13676 -4067 16936 -2457 END
START 1960 -3388 13060 -3846 20433 -2766 END
START 3176 -3716 13468 -5206 24415 -4029 END
START 1732 -3232 11760 -4985 27743 -4300 END
START 2496 -2940 13096 -5553 32767 -4520 END
START 824 -2240 11740 -5943 32767 -5425 END
START 2236 -3488 11268 -8568 32767 -6056 END
START -1144 -3112 12572 -15895 32767 -6404 END
START -4484 -6720 8480 -24251 32767 -9733 END
START -10524 -9152 6900 -17408 32767 -4539 END
START -15192 -8132 9008 -11429 32767 3501 END
START -22320 -6264 10396 -9318 30732 7211 END
START -22576 -4952 13040 -7373 14691 6526 END
START -24640 -4828 14472 -4858 1505 5679 END
START -22944 -5336 18568 -2570 -6327 1491 END
START -21892 -7096 20116 -2907 -8271 -5671 END
START -21340 -7364 21392 2641 -12124 -7783 END
START -19944 -8108 20888 3910 -16943 -10782 END
START -17728 -8892 19192 7360 -24877 -9563 END
START -15044 -9456 18444 10647 -31260 -6677 END
START -12344 -9652 17556 14106 -32768 -2960 END
START -10552 -8524 15904 19531 -32768 3089 END
START -11692 -5692 15580 24471 -32768 7483 END
START -7636 -3096 15556 23800 -32768 8836 END
START -6204 -860 15868 17994 -32768 6563 END
START -4716 292 15040 11738 -32768 2115 END
START -2872 356 13760 7940 -32371 -3198 END
START -128 -200 13316 8262 -32768 -3600 END
START 2672 112 14512 9585 -32768 -1216 END
START 6416 2412 19376 5934 -29534 -849 END
START 5408 2080 16828 1267 -21234 -1543 END
START 8112 1396 15972 2304 -13325 -939 END
START 8200 888 12832 4172 -6391 -1336 END
START 7132 1032 10872 5874 -916 -1137 END
START 6048 456 8976 5350 3301 -413 END
START 5032 -444 7104 5302 4997 1884 END
START 3568 768 7556 5267 5986 3542 END
START 2648 2540 8616 4477 6616 3545 END
START 2312 3432 9560 2065 7997 2274 END
START 1672 4316 10860 -2305 9843 -412 END
START 2504 4200 11228 -7088 12416 -2921 END
START 2796 3512 11480 -7648 14061 -3315 END
START 3568 3588 13392 -8284 17852 -4777 END
START 3840 2528 13296 -10858 24818 -8554 END
START 3392 -452 9964 -11520 32767 -13058 END
START 1740 -4092 7724 -9351 32767 -15010 END
START -912 -3368 10988 -9535 32767 -14326 END
START -2352 -5324 10376 -16194 32767 -13118 END
START -8260 -7524 9028 -14977 32767 -6469 END
START -9592 -7912 7468 -12740 32767 -1325 END
START -17076 -5252 9400 -7630 29039 4702 END
START -18580 -4188 11968 -6192 15034 2110 END
START -18236 -3776 16744 -6917 1495 -4303 END
START -17500 -6008 20572 -8563 652 -10378 END
START -13436 -7936 24892 -8828 5249 -16796 END
START -13268 -10848 22652 -5225 8908 -19111 END
START -16516 -13412 20436 848 5193 -13196 END
START -17308 -13364 20816 8141 -6589 -4276 END
START -16796 -10988 21340 9671 -13813 948 END
START -15368 -7060 23584 12846 -18291 3699 END
START -13252 -5616 24208 11472 -19231 -437 END
START -9812 -6220 21796 10751 -22694 -4286 END
START -9536 -7312 19900 12181 -23307 -7223 END
START -8164 -8416 17204 15878 -28211 -5280 END
START -6760 -8392 15168 19668 -32768 -1668 END
START -3444 -5516 11652 24384 -32768 4880 END
START -3844 340 14976 27627 -32768 7582 END
START -2820 4832 14616 18349 -29949 5287 END
START -1032 6844 15600 13664 -27104 125 END
START 936 7876 18232 4792 -26971 -6171 END
START 4492 4840 15824 -931 -23641 -12288 END
START 5044 1828 14352 2314 -18701 -10868 END
START 5436 560 14728 431 -9376 -6868 END
START 8980 3076 10704 6338 -3282 1303 END
START 1256 5392 13716 8338 3970 2790 END
START 1288 6912 13188 5164 8549 -1833 END
START -44 5328 12472 4445 9144 -2827 END