START 160 -5552 12240 -1945 -673 3401 END
START -212 -5608 12416 -1485 761 2800 END
START 44 -5560 11800 -1389 3043 1847 END
START -460 -5740 10976 -1782 5153 1301 END
START -1340 -5924 9820 -1810 7097 1038 END
START -2576 -5664 9656 -1227 9361 1574 END
START -3984 -5328 9316 -655 8548 1772 END
START -3624 -4532 8780 -469 9337 2179 END
START -3972 -3516 9632 -626 10477 1982 END
START -4092 -2928 10108 -1016 12194 1775 END
START -4492 -2312 10200 -1780 13091 1165 END
START -4240 -2444 11300 -2034 14269 1526 END
START -4892 -2812 12092 -2867 15743 1783 END
START -4888 -3660 11784 -3591 16565 1335 END
START -5568 -3908 12500 -2497 16427 2610 END
START -6804 -3776 13892 -796 16185 3527 END
START -7900 -3276 15740 -1732 15804 3740 END
START -9384 -2956 17584 -3097 15064 3027 END
START -8120 -5844 17952 -518 16381 3850 END
START -10880 -2776 21632 -2398 13743 2316 END
START -10044 -4432 21684 993 10704 997 END
START -10936 -4388 23936 -2378 7073 -1404 END
START -10608 -6036 25556 -1784 7295 -123 END
START -12364 -5340 27520 -1989 5299 -1070 END
START -13276 -4816 26688 -1479 2627 -1698 END
START -14148 -3580 27228 -1255 39 -3447 END
START -12692 -4388 26596 -1057 -3065 -6229 END
START -11652 -4704 26500 -280 -5771 -7560 END
START -10788 -5572 26832 193 -8035 -7859 END
START -10160 -6612 26364 1062 -9441 -7927 END
START -10304 -7632 25028 820 -11187 -9539 END
START -9388 -8192 23100 2969 -12685 -9112 END
START -8656 -7720 21776 6041 -14324 -8456 END
START -7208 -6688 18772 8764 -14959 -6525 END
START -6352 -5052 17212 12419 -15203 -5230 END
START -5572 -3140 15984 13721 -15379 -5472 END
START -4556 -2132 15140 13989 -15681 -4971 END
START -4172 -1224 14632 12841 -15802 -4733 END
START -3704 -800 13200 11265 -15241 -5307 END
START -3144 -268 11908 11113 -13961 -5228 END
START -2340 620 9808 11928 -12854 -4348 END
START -1572 2196 9292 12988 -11033 -3485 END
START -496 3604 9048 12027 -9055 -3346 END
START 148 4176 8660 10262 -7508 -3464 END
START 724 4384 8236 9057 -6121 -3191 END
START 1320 4452 7984 7544 -4484 -2867 END
START 1564 4724 7836 5566 -2401 -2636 END
START 1712 4400 7228 4001 -419 -2169 END
START 1736 4340 7752 2637 1357 -1406 END
START 1468 4180 7588 1202 3160 -654 END
START 1416 4732 7940 -156 4969 -59 END
START 936 4924 7796 -1725 6818 -259 END
START 704 4872 8108 -2892 8422 -705 END
START 536 4624 8580 -4055 9905 -1345 END
START 376 3836 9616 -5188 11493 -2038 END
START 0 2796 10708 -6401 13043 -2497 END
START -1932 1964 11904 -7152 16537 -1944 END
START -2052 1328 12716 -7756 16304 -1698 END
START -1680 48 13616 -6260 17772 454 END
START -3144 -104 15464 -6437 18623 1666 END
START -5520 52 16748 -6156 19075 2696 END
START -6844 -872 17336 -4823 18019 3286 END
START -8192 -1164 19372 -5156 15790 1854 END
START -9848 -1700 21792 -5729 12225 -553 END
START -9992 -2880 25172 -4678 9878 -1880 END
START -10412 -3960 26940 -5302 8205 -3286 END
START -11668 -5544 27444 -5713 6933 -5218 END
START -12432 -7632 26932 -3502 3378 -4944 END
START -12468 -7984 26572 476 -803 -3394 END
START -11768 -7220 26980 3954 -4728 -1938 END
START -10968 -5672 27204 6075 -7288 -2578 END
START -10436 -4884 26184 7061 -9257 -4216 END
START -9000 -4848 24836 8571 -10812 -4913 END
START -8128 -3772 23108 9193 -11547 -5514 END
START -7164 -3076 20612 9422 -12448 -6085 END
START -6248 -2604 18196 10441 -13372 -5535 END
START -5052 -1132 16516 12101 -13633 -4400 END
START -4428 1368 15524 12887 -11811 -2568 END
START -3484 2608 14552 11379 -12249 -4241 END
START -2240 3428 13260 10055 -10289 -4238 END
START -680 4676 12420 10332 -8835 -3672 END
START 512 6324 11340 8726 -4504 -3208 END
START -1396 6368 10964 6826 52 -3338 END
START -1884 6108 9520 5680 -30 -2879 END