START -988 -8900 14728 -107 -1715 5533 END
START -308 -7372 14840 1832 -2246 4880 END
START 1528 -6540 16680 2546 -2008 3686 END
START 1852 -4504 15876 406 -1018 1316 END
START 2544 -5620 16908 -371 -1005 1053 END
START 2048 -7176 15920 -1484 130 795 END
START 1756 -8040 15156 -835 818 1480 END
START 1036 -8352 14280 558 1054 2322 END
START 584 -7548 12952 1847 1047 2668 END
START 420 -6128 12788 2422 329 2759 END
START 840 -4428 12832 1693 232 2160 END
START 1380 -3600 13168 331 311 901 END
START 2464 -3848 13408 -1146 1150 -462 END
START 2660 -4932 13220 -2144 2862 -1490 END
START 2728 -6124 12448 -1849 4731 -1912 END
START 2280 -6936 11256 -1275 6708 -2000 END
START 1792 -7628 9780 -171 8492 -1598 END
START 424 -7320 8568 475 9322 -1081 END
START -196 -6724 7568 584 9578 -1164 END
START -880 -5816 6660 241 9858 -1847 END
START -692 -5080 5772 -221 10357 -3092 END
START -396 -4300 4984 -455 12268 -4337 END
START -76 -3796 4604 -415 15053 -5408 END
START -144 -3684 2644 15 17821 -4813 END
START 1020 -3316 3332 -262 23010 -4287 END
START 624 -3288 3900 1688 25276 543 END
START -1544 -1672 4540 1199 25545 2928 END
START -2232 -432 8680 -932 23086 2749 END
START -6284 712 14612 -4639 22058 -1457 END
START -4196 -508 16196 -5941 19565 -3922 END
START -5180 -492 23992 -4962 17037 -6009 END
START -7124 -528 30756 -6588 17194 -9671 END
START -10336 -2844 32008 -7563 16778 -9627 END
START -11636 -7344 32767 -2321 14600 -4835 END
START -6136 -10032 30860 -737 13827 -3786 END
START -16512 -4736 32767 6385 9441 1492 END
START -16376 -2744 32767 6572 5043 -549 END
START -15140 -2812 32767 2031 1179 -4275 END
START -14828 -3068 32767 1926 -3831 -4999 END
START -13140 -4836 32767 2395 -7227 -6277 END
START -10368 -5376 31780 2849 -9548 -6599 END
START -7492 -6568 31836 4834 -11913 -5412 END
START -5532 -6688 31312 2649 -12806 -6460 END
START -4536 -8924 29480 3978 -14160 -6363 END
START -4264 -9220 27964 6138 -15120 -6557 END
START -4888 -7500 26856 4910 -16775 -10489 END
START -4920 -7524 22404 8011 -17772 -10016 END
START -4832 -5064 19156 9709 -19174 -10180 END
START 780 -4604 16744 8611 -19213 -10778 END
START -1776 -1740 11896 9830 -15745 -7748 END
START 808 -1376 16840 15604 -13526 -1522 END
START -1048 2172 10336 9476 -10337 -5952 END
START -1740 2928 8784 13573 -10328 -4605 END
START -880 4400 6820 9322 -10318 -5228 END
START 360 4096 4344 6885 -7585 -5968 END
START -144 4764 3080 5737 -8419 -6185 END
START 1072 4372 2784 3989 -9295 -5995 END
START 2296 3368 3580 1369 -7905 -5433 END
START 2976 2636 3408 441 -5993 -3863 END
START 2896 2604 3416 581 -4440 -2089 END
START 2700 3108 3440 -106 -2114 -1672 END
START 2452 3536 3116 -935 552 -2155 END
START 1920 3148 2572 -1561 2850 -2634 END
START 1372 2512 2092 -1951 4650 -2209 END
START 1336 2136 1832 -2228 6332 -1330 END
START 1388 1544 1780 -2953 8662 -544 END
START 1516 880 1556 -3412 10603 554 END
START 1180 488 1368 -3874 12541 1186 END
START 296 -384 1860 -4520 14199 1250 END
START -620 -872 2372 -5781 15538 702 END
START -832 -2476 2792 -6112 17027 214 END
START -1188 -3808 3360 -6893 17910 -2114 END
START -732 -5240 5000 -6657 18621 -2988 END
START 124 -7148 7684 -5770 21457 -1857 END
START -1300 -3412 8028 -4924 22580 -795 END
START -2376 -3688 12768 -1565 24317 1940 END
START -5448 -1976 16800 -3042 27568 1203 END
START -8164 -2260 16664 -3639 26711 1070 END
START -10656 -964 22004 -1244 24036 1893 END
START -13172 -412 27832 -2433 21550 -380 END
START -16888 -772 32248 -4974 17198 -2475 END
START -20084 -664 32767 -7537 10862 -4484 END
START -18200 -5492 32767 -3444 7835 -2846 END
START -17848 -4724 32767 -572 5348 -1675 END
START -17084 -5068 32767 1770 1380 -2084 END
START -16464 -4748 32767 2395 -1487 -2666 END
START -15584 -5136 32767 4521 -4108 -1847 END
START -15420 -4400 32767 6304 -7600 -2049 END
START -14024 -5028 32767 6407 -11446 -2881 END
START -12852 -5220 32767 4890 -15647 -4380 END
START -10736 -6440 31816 5934 -18892 -4471 END
START -8836 -6784 30600 7913 -20962 -4133 END
START -7580 -6860 28568 7578 -22049 -5529 END
START -6444 -7264 24132 9772 -22422 -5454 END
START -5728 -6092 21376 11592 -23875 -5796 END
START -4768 -4180 17036 11855 -23028 -7022 END
START -4212 -2136 13072 13783 -23461 -6978 END
START -2868 -132 9872 13296 -22950 -7601 END
START -2068 2352 6392 11623 -21200 -8355 END
START -1096 4820 3120 11262 -19471 -8291 END
START -556 7512 1768 8956 -17177 -8991 END
START 292 7320 2872 7258 -12509 -7782 END
START 872 8356 820 4646 -11648 -7928 END
START 2108 7964 1240 1397 -8717 -9407 END
START 2456 5968 804 -685 -5445 -8406 END
START 3008 5588 1172 579 -3648 -5316 END
START 3048 5788 1224 -281 98 -3393 END
START 2168 6512 2228 -2159 4792 -2551 END
START 1968 7064 2936 -2627 7661 772 END
START 176 6336 4832 -2848 8529 3774 END