START 1276 4408 19848 -163 -331 1993 END
START 748 4420 20320 -1353 -1269 1938 END
START 744 4016 20720 -2752 -1800 1499 END
START 1056 3252 20964 -3301 -2515 1207 END
START 1176 2364 21200 -3237 -2753 1359 END
START 1236 1824 20448 -2497 -2552 1982 END
START 860 1748 20036 -1107 -2533 2485 END
START 256 1440 19292 -101 -2737 2323 END
START -40 1468 18692 461 -2807 1875 END
START -328 1060 17428 294 -3215 1228 END
START -700 624 16700 -82 -3450 1094 END
START 28 304 15420 -68 -3262 1752 END
START -100 712 14184 -149 -2464 1731 END
START 400 456 13312 -39 -1272 1399 END
START 324 848 12160 180 -29 1120 END
START 804 520 11072 455 1380 1276 END
START 1092 684 10256 323 2973 893 END
START 1096 1008 9348 -481 4706 -127 END
START 1392 424 7912 -1553 6519 -1343 END
START 1348 -772 6432 -2885 8071 -1693 END
START 936 -1228 6104 -3348 9077 -609 END
START 152 -588 6544 -4216 10547 496 END
START -112 -400 6440 -5286 12693 335 END
START -176 -792 6664 -6310 15523 -532 END
START 1348 -364 6348 -6177 19341 -1066 END
START -272 -1352 7540 -5475 23213 -2339 END
START 452 -1908 8528 -6317 27137 -2244 END
START -748 -1812 9220 -7902 31544 -1652 END
START -4540 -1468 10296 -7810 32767 205 END
START -3156 -2308 10388 -6525 32767 3168 END
START -7708 -1280 12188 -3513 31473 5169 END
START -13552 1336 16804 220 26856 4017 END
START -13472 848 20408 2500 18876 680 END
START -15976 1316 27600 2149 12698 -3965 END
START -20512 3680 32767 -9439 11740 -10638 END
START -17756 -2028 32767 -10174 1209 -11399 END
START -18176 -3824 32767 -9526 -2838 -10531 END
START -16616 -7084 32767 -5456 -8537 -9205 END
START -14580 -7724 32767 -1000 -12860 -7760 END
START -12068 -7712 30488 1825 -14928 -6908 END
START -10160 -7312 26472 6663 -17375 -4101 END
START -9008 -6388 23908 11168 -19548 -1815 END
START -8392 -3980 21880 11323 -21259 -2120 END
START -5824 -3284 19180 10470 -23958 -3083 END
START -5680 -1920 16644 10678 -25103 -5023 END
START -3588 -2380 15520 11129 -25421 -7046 END
START -228 -1228 12532 11926 -22753 -6264 END
START 1676 -84 11324 13832 -19774 -4806 END
START 2608 1912 10140 14249 -16516 -2667 END
START 2416 4456 9436 12654 -12947 -912 END
START 2128 5772 8012 8757 -9874 -1689 END
START 2388 5976 7352 6000 -8305 -2844 END
START 2872 5812 7120 3080 -6314 -4502 END
START 2484 4940 7060 326 -3606 -6458 END
START 2528 3692 6812 -2210 -878 -6963 END
START 2460 3256 6532 -4310 2135 -6910 END
START 2396 3120 6356 -4616 5676 -7059 END
START 2620 2908 6416 -4342 9471 -7130 END
START 2632 2916 6444 -3485 13705 -6948 END
START 2876 3104 7492 -2665 17647 -6942 END
START 3264 3756 8532 -1840 22222 -7771 END
START 3852 4692 9684 -3507 27579 -9525 END
START 4448 4396 10164 -6008 32708 -11045 END
START 1036 2520 7700 -6020 32767 -11930 END
START -2432 1500 12048 -5776 32767 -9679 END
START -8012 -1340 13668 -14898 32767 -14182 END
START -13980 -4288 16524 -19974 32767 -22056 END
START -16400 -11080 15184 -5159 32767 -13866 END
START -21956 -6724 20968 8170 15564 -7816 END
START -26280 -48 25068 9935 -5536 -9373 END
START -17900 -3844 25892 5148 -15143 -11777 END
START -15480 -4776 31184 8324 -13029 -10559 END
START -16520 -3476 23508 12181 -14325 -9729 END
START -14176 184 22212 15176 -22767 -7558 END
START -11192 1628 20196 13589 -25387 -7082 END
START -6704 2140 18880 15886 -26429 -4586 END
START -4660 2920 17492 12834 -23916 -3116 END
START -2400 4924 16824 10840 -19712 -343 END
START -212 6316 15576 8108 -12542 4108 END
START -604 8944 18956 8529 -7233 5303 END
START -788 9840 19848 2465 -3484 3453 END