START 2704 -4192 11428 -7663 10908 6132 END
START 2004 -2396 11116 -7834 13289 6240 END
START 1648 -3320 12048 -7735 17076 3946 END
START 1492 -4512 10416 -8547 19711 3159 END
START 900 -3932 10592 -7854 22254 2666 END
START 704 -3996 9800 -6974 24697 2003 END
START -172 -3468 9928 -7920 28516 989 END
START -1948 -3136 8856 -9824 32162 -737 END
START -2688 -5452 5436 -6626 32767 2378 END
START -4268 -5004 8152 -6761 32767 4227 END
START -6920 -4272 8656 -10411 32767 2060 END
START -8536 -5192 8332 -7684 32767 4628 END
START -10204 -4628 11052 -5424 29658 5590 END
START -11196 -4804 13624 -7144 25397 2587 END
START -12340 -5564 15568 -7525 23376 609 END
START -12924 -6488 19252 -9144 24117 -4291 END
START -13664 -9536 19164 -10067 24342 -5711 END
START -18208 -11908 20784 -4759 16214 -2377 END
START -21112 -11924 22544 -2069 5895 22 END
START -20168 -10084 24580 3574 -2704 2636 END
START -22084 -8396 27696 2894 -7183 1466 END
START -19168 -8792 32767 3271 -5775 -4103 END
START -19048 -9216 27728 4876 -8446 -5344 END
START -17788 -10560 24608 6790 -12396 -6061 END
START -16768 -10380 21712 11104 -17550 -3046 END
START -14300 -8784 19880 15586 -22183 241 END
START -11412 -7044 19624 17462 -25866 2411 END
START -10092 -6048 19476 17374 -27568 2255 END
START -9624 -3992 16580 17857 -28310 1200 END
START -9848 -2364 11972 19028 -30952 2094 END
START -7256 -772 11616 17853 -32768 1230 END
START -4200 1224 11716 16054 -32768 -342 END
START -1124 2436 12480 10859 -32768 -3744 END
START 904 708 11872 3602 -28942 -6979 END
START 2012 -2148 10732 4289 -27109 -5819 END
START 1988 -2712 10948 4559 -26750 -2565 END
START 2020 -1964 9984 6734 -25169 612 END
START 2692 472 10200 7614 -22624 2384 END
START 4588 3268 9968 8137 -17441 2493 END
START 5100 3828 9556 5560 -12336 33 END
START 6452 3368 8408 4668 -7872 -1706 END
START 6744 2540 7916 4488 -4770 -1607 END
START 6476 2988 8080 3629 -1435 -1440 END
START 5840 3284 7584 2094 1699 -2001 END
START 5512 3344 7004 170 4056 -2989 END
START 5112 2824 6476 -889 5937 -3438 END
START 4904 2560 7236 -2221 8126 -3954 END
START 4320 2408 7520 -4361 11052 -4774 END
START 4052 1552 8076 -6007 13853 -5413 END
START 3188 760 8732 -7128 16017 -5974 END
START 2656 292 9024 -6962 18859 -6584 END
START 2184 284 9284 -6086 21322 -7661 END
START 1784 128 9612 -5198 23950 -8834 END
START 1544 -764 10680 -5195 26747 -10242 END
START -304 -1164 11128 -6081 31631 -10816 END
START -868 -1500 9876 -6283 32767 -10823 END
START -1076 -4560 14452 -5969 32767 -7083 END
START -5468 -4420 11800 -7205 32767 -2723 END
START -9448 -4648 10888 -5375 32767 2343 END
START -15652 40 15564 -341 28787 6783 END
START -18940 2800 17600 -461 18244 6089 END
START -19880 4084 19608 2479 7811 4601 END
START -16728 6164 31820 -2634 2075 -6569 END
START -15020 1344 31288 -10675 -119 -17528 END
START -13568 -4132 32580 -12576 -32 -18170 END
START -13920 -8428 32124 -11669 -3991 -17398 END
START -13808 -9580 32767 -2148 -3469 -4912 END
START -13448 -7568 32680 7316 -5203 3169 END
START -13272 -3996 31828 9836 -7932 3596 END
START -12700 -2144 30412 10048 -12139 1415 END
START -12304 -976 29808 7454 -15946 -2430 END
START -10556 -1848 25108 5712 -17437 -5069 END
START -7884 -2228 21856 7607 -19291 -5850 END
START -5284 -932 18416 9121 -18204 -2803 END
START -4648 -280 15204 9290 -19754 -1802 END
START -1352 1016 14268 9380 -17903 -585 END
START 228 1376 12752 8590 -16761 -1424 END
START 60 2980 12888 8449 -15250 -538 END
START 1040 3616 13112 7461 -10961 -85 END
START 96 3580 11568 6127 -6299 218 END
START -1224 4112 11104 5189 -3978 -441 END
START -1000 3580 8992 2341 -368 -890 END
START -1180 3584 7396 1854 2526 -322 END
START -2732 4092 9716 1148 2420 -546 END
START -2968 2776 9480 -499 1178 -2620 END