START -3476 -3592 14140 -4117 -11305 -1274 END
START -2172 -3992 15592 -2318 -11574 -1576 END
START -1388 -5352 16568 -4177 -10330 -3260 END
START -1084 -6752 16200 -4734 -8709 -4084 END
START -1124 -8124 14532 -3215 -7472 -3811 END
START -860 -9024 12808 -1091 -6382 -3618 END
START -1384 -9112 12140 1056 -5910 -2901 END
START -1648 -8448 12060 2632 -5665 -2032 END
START -1920 -7316 11488 2874 -5050 -2528 END
START -1960 -6948 10924 2726 -4811 -3947 END
START -1548 -6732 10356 2532 -4136 -5765 END
START -1104 -6464 9188 3256 -2910 -6797 END
START -96 -6332 8108 3944 -1148 -7583 END
START 52 -5596 6676 4792 614 -7588 END
START 292 -4792 5724 5570 2203 -6962 END
START 128 -3840 4836 5922 3684 -5847 END
START 76 -2776 4464 5959 5103 -4158 END
START -300 -1356 4280 5707 6155 -2594 END
START -844 136 4376 4428 7765 -2434 END
START -1212 992 4768 2535 9166 -2945 END
START -1772 1328 4628 332 10631 -4065 END
START -2008 960 4684 -1626 12266 -5492 END
START -1936 172 4908 -3129 14315 -6470 END
START -1896 -952 4900 -4026 16430 -6384 END
START -2052 -1348 5256 -4039 18756 -5442 END
START -2840 -1820 6072 -3901 20453 -4515 END
START -2992 -1028 5724 -4818 22858 -2743 END
START -5336 -2948 10380 -1754 21744 281 END
START -8700 -2068 11988 -5247 21677 -2015 END
START -9460 -3000 14272 -4924 18920 -4334 END
START -9912 -4500 18752 -2888 15790 -5208 END
START -10508 -5372 22616 -1491 14340 -6125 END
START -8732 -7160 27412 -60 12813 -6119 END
START -10552 -6972 29472 920 11602 -7176 END
START -9648 -7812 31268 6692 11516 -659 END
START -11016 -6456 32767 10770 10291 1123 END
START -13500 -3400 32767 7533 7063 -2888 END
START -13556 -3216 32767 5323 3494 -5651 END
START -13564 -3128 32767 6992 865 -4759 END
START -13376 -2432 32767 6240 -1663 -6399 END
START -12040 -2304 32608 6519 -5215 -6838 END
START -11184 -1552 30728 6554 -7349 -7185 END
START -10336 -876 28552 6095 -9550 -7318 END
START -8704 -1060 27624 6696 -11456 -6301 END
START -7792 -1400 26600 6181 -12730 -6560 END
START -7196 -2208 24848 6946 -13925 -6516 END
START -6912 -1988 23192 8886 -14990 -5556 END
START -4844 1052 22568 5716 -16572 -8466 END
START -5692 796 19456 10782 -17743 -7296 END
START -696 -316 18264 12279 -19171 -6179 END
START -968 28 16564 13266 -17000 -3433 END
START -1444 1728 15628 12090 -16217 -2332 END
START -2248 3460 13260 12369 -15411 -2816 END
START -1184 4436 10900 12309 -15027 -2691 END
START -728 6160 9096 11875 -13799 -2514 END
START 1112 6464 8456 11280 -12539 -3205 END
START 1100 7416 7440 11342 -11566 -2763 END
START 1488 7348 6260 10127 -9567 -1754 END
START 940 7108 5676 8846 -7904 442 END
START 888 7120 5280 7722 -6893 2699 END
START 1156 7088 4912 6472 -5613 5103 END
START 1368 7424 4980 5467 -3997 7250 END
START 1696 7720 4752 4415 -1937 8907 END
START 1760 8364 4500 3037 127 9293 END
START 2348 8272 4164 1011 2319 8726 END
START 2520 8304 3960 -196 4109 8456 END
START 2768 8248 3716 -2126 6554 7914 END
START 2436 7944 3168 -3448 9291 8069 END
START 2088 7984 3060 -4886 12105 8356 END
START 1288 7808 2448 -6708 15028 8823 END
START 432 7480 1920 -8424 17221 9734 END
START -220 7224 2160 -10505 19308 10718 END
START -904 6380 3060 -13344 21328 11595 END
START -1676 5660 4300 -17364 23070 12362 END
START -3068 3232 7196 -21138 23770 13808 END
START -3092 2236 9944 -27522 25739 12529 END
START -10736 -6716 11624 -28127 25090 9937 END
START -12828 -11280 20056 -24800 21194 8755 END
START -15360 -16304 24212 -22247 18216 1938 END
START -14868 -20632 27308 -16647 12771 4159 END
START -10144 -24972 32767 -1296 10153 16654 END
START -8716 -19576 27844 2382 12362 16316 END
START -16148 -13336 28276 8289 7528 17922 END
START -13140 -9232 28488 12439 4591 15620 END
START -12736 -5200 29008 7233 4952 9598 END
START -13060 -3716 26300 4635 3719 7196 END
START -16244 -3604 24468 320 19 4313 END
START -11128 -3520 21048 -330 735 2897 END
START -10764 -1544 19004 -1155 1613 1856 END
START -10356 -2660 17920 -1 130 1896 END
START -9152 -2100 17296 -1741 -13 -594 END