START 1816 -4928 7284 1217 -713 -8125 END
START 548 -4768 8992 609 1321 -8547 END
START 300 -4828 7788 2027 2568 -7908 END
START 412 -4896 6820 2111 4569 -7465 END
START 324 -4304 6020 3687 5726 -6573 END
START -60 -3308 5832 5065 6129 -6412 END
START 160 -2736 6396 5312 6970 -7080 END
START -248 -1976 7028 4965 8264 -7533 END
START -516 -1324 7712 4061 9805 -7909 END
START -2160 -936 8116 1974 11797 -9672 END
START -2820 -2252 7380 2145 13816 -9522 END
START -4216 -2616 7800 823 16040 -9740 END
START -5928 -2968 6784 812 17336 -9632 END
START -2440 -2460 6396 2210 20805 -7177 END
START -8036 -2356 6888 4703 19184 -4953 END
START -9228 -644 8076 6409 19382 -3375 END
START -10028 828 10648 7081 18717 -2577 END
START -10388 1652 13352 5293 18355 -3301 END
START -10456 1800 15832 3030 17767 -4085 END
START -10700 1828 17460 1662 16715 -4694 END
START -12208 2356 19544 1681 14705 -5793 END
START -11156 2384 22152 5005 15329 -4427 END
START -12340 3408 25828 2967 14836 -3057 END
START -12800 3040 28752 1550 13580 -3221 END
START -14424 2884 32767 1297 11308 -1649 END
START -15444 1796 32767 536 9152 -2479 END
START -16116 2420 32767 1042 6584 -3260 END
START -15932 1752 32767 1945 3103 -3095 END
START -15696 1324 32767 3143 -2156 -2277 END
START -14284 696 31708 3609 -7027 -2046 END
START -11412 704 31104 2886 -10925 -2044 END
START -8952 596 29068 1271 -13661 -4521 END
START -5964 148 27772 1441 -15155 -5760 END
START -976 -616 25688 837 -16314 -5748 END
START -3504 -116 25368 1699 -15026 -4953 END
START -3204 364 24800 3766 -15390 -3624 END
START -3312 816 23540 4505 -14375 -2600 END
START -2968 1724 21852 5606 -14517 -1961 END
START -3408 4504 20716 549 -15488 -5719 END
START -2256 2736 18604 5751 -16617 -3428 END
START -2000 3336 17976 6516 -17048 -2216 END
START 652 2356 18484 8116 -17119 -556 END
START 288 3972 17136 5328 -16896 -1648 END
START 520 3968 17244 5096 -16789 -1818 END
START 236 4448 15740 4067 -15950 -2318 END
START 160 4516 13312 4927 -15297 -2398 END
START 116 5248 12480 3434 -15756 -4072 END
START 996 4972 10676 3151 -15110 -4750 END
START 1112 5032 9508 3767 -14605 -4720 END
START 2324 4948 8380 3628 -13296 -4698 END
START 2764 4536 7604 3493 -11215 -4500 END
START 3168 3872 6596 3504 -9146 -3502 END
START 3780 3624 6112 3299 -6855 -2274 END
START 3848 3428 5460 3156 -4675 -1110 END
START 3976 3404 4308 2573 -2302 156 END
START 3932 3376 3460 2296 -140 1743 END
START 3636 3556 2736 2223 1876 3498 END
START 3408 4168 2628 1903 3849 4558 END
START 2880 4644 2216 1050 6062 5088 END
START 2388 5476 2560 334 8196 5414 END
START 1696 5948 2376 -845 10301 5472 END
START 1116 6436 2256 -2041 12555 5548 END
START 556 6524 2224 -3196 14866 5797 END
START -268 6564 2116 -4534 17099 6142 END
START -1020 6832 1916 -5682 19271 7175 END
START -2080 7060 1924 -6894 21359 8687 END
START -3168 7428 2208 -8254 23385 10142 END
START -4188 7512 3944 -9602 24880 11971 END
START -5372 6280 7340 -11334 26458 14627 END
START -7076 6344 12260 -15909 26618 13831 END
START -9852 648 13344 -18106 26228 13513 END
START -13508 -1436 20808 -18923 23344 12362 END
START -15804 -6556 24148 -23329 20922 3184 END
START -16540 -12504 27496 -18997 12133 1392 END
START -16324 -18572 28488 -14130 8116 4099 END
START -14232 -19348 32767 -2763 3947 13598 END
START -12720 -16124 32767 7748 4933 15418 END
START -12324 -11460 32767 8260 2193 10305 END
START -11220 -7136 30628 5310 2966 5192 END
START -11300 -4004 26964 8953 1672 7546 END
START -8568 -1832 23560 8098 1344 6997 END
START -8704 192 21740 6717 899 5590 END
START -7320 1344 20448 4392 442 4617 END
START -7368 2032 19536 1465 1059 2828 END
START -6620 1660 16768 308 2637 2745 END
START -5920 2400 15520 -2401 3807 2164 END
START -5584 2460 14192 -1439 5896 2081 END
START -4620 1560 12848 -2122 3529 2374 END