START 1276 -140 16348 1124 -5398 1350 END
START 1080 324 17188 2022 -8037 1533 END
START 1372 60 16480 1663 -7833 1912 END
START 1496 456 16936 420 -6476 1684 END
START 1412 424 15776 -685 -5570 1056 END
START 1140 384 15484 -694 -5472 1151 END
START 1316 680 15404 -506 -4937 1614 END
START 944 1436 15820 -301 -4008 1461 END
START 1564 2152 15584 326 -3247 738 END
START 1900 2496 15376 523 -2146 -211 END
START 1880 2700 15524 461 -1217 -801 END
START 1620 2028 15328 -506 -421 -1039 END
START 944 912 14572 -1758 -197 -463 END
START 560 380 13956 -1602 -725 1417 END
START 728 960 14244 -1357 -1030 2945 END
START 1292 1948 14428 -1126 -819 3868 END
START 1616 3016 14508 -1235 -386 4029 END
START 1776 3500 15132 -2117 -161 3320 END
START 1812 2548 15616 -4005 295 2299 END
START 1608 1240 15932 -5589 675 1374 END
START 1688 -864 16068 -7047 902 529 END
START 1768 -3432 15524 -8087 1234 -265 END
START 1208 -6124 15268 -7190 1245 -868 END
START 960 -8840 16592 -5104 174 -1761 END
START 636 -11232 17436 -3650 -249 -3588 END
START 676 -13460 18828 -1207 -1292 -5216 END
START 940 -14972 21244 237 -2402 -7756 END
START 1044 -16264 21092 1744 -1474 -10740 END
START 724 -16612 19048 6313 -950 -12737 END
START 1016 -15464 17232 10432 138 -14942 END
START 1424 -13232 15736 14487 1732 -15807 END
START 808 -10524 14336 17418 3421 -15247 END
START -804 -7224 12688 19487 3963 -13193 END
START -2888 -3132 11660 19044 4419 -12409 END
START -4480 -44 10692 18319 4209 -11938 END
START -5344 2660 9792 17791 3905 -11776 END
START -5460 5464 9140 16977 3273 -11709 END
START -5308 8284 9320 15647 3662 -11135 END
START -4684 10036 8612 14196 4506 -9797 END
START -3712 11152 8324 12744 6104 -8301 END
START -3108 11732 7056 11268 8093 -6156 END
START -3092 12560 6656 8861 9454 -3891 END
START -2712 12996 5452 5513 10875 -2175 END
START -2104 12852 4720 1959 12298 -792 END
START -1868 12676 5448 -824 12305 319 END
START -1472 11212 6888 -6199 13392 -909 END
START -1300 9220 8740 -10619 13483 -1443 END
START -1560 6344 9436 -14581 13863 -2534 END
START -2216 4144 10632 -16040 15025 -4453 END
START -3156 2648 13100 -14353 15163 -6205 END
START -4504 924 16300 -13203 16115 -8812 END
START -5684 -2272 19996 -8636 15010 -8300 END
START -7212 -4836 23552 -10258 14854 -9859 END
START -6936 -5148 23448 -9551 13810 -11750 END
START -6916 -5004 27128 -4503 10314 -11970 END
START -3696 -3476 27856 -5409 7359 -14028 END
START -6732 -3344 32767 154 7408 -12376 END
START -5712 -2944 31676 3156 3348 -14146 END
START -9120 -1076 31948 2539 6530 -12543 END
START -10804 -264 30924 4325 3552 -12142 END
START -12584 2260 31660 6899 -976 -8150 END
START -13456 7220 32756 8862 -4669 -3993 END
START -14880 11404 32576 8905 -7607 -4605 END
START -15424 12548 32088 5718 -11830 -8040 END
START -14104 10564 29360 2016 -15656 -9968 END
START -11880 8180 26756 2366 -20120 -7518 END
START -9852 7612 24724 2703 -22199 -4524 END
START -7404 8316 21648 3914 -23470 -1071 END
START -7164 9912 18976 5194 -22848 2652 END
START -2888 6592 21144 7231 -24308 3957 END
START -3584 6404 18492 1483 -22313 2706 END
START -1756 4084 18256 5334 -21530 4872 END
START -1472 4612 14928 4109 -20237 5823 END
START -1428 6348 12992 4256 -19062 4347 END
START -1084 6556 10624 4948 -18533 4573 END
START 284 6284 10048 4718 -17295 5232 END
START 948 6324 10176 2871 -17342 4997 END
START 2024 5824 10492 33 -17000 3628 END
START 2868 4840 9836 -1574 -14785 3451 END
START 3324 3952 8360 -1671 -12414 3768 END
START 3728 3160 7560 -1200 -9805 3586 END
START 4100 2116 7164 -146 -8054 3895 END
START 4268 1016 8504 632 -6847 4778 END
START 3980 536 8536 630 -5009 5766 END
START 3136 904 8204 1177 -3226 6452 END
START 2796 1580 7716 1668 -2054 6313 END
START 2600 2136 7364 1405 -1047 5659 END
START 3028 2616 7260 770 -12 5083 END
START 3516 2744 7136 -86 1092 4504 END
START 3716 2168 6460 -797 2248 4268 END
START 4016 2184 5696 -1289 4540 4391 END
START 3604 2868 4576 -1009 6827 5514 END
START 3668 4100 3940 -908 9131 7134 END
START 3388 4972 3596 -1914 11339 8533 END
START 3136 5760 3436 -3103 13613 9793 END
START 2692 6052 3000 -4482 16314 10199 END
START 2168 6120 2764 -6313 19280 9940 END
START 1704 6052 2048 -8067 22701 10079 END
START 872 5748 1448 -9172 26323 11098 END
START 728 5796 1192 -10156 29865 12286 END
START 968 4324 2984 -11063 32767 13948 END
START -2952 3744 6656 -15085 32767 13677 END
START -4460 -720 7676 -15036 32767 18408 END
START -7332 -3100 17780 -17376 32767 20380 END
START -15740 -7308 20920 -27167 32767 8608 END
START -18388 -12644 23332 -14665 25949 5902 END
START -17200 -13168 30992 -11890 20268 2992 END
START -16192 -20184 32767 75 17813 8559 END
START -26152 -14916 32767 -3867 6555 5497 END
START -16616 -13828 32767 9439 11126 11070 END
START -18544 -10480 32767 12635 5824 13649 END
START -15708 -2336 32460 8471 3763 11680 END
START -15236 2768 29716 7890 3215 9627 END