START -2156 -4976 14572 -708 -9293 -1621 END
START -1156 -5724 14696 -630 -8648 -2958 END
START -288 -6352 15216 177 -8251 -3900 END
START -640 -6912 15808 553 -6977 -4957 END
START -980 -8388 16592 -57 -6377 -7070 END
START -968 -9828 16632 484 -5734 -9027 END
START -1264 -10896 16136 2008 -4700 -10316 END
START -2128 -11088 14152 5705 -3673 -11104 END
START -2772 -10892 12700 10053 -3845 -11414 END
START -2872 -9492 11564 13911 -4466 -11177 END
START -2732 -7548 11132 15334 -4338 -10526 END
START -2220 -5600 10684 16015 -3842 -10117 END
START -1808 -3456 10000 16173 -3105 -9840 END
START -1816 -1840 8852 15662 -1872 -9622 END
START -1520 296 7492 14992 -437 -9283 END
START -1320 1672 6928 14106 610 -9434 END
START -1280 2788 6556 12650 1996 -9709 END
START -1592 3764 6148 11387 3300 -9024 END
START -2248 4668 6040 10160 4918 -8353 END
START -1668 4492 5232 7454 7518 -8577 END
START -2372 4520 4116 6856 8862 -7599 END
START -2216 4428 3872 6025 10593 -6651 END
START -2004 4612 3504 4529 12749 -5508 END
START -1768 5204 3692 3455 13811 -3927 END
START -1500 5340 5316 2959 14922 -2089 END
START -1920 6052 6588 1535 16146 -1274 END
START -2764 6800 9164 -405 16741 -2522 END
START -3000 6088 11984 -3999 16601 -6037 END
START -4068 5508 13480 -5712 16750 -8877 END
START -4372 2992 16380 -8020 16971 -11433 END
START -7456 2192 18712 -9869 15960 -13797 END
START -5388 -1848 23028 -8145 13291 -13484 END
START -7664 -2460 26312 -4239 12056 -9736 END
START -7956 -2376 31552 -411 8868 -9007 END
START -8716 -648 32767 -1487 6091 -9737 END
START -9044 -2532 32767 442 6140 -10079 END
START -9832 -1980 32767 4326 4736 -9112 END
START -10604 -1544 32767 6765 2250 -9078 END
START -10992 432 32767 8895 -832 -8320 END
START -10528 2328 32767 9453 -3895 -7258 END
START -10296 4296 32767 9908 -6380 -5939 END
START -10020 6492 31196 10441 -9835 -4986 END
START -10184 8924 31408 8782 -12585 -5826 END
START -8992 8952 29184 5744 -14917 -6426 END
START -7904 8844 25460 4177 -16790 -6267 END
START -8200 9952 25552 1434 -19107 -7793 END
START -5844 9408 20492 3246 -18990 -5354 END
START -2696 9400 21200 7644 -20373 457 END
START -2400 10312 19352 2872 -18569 -690 END
START -2552 10128 17604 1582 -19220 158 END
START -2296 10020 17188 -197 -19543 1125 END
START -1420 8800 15488 -3008 -18848 881 END
START -704 7152 12476 -4053 -18349 1258 END
START -248 6608 11196 -2861 -17431 3110 END
START 428 6428 10408 -2817 -17587 1999 END
START 1548 5920 9316 -2960 -16824 1707 END
START 2112 5596 8892 -2297 -15193 2163 END
START 2576 4844 8136 -2234 -14284 1823 END
START 3716 3536 7540 -1156 -12084 3194 END
START 4532 3216 6684 -532 -9636 4037 END
START 5004 3200 5396 139 -6913 4858 END
START 5232 3368 4252 892 -4402 5675 END
START 5228 3648 3496 906 -1975 6239 END
START 5180 4036 3164 685 242 6595 END
START 5156 4036 2756 -144 2404 6647 END
START 5108 4020 2504 -1482 4919 6477 END
START 4452 3452 1892 -2626 7223 6527 END
START 3756 3216 1456 -3565 9509 6898 END
START 2492 3316 1156 -4693 12019 7265 END
START 1144 3852 456 -5831 14764 7878 END
START 260 4280 -376 -6635 17362 8587 END
START -884 4928 -416 -7628 19518 8929 END
START -1472 5116 -416 -8645 21311 9722 END
START -1396 5212 104 -10046 23461 10421 END
START -1652 4612 912 -12012 25694 11213 END
START -1952 3796 2748 -14420 27018 13317 END
START -3536 2864 5464 -17830 29244 15067 END
START -5828 2352 9336 -21962 30657 15313 END
START -9820 -2456 15496 -18691 32455 16482 END
START -14912 -7272 20456 -22702 31731 10218 END
START -19168 -12892 24532 -23411 25699 2495 END
START -14692 -19332 26432 -16168 24790 6876 END
START -14412 -24156 32612 1864 18980 22045 END
START -16776 -19532 32767 9283 17131 19430 END
START -18180 -13648 32767 9429 10295 17289 END
START -16568 -9352 31804 8024 7969 13630 END
START -15876 -6480 29132 9757 3480 12748 END
START -14044 -3268 26076 8820 304 10888 END
START -12488 -1360 23016 6749 -1580 8679 END
START -9956 1408 21128 2538 1641 4982 END
START -8912 2388 19312 921 2492 3808 END
START -8652 1816 18448 313 2339 4047 END