START 68 -1704 14208 -5444 -6019 -2874 END
START 240 -2496 12948 -5976 -4670 -3639 END
START -48 -3768 13480 -7422 -4455 -4043 END
START -328 -5504 13284 -9190 -3885 -3930 END
START -1288 -7032 13412 -9313 -4127 -3390 END
START -2280 -7328 12308 -7722 -3706 -3343 END
START -3108 -7204 11476 -4982 -3387 -3836 END
START -2432 -6356 10640 -2195 -3757 -3545 END
START -1520 -6028 10580 -1575 -3223 -3979 END
START -420 -6524 10340 -1851 -2185 -4510 END
START 512 -7204 10228 -1105 -669 -4492 END
START 1080 -7424 9712 -359 1489 -4355 END
START 832 -7296 9040 125 3556 -4886 END
START 816 -7016 7928 821 5027 -5632 END
START 568 -7168 6960 1409 6285 -5877 END
START 416 -6928 6348 2341 7441 -5151 END
START -152 -6608 6180 2489 9093 -4925 END
START -704 -6116 5684 2636 10807 -4684 END
START -968 -5756 5284 3514 12325 -4225 END
START -1496 -5160 5200 3680 14076 -4123 END
START -2052 -4596 4996 3720 15847 -4254 END
START -2632 -4124 5408 3410 17275 -4920 END
START -3372 -3892 5768 3386 19210 -5830 END
START -4236 -4008 5968 2685 21993 -6935 END
START -4792 -5428 7092 974 24067 -8698 END
START -5756 -4976 7740 405 27317 -8506 END
START -8544 -5784 8364 -516 27888 -8255 END
START -10432 -6592 10524 13 24876 -6540 END
START -11484 -6396 13792 2779 20354 -3406 END
START -11304 -5276 19772 5735 15791 -1372 END
START -12860 -3292 24156 7291 13417 1579 END
START -9768 -3552 29908 9497 9842 1724 END
START -7032 -6540 31128 15367 14066 2506 END
START -14432 -1436 32767 10992 9500 968 END
START -13720 -1732 32767 4590 7925 -4784 END
START -12960 -3088 32767 5217 3110 -3705 END
START -13208 -3268 32767 3923 -486 -5202 END
START -12712 -4192 32767 5582 -5036 -4001 END
START -11972 -4140 32767 5504 -8464 -4679 END
START -11300 -3564 32572 4109 -10831 -6506 END
START -9576 -4108 30684 4554 -12589 -6316 END
START -8052 -3368 28724 4869 -13735 -6088 END
START -6884 -3124 26360 6779 -14689 -5439 END
START -6404 -648 24928 4899 -17299 -7580 END
START -4624 -2268 22800 6821 -19843 -7378 END
START -5500 -3152 21708 6941 -22318 -7121 END
START -1536 -3380 19548 5156 -21823 -8970 END
START -376 -1824 17556 4928 -22773 -9561 END
START -196 -580 15424 4645 -21883 -10589 END
START 500 -276 13728 4568 -20387 -10933 END
START 1000 -208 13728 2471 -23593 -15499 END
START 2256 -108 12324 822 -22740 -18717 END
START 2388 364 8504 984 -21015 -19839 END
START 3644 1812 5716 4443 -17201 -16053 END
START 18544 -9256 14356 10780 -12688 -14987 END
START 4264 772 -1300 23834 -59 4132 END
START 9220 -2580 10712 32767 618 14678 END
START 4484 5992 8128 19529 6178 8774 END
START -428 8468 2508 14793 13113 5698 END
START -420 7996 3184 16220 6135 9364 END
START -444 9596 2620 14241 1570 13120 END
START -512 12064 3708 7515 2415 8300 END
START 168 9500 1236 -2308 3551 3481 END
START 1424 10272 3068 -272 -411 5299 END
START 1660 9344 4524 -4065 2606 3223 END
START 1236 8152 4448 -6064 7096 2549 END
START 1392 8344 4008 -6005 10434 4095 END
START 656 8364 3644 -6371 13939 6332 END
START -952 9412 3136 -7095 15944 8768 END
START -1620 9008 1768 -8483 18231 12022 END
START -1268 9432 1884 -10597 20322 16444 END
START -4220 10008 3212 -14248 22759 18778 END
START -5292 8492 7292 -14997 23846 23245 END
START -8060 5984 8624 -19054 24859 22379 END
START -10932 904 12584 -23938 24321 17721 END
START -12696 -5916 16956 -23499 22551 15090 END
START -15304 -11396 22412 -22835 19301 10620 END
START -13452 -16528 25296 -18428 15317 10920 END
START -11604 -24584 29132 -4648 13032 20853 END
START -13300 -22100 29000 1802 7651 21771 END
START -13040 -18152 27428 1368 7146 17861 END
START -13216 -14184 27072 8030 6409 17518 END
START -11768 -10156 27844 8178 3070 12201 END
START -11008 -9524 27092 3513 2566 5835 END
START -10384 -8800 25796 1029 925 2513 END
START -9856 -9164 23920 909 258 966 END
START -8676 -9012 22276 2038 -569 14 END
START -8688 -8328 20892 4082 -490 74 END
START -8600 -6528 19708 5124 -908 -385 END
START -8292 -4444 17700 5126 -1366 -1050 END
START -7784 -2280 15836 5047 -1378 -1362 END
START -6600 -820 14828 4494 -681 -1606 END
START -6608 1328 14352 3253 -503 -1935 END
START -6456 2136 15188 1924 -223 -703 END
START -5436 1628 14256 -1141 199 437 END
START -7076 1440 14844 -4841 2628 44 END
START -5084 1828 14160 -5841 2762 1121 END
START -7124 584 16296 -5947 1144 2807 END