START 192 -6312 15468 2054 -4518 -1323 END
START -1564 -5124 16720 2969 -6864 -683 END
START -1524 -4660 16668 2464 -6578 -471 END
START -2180 -4632 16432 2347 -7683 -1108 END
START -2576 -5504 16936 1023 -7935 -2656 END
START -2800 -6348 17440 -32 -8068 -4823 END
START -3268 -7008 17180 -89 -7314 -6496 END
START -2528 -7668 15836 1909 -6002 -6678 END
START -2304 -7656 15056 5422 -5021 -5843 END
START -3056 -7564 13784 7638 -4063 -5502 END
START -3472 -7540 13552 8580 -4230 -5673 END
START -3708 -7376 12076 9259 -4180 -6319 END
START -3556 -6852 10576 10537 -4344 -6941 END
START -2780 -5860 9296 12088 -4114 -6925 END
START -2120 -4652 8248 12914 -3526 -6693 END
START -1556 -3532 7532 12924 -1765 -7325 END
START -776 -2700 7056 13188 -446 -7709 END
START -680 -2000 7444 13294 978 -8091 END
START -680 -1908 7840 12427 2316 -9053 END
START -1152 -2092 8040 11398 3798 -9801 END
START -1928 -2336 7728 10740 5099 -10818 END
START -2632 -2504 6760 11361 6016 -11388 END
START -2912 -1876 6864 12587 6201 -11452 END
START -2716 -636 7652 13073 6664 -11600 END
START -2680 856 9320 12587 8019 -11661 END
START -2796 1744 10024 11698 10327 -11521 END
START -2856 3568 10736 11063 12273 -11586 END
START -3156 3764 11044 11676 13981 -10001 END
START -4240 4456 10660 9193 16763 -9773 END
START -4920 5104 10420 8730 17081 -9065 END
START -4820 6396 11516 8584 15125 -8942 END
START -6184 8504 13452 7673 16962 -5571 END
START -8620 10156 14640 5115 16747 -4324 END
START -9000 10160 16360 1570 15845 -4700 END
START -9780 9704 18188 -1921 14137 -5994 END
START -9996 8832 20972 -4383 12584 -7360 END
START -10220 7012 23396 -5306 10734 -7733 END
START -9812 5568 27264 -5624 9200 -8247 END
START -11668 4976 29184 -7071 7701 -10143 END
START -11884 2084 30088 -6341 6634 -9522 END
START -12308 568 31268 -3959 1875 -8699 END
START -11780 -348 32496 -2436 -1845 -8185 END
START -10552 -832 32767 1017 -5702 -6410 END
START -9804 332 32767 3872 -8645 -5425 END
START -8856 1320 32767 4901 -10882 -6469 END
START -8140 2228 31668 5971 -13558 -7388 END
START -6780 3228 30576 6072 -14812 -8075 END
START -6520 3964 28456 6871 -15512 -7388 END
START -2180 4780 23852 7890 -19180 -6830 END
START -5004 5728 23840 9025 -18214 -4883 END
START -6100 7448 21932 8667 -18865 -4034 END
START -4660 9084 19168 7975 -20202 -2577 END
START -2976 8896 17132 4180 -20946 -3189 END
START -3708 9208 16548 4436 -21226 -1754 END
START -2628 9184 13820 2816 -21402 -2094 END
START -1056 8376 13032 455 -20533 -2594 END
START -896 7816 11676 679 -19650 -1000 END
START -32 7580 11848 107 -17912 203 END
START -308 7252 10096 -1654 -15813 985 END
START -564 7196 7624 -1167 -14480 2653 END
START -80 7108 6016 -597 -12459 3487 END
START 692 7252 4984 -255 -10784 3896 END
START 1376 7200 3752 616 -8893 4540 END
START 1904 6948 3332 1324 -6840 5130 END
START 2816 6800 3800 -322 -3879 5083 END
START 2728 6456 2916 -1162 -1929 6100 END
START 2844 6312 2584 -2094 -26 6856 END
START 2484 5868 2376 -3218 2179 7076 END
START 2156 5272 2272 -4264 4419 7133 END
START 1880 4680 1932 -5146 6597 7368 END
START 1360 4288 1704 -5874 8782 7583 END
START 760 4276 1752 -6049 10878 8061 END
START 228 4568 1524 -6504 13349 8409 END
START -312 4832 1184 -6711 16246 9084 END
START -800 5144 1124 -6714 18488 10145 END
START -1300 5624 1412 -6939 20829 11482 END
START -1580 5800 2316 -7338 23282 13202 END
START -1996 5528 4120 -8765 25257 14466 END
START -2804 4628 6604 -10696 26919 16356 END
START -5068 4660 10820 -13403 27480 15562 END
START -7240 -1496 11540 -16782 29354 15318 END
START -11424 -5560 19588 -18386 28336 11955 END
START -13284 -12084 23252 -18947 25858 3102 END
START -13360 -16624 25508 -9423 20025 2227 END
START -13904 -17300 26560 -713 16995 8245 END
START -13664 -16388 32767 9874 11705 16398 END
START -16532 -13460 32767 10162 11682 11380 END
START -14496 -7280 32767 9586 7364 9122 END
START -13824 -3928 32304 7101 6694 5808 END
START -13656 -1640 30100 7945 5367 5186 END
START -12688 -36 27016 5871 5736 3285 END
START -13664 1040 25508 3710 4779 2388 END
START -12836 1532 21896 3304 1819 1190 END