START 1200 -7092 14940 73 -11300 -6123 END
START 688 -6384 15112 1861 -9657 -5390 END
START 1228 -6824 12368 3787 -8053 -5327 END
START 644 -6040 12496 5267 -6861 -6122 END
START 1092 -6060 11920 5854 -5403 -6847 END
START 1480 -5716 11536 6090 -4299 -7894 END
START 1416 -5320 10492 5816 -2322 -9114 END
START 1112 -4928 8880 6418 -1149 -9187 END
START 664 -4320 7964 7143 -240 -9034 END
START 228 -3736 7420 7310 614 -9036 END
START -36 -3456 6688 7856 1301 -8900 END
START -288 -2960 6684 8269 2041 -8918 END
START -336 -2408 6688 8467 2698 -9252 END
START -484 -1692 7148 7802 3642 -9780 END
START -552 -1256 7244 6839 5172 -10502 END
START -648 -988 6800 5951 6707 -11354 END
START -1148 -880 6668 5454 8413 -11895 END
START -1580 -1028 6268 5056 10314 -11815 END
START -2952 -1332 5356 5149 12035 -10938 END
START -4120 -1820 5188 5063 13225 -10357 END
START -5052 -2396 5792 5738 13032 -9366 END
START -5528 -1840 7244 5684 13112 -9021 END
START -5728 -1364 8968 8094 13772 -6578 END
START -6912 472 9924 8053 14435 -6801 END
START -7388 1916 11280 7990 15279 -8299 END
START -7632 2788 12440 7903 15620 -8901 END
START -7696 3104 14884 6778 16056 -8891 END
START -7648 3072 17640 3887 12874 -11224 END
START -9360 3388 19064 4682 14674 -7473 END
START -9420 5152 21648 5508 12090 -6022 END
START -11620 7144 24648 5349 11522 -5557 END
START -12844 7124 28016 5199 8117 -7729 END
START -12804 6916 30344 3128 5727 -8954 END
START -11912 5504 32767 947 4014 -9667 END
START -11108 4236 32767 598 2157 -9202 END
START -9884 3560 32767 1877 1269 -7432 END
START -9168 3328 32300 4588 -831 -4459 END
START -8604 4636 32376 6141 -3020 -2965 END
START -8652 5176 31700 5080 -5436 -3577 END
START -9340 4612 31404 3484 -9058 -4488 END
START -8500 4160 29612 1912 -10778 -5740 END
START -8172 4248 27528 2634 -13092 -6060 END
START -6116 5152 25364 3184 -14628 -6778 END
START -4620 5752 23748 3577 -15917 -6731 END
START -5928 5396 24592 4060 -17845 -7419 END
START -1576 3812 21084 -1504 -16709 -8249 END
START -1964 3292 21748 3876 -17385 -2331 END
START -836 3608 18784 2422 -15691 -2229 END
START -2284 4728 16892 3561 -16360 -2140 END
START -2132 6440 14124 5019 -15562 -844 END
START -2232 8248 11020 5050 -15065 -1144 END
START -1104 8812 10084 3428 -16248 -2771 END
START -240 8732 9752 2655 -15647 -2300 END
START 1004 7932 9236 879 -13489 -930 END
START 2188 6696 8648 148 -12366 294 END
START 3696 5808 8908 -1173 -10678 1627 END
START 4284 5296 7616 -1534 -7950 3656 END
START 4884 5376 6632 -882 -5494 5779 END
START 4656 5800 5704 -688 -2892 6827 END
START 4592 6172 4564 -247 -508 7516 END
START 4012 6644 4088 -500 1551 7884 END
START 3300 7032 3692 -1174 3260 8186 END
START 2584 7044 3280 -2297 4820 8411 END
START 1884 7140 3332 -3621 6796 8426 END
START 1360 6800 2928 -5187 8757 8608 END
START 628 6728 3016 -6267 10511 9095 END
START 232 6704 2748 -7829 12661 9127 END
START -240 6224 2180 -9169 14941 9034 END
START -812 6012 1848 -9575 17130 9497 END
START -1384 5888 2236 -9909 19167 10184 END
START -2336 5696 3572 -11267 21137 10843 END
START -3164 4464 6144 -13658 22477 11867 END
START -4960 2344 9264 -17649 22931 13299 END
START -8552 -992 13184 -23519 25323 12056 END
START -9912 -6588 19116 -23218 26198 12241 END
START -11264 -12696 20652 -21147 27088 10432 END
START -14412 -16224 20796 -12834 23592 9937 END
START -15052 -17296 25576 -2628 18413 11787 END
START -15592 -16768 30516 1295 16193 12486 END
START -16812 -12132 28348 7864 13732 15944 END
START -17884 -8948 28656 9667 6801 14597 END
START -18508 -7648 27672 6385 1145 10135 END