START -744 -1912 14780 1612 -9888 -5877 END
START -772 -2576 13392 813 -9221 -6680 END
START -964 -2500 12088 556 -8180 -7579 END
START -1060 -2864 10640 1313 -7722 -7556 END
START -896 -3048 9856 1516 -6461 -6606 END
START -808 -3208 8892 2058 -4900 -4729 END
START -1012 -3212 8156 2523 -3266 -3409 END
START -1008 -3036 7464 2969 -1679 -2962 END
START -1100 -2472 6896 2929 -265 -3487 END
START -1208 -2340 6564 2318 1163 -4468 END
START -1512 -2112 5548 1655 2434 -5882 END
START -1868 -2068 4808 999 3570 -7378 END
START -1840 -2424 4132 882 4522 -8301 END
START -1748 -2792 4116 899 5564 -8151 END
START -1972 -2876 4228 842 6866 -7115 END
START -2288 -2836 4496 789 8186 -6145 END
START -2544 -2612 4720 743 9868 -5633 END
START -3080 -2512 5232 748 12027 -5036 END
START -4344 -1716 5216 272 13267 -5225 END
START -4596 -3076 4332 1463 15110 -4274 END
START -5176 -2508 6320 1392 15959 -3323 END
START -5868 -2052 7508 1874 15734 -4029 END
START -5912 -1860 10136 2232 15167 -4589 END
START -6364 -1524 13316 1219 16131 -5631 END
START -6976 -1332 15836 1389 16829 -6289 END
START -5344 216 17248 1187 17058 -7086 END
START -9060 -1088 22492 3180 16045 -7218 END
START -7192 -2336 25080 3183 14525 -5217 END
START -11300 88 27872 1408 11906 -4926 END
START -11596 672 31064 4431 11081 -4091 END
START -11856 -100 32767 4885 8805 -4526 END
START -12168 1328 32767 4260 5940 -6342 END
START -11684 676 32767 4928 2754 -7481 END
START -10616 36 32767 4339 -457 -8426 END
START -9164 -468 32767 4222 -2337 -8382 END
START -8928 -388 32767 5010 -4620 -7702 END
START -8312 -248 32767 5749 -7347 -7543 END
START -7524 736 31228 6566 -9448 -6994 END
START -6724 1868 28900 7196 -11425 -6623 END
START -5232 2672 26340 7503 -13015 -6412 END
START -4180 2968 25200 6829 -14705 -6923 END
START -1600 2080 23196 5699 -17707 -7130 END
START -3576 3184 22908 1747 -17525 -9688 END
START -1356 1076 19464 5049 -19005 -8114 END
START -1644 2212 17436 6045 -19326 -7628 END
START 544 1548 14664 8070 -18477 -5740 END
START -388 2848 14688 10562 -18164 -3214 END
START -528 4500 12204 10782 -16649 -3822 END
START -804 5260 10736 11182 -15992 -4304 END
START 188 4868 9620 10766 -14816 -4484 END
START 1280 4032 7568 10962 -13217 -3804 END
START 2464 3968 6972 12175 -11434 -2746 END
START 4148 4320 5568 13783 -9099 -1402 END
START 4648 5180 5736 14273 -5756 580 END
START 4624 6072 3908 14720 -2443 3066 END
START 4448 6792 4032 13277 840 4817 END
START 3584 7004 3180 11848 3859 6973 END
START 2704 7752 2860 10179 6350 9578 END
START 1468 9232 2452 7361 8481 10756 END
START 692 9976 1796 3446 10833 11102 END
START 264 10540 1120 -305 12654 10846 END
START -600 10784 -76 -3121 13782 10548 END
START -988 10980 96 -6703 15851 8738 END
START -804 10028 -280 -8937 17166 7712 END
START -688 9132 140 -11868 19728 6579 END
START -840 7880 1116 -13740 22140 6595 END
START -1380 5840 3036 -16105 24960 6988 END
START -2640 3764 5856 -17929 27059 7357 END
START -4960 1496 9628 -19171 27346 7571 END
START -9332 660 15212 -23199 31126 5205 END
START -11532 -6992 13936 -17974 27742 6275 END
START -14744 -11624 22124 -18401 24363 3925 END
START -17804 -12340 27776 -12287 16040 3120 END
START -16672 -13452 29448 -4505 11448 7326 END
START -7512 -14712 30976 11252 12574 10805 END
START -15764 -8540 31380 9945 9688 13053 END
START -11816 -2376 30164 8964 8733 11549 END
START -12620 2668 28064 6972 7638 9590 END
START -11544 4156 24040 4946 6549 9822 END
START -11844 4888 24740 830 8323 8918 END
START -10068 5672 22316 -1897 7103 7987 END
START -10368 2964 21080 -5493 2214 7038 END
START -10280 2628 21216 -10093 2057 2464 END