START -2328 -3756 16672 3543 -9483 -853 END
START -3072 -3088 14168 2091 -9288 -2075 END
START -2084 -3628 13008 1139 -8788 -3483 END
START -1184 -4152 12560 755 -8426 -4499 END
START -1060 -4056 11800 1179 -7302 -5326 END
START 128 -4748 10476 2045 -5369 -5337 END
START 192 -4268 10024 3411 -3248 -4509 END
START -32 -3304 9384 4011 -1055 -3939 END
START -700 -2684 8568 4174 747 -3726 END
START -1356 -2604 8316 3434 1771 -3668 END
START -2052 -2644 8092 1648 2879 -4011 END
START -2984 -2640 7120 590 3683 -4415 END
START -3448 -2760 6228 747 3942 -4975 END
START -3692 -2576 5528 1475 3532 -5543 END
START -3016 -2092 5728 1467 3601 -6739 END
START -2652 -1992 5696 1278 4788 -7528 END
START -2132 -1880 5268 1800 6687 -7394 END
START -1852 -1604 4680 2905 8891 -6666 END
START -1996 -904 4784 3638 11470 -6118 END
START -2364 -528 4372 3763 14523 -5672 END
START -3384 -500 4512 3638 15845 -5788 END
START -4008 -1064 5088 3534 16572 -4858 END
START -5788 -316 8116 2546 20100 -3432 END
START -7084 -248 8112 2120 17817 -5550 END
START -8272 -648 10492 4066 16023 -7041 END
START -9436 -532 14168 6306 14934 -9019 END
START -9748 -196 17636 6252 15032 -11038 END
START -10364 308 19772 5865 13656 -11519 END
START -10784 1000 22948 8300 10127 -9094 END
START -8008 1624 27216 9469 9504 -5805 END
START -7960 1904 31208 8308 8923 -5326 END
START -9736 3396 32700 8042 9402 -3397 END
START -12552 4640 32767 5219 8610 -6480 END
START -14428 4436 31452 4510 6522 -9638 END
START -12800 3592 31340 6325 2201 -9736 END
START -11388 4012 32200 6867 -1285 -8494 END
START -10484 4692 32000 6048 -4576 -7537 END
START -8604 4948 32104 6244 -7378 -5025 END
START -8228 4964 31000 4430 -8185 -4954 END
START -7984 5208 29448 4049 -10596 -4873 END
START -7508 4896 27112 3737 -11649 -5520 END
START -6576 4716 25008 4335 -13659 -5430 END
START -5368 4888 24060 4208 -15372 -5747 END
START -4036 4880 23964 4029 -17093 -5634 END
START -3496 4516 22968 3246 -17663 -5667 END
START -3772 3460 20536 4152 -18857 -4836 END
START -5372 5644 16712 4208 -19816 -5096 END
START -2700 4188 13640 5696 -18184 -3309 END
START -1792 5612 13468 6530 -18008 -1903 END
START -916 6540 12856 4959 -19061 -2713 END
START 336 5496 10588 3568 -18027 -2971 END
START 1340 5324 9408 4199 -16623 -2255 END
START 2444 5228 7864 5222 -14045 -1120 END
START 3124 6020 5956 5043 -12373 -526 END
START 2832 6528 6156 5465 -11240 -335 END
START 3420 6052 4424 3146 -8463 -960 END
START 4148 5904 3724 3607 -6249 164 END
START 4780 5688 3568 3036 -3173 1255 END
START 5148 5388 3012 2838 -506 2704 END
START 5372 5696 2948 2659 1914 3934 END
START 5280 6120 2480 1767 4676 4614 END
START 4744 6548 1492 473 7961 5090 END
START 4112 7008 252 -405 10951 5786 END
START 3104 7924 -332 -1425 13935 6495 END
START 1904 9376 -1392 -2434 16923 6800 END
START 1056 9892 -1584 -4088 20261 6630 END
START 4 10008 -1608 -5984 23148 6906 END
START -728 9584 -764 -7756 25607 8354 END
START -2248 8912 1624 -9436 27967 9885 END
START -4500 7736 4624 -12807 30219 11513 END
START -9508 7428 7712 -15151 29548 12053 END
START -13764 3196 13864 -17063 31330 14305 END
START -13172 -1604 18484 -26468 29593 5539 END
START -19360 -5920 22752 -19556 20121 2072 END
START -18436 -10136 26940 -15483 13193 -1907 END
START -15752 -13016 29900 -11234 9533 2816 END
START -16300 -12600 32767 -8777 -3553 10742 END
START -14404 -14312 32767 2485 9772 11495 END
START -14108 -11456 32767 6647 6007 11959 END
START -14304 -6484 32636 5520 6870 8146 END
START -12660 -3756 28084 8221 6442 8311 END
START -11728 -1176 23788 7676 6763 8282 END
START -11344 1096 20536 5981 7309 6442 END
START -12300 3924 16948 4010 4044 4713 END