START 152 -5860 14820 1904 -2817 -8142 END
START 636 -5496 12848 2431 -642 -7968 END
START 296 -4856 11668 3387 889 -6367 END
START -396 -4300 10420 3732 1922 -5165 END
START -736 -3544 9404 3356 2079 -4030 END
START -756 -2932 8860 2841 2557 -3152 END
START -884 -2252 8196 2368 2910 -2702 END
START -628 -1768 8028 1679 3102 -3165 END
START -128 -1164 7824 584 3619 -4177 END
START 320 -1244 7288 -355 4578 -5288 END
START 444 -1400 7072 -872 5761 -5991 END
START 536 -1748 7184 -936 7637 -6077 END
START 44 -1764 7144 -1116 9523 -5943 END
START -1220 -2388 7248 -1814 11808 -6502 END
START -1524 -3876 6496 155 14195 -5052 END
START -2572 -4328 5872 825 16060 -4931 END
START -3436 -4672 5356 1950 17506 -6109 END
START -3692 -4984 5632 3619 17956 -6293 END
START -4464 -5052 6444 3990 18337 -6327 END
START -3712 -4696 7648 2811 20007 -8047 END
START -7120 -5860 8892 3489 19588 -8207 END
START -7736 -6184 10404 4634 19075 -7778 END
START -8188 -4976 12944 7809 17952 -5013 END
START -9320 -2776 16256 8314 15800 -5130 END
START -9180 -1884 19412 7340 14835 -4174 END
START -9316 -1556 22300 8347 15554 -1798 END
START -13772 2504 27184 4794 12280 -1468 END
START -8604 2352 29940 6676 11716 -1684 END
START -10664 3548 32736 6576 10334 -3164 END
START -11752 3820 32767 5070 10715 -5127 END
START -14092 2816 31368 5156 8902 -4380 END
START -14096 3284 29640 4664 5591 -4289 END
START -13296 2824 29688 3153 2595 -3533 END
START -12008 2584 29272 2011 -584 -2030 END
START -10756 2168 29492 659 -3045 -1429 END
START -9636 1416 29720 -608 -5402 -2303 END
START -8384 456 29368 -1934 -6963 -4467 END
START -7676 -1324 27812 -2019 -7983 -6028 END
START -6792 -2652 25488 -822 -9264 -5760 END
START -6228 -2868 24016 606 -10898 -5168 END
START -4988 -3084 23744 2215 -12407 -4420 END
START -3592 -3332 24372 3011 -13609 -3731 END
START -2896 -4120 24448 3219 -14190 -4006 END
START -2600 -4376 24008 3990 -14242 -4731 END
START -3068 -4256 21096 5723 -14357 -5677 END
START -2688 -3248 20020 7650 -15920 -6522 END
START -2300 -964 16440 9497 -17003 -7405 END
START -1052 340 14092 6377 -16642 -10442 END
START 268 1328 11396 13259 -15040 -5308 END
START 1224 3028 12292 14425 -15751 -3278 END
START 1496 5200 9668 10979 -12829 -5685 END
START 1760 6008 8724 9707 -12862 -5961 END
START 2480 6976 8264 9898 -10419 -4600 END
START 3040 7708 7468 7746 -7945 -4318 END
START 2892 8228 6040 7437 -7186 -3952 END
START 3984 8776 5960 5892 -4840 -4286 END
START 3800 8360 5216 4657 -2393 -3247 END
START 3500 8072 4568 3732 14 -1258 END
START 2876 7672 4592 2396 2398 754 END
START 1040 7848 4340 1297 5064 3099 END
START 696 8068 4088 -363 7415 5402 END
START -488 8460 3868 -1148 8377 7648 END
START -2132 9396 4016 -2706 10206 8554 END
START -3204 9516 3228 -4652 12180 9690 END
START -4464 9596 3020 -6665 12812 10099 END
START -5064 9332 2996 -8866 13923 10438 END
START -5952 9108 3152 -11083 14802 10961 END
START -6564 9072 2944 -13040 15511 11870 END
START -6184 6832 3620 -14591 16893 14151 END
START -6968 6084 8028 -15882 18058 17673 END
START -7996 4412 8596 -19098 19335 17472 END
START -8772 880 11652 -20866 18974 16866 END
START -8564 -4096 16048 -23569 18981 14419 END
START -9456 -11688 20588 -23696 16979 11111 END
START -9452 -20200 23968 -8467 15909 17890 END
START -10668 -19900 27040 -3305 16732 20642 END
START -14856 -16144 30472 429 14322 18669 END
START -13824 -13548 32767 1736 9551 13337 END
START -14232 -14168 32767 923 7837 7683 END
START -14800 -12692 31724 609 3862 4081 END
START -14380 -11644 30728 1039 1320 1208 END
START -13572 -9876 28368 3178 -648 571 END
START -12404 -7412 25284 3215 -2593 -1252 END
START -11280 -4696 21372 332 -3207 -3927 END
START -9332 -3188 17580 2198 -4238 -2383 END
START -7496 -1756 14760 5237 -4618 537 END
START -6940 368 13788 3593 -3260 2372 END
START -3596 1496 11508 684 -1730 1989 END
START -2884 3204 12544 -478 210 2418 END
START -5092 2700 12212 -1751 -76 2400 END
START -3640 1236 12292 -6389 686 202 END