START -556 -2984 15104 -2980 -10453 2209 END
START -1296 -2444 17208 -4171 -8728 711 END
START -1716 -3776 15984 -4979 -6445 -590 END
START -1636 -6316 15668 -4977 -4940 -1441 END
START -2864 -8936 14760 -4992 -4530 -2133 END
START -2412 -11636 15092 -3347 -5429 -2413 END
START -2660 -12980 14188 -299 -5994 -2090 END
START -2788 -12880 14564 3854 -6341 -1988 END
START -3800 -11636 13832 7029 -6308 -4025 END
START -2848 -10588 13888 9267 -5395 -6139 END
START -1856 -9788 13180 11230 -4800 -7372 END
START -1040 -9560 13356 12623 -3925 -8792 END
START -1256 -9088 12636 13343 -2126 -10737 END
START -1084 -9148 10780 15758 -938 -11834 END
START -1092 -8268 9456 17861 -630 -11840 END
START -1136 -6536 8444 19031 -465 -9798 END
START -1320 -3616 8296 19302 194 -7695 END
START -1696 -740 7588 17675 1490 -6585 END
START -1900 1816 7460 16214 2935 -6097 END
START -1768 3548 6616 14147 3698 -6288 END
START -1760 4896 6756 12830 4136 -6186 END
START -452 5836 6672 8501 6690 -7583 END
START -572 6360 5932 6757 7725 -6900 END
START -508 6956 6224 4770 9698 -6475 END
START -552 6764 6708 2337 12187 -6350 END
START -1096 6260 7208 94 14363 -5300 END
START -1764 6244 7580 -2343 16184 -4054 END
START -2880 6312 8220 -4285 17409 -3485 END
START -1888 5908 9148 -6797 18381 -4795 END
START -4344 5232 10920 -6268 17507 -5040 END
START -5292 4092 13616 -8792 17278 -7468 END
START -5444 1704 15964 -11102 17279 -9752 END
START -6888 -1412 17328 -10883 16693 -10199 END
START -7380 -1556 20040 -9334 15419 -8658 END
START -7236 -1964 22024 -7806 13061 -9800 END
START -6852 -2720 26448 -4414 11288 -9343 END
START -6464 -3748 31180 -4156 11760 -10457 END
START -10760 -3016 32752 -3984 9004 -11459 END
START -8140 -4184 32767 -431 8254 -9766 END
START -9656 -4700 32767 2586 4857 -9169 END
START -8588 -2964 32284 5938 2318 -5951 END
START -9048 8 32767 7966 -255 -4205 END
START -10012 2508 32767 8711 -3181 -3752 END
START -10640 4452 32767 7301 -6196 -5782 END
START -10036 4708 31472 6458 -9471 -7618 END
START -9932 4560 28508 6174 -11532 -7510 END
START -9440 5748 25788 8106 -14752 -5344 END
START -3492 6836 22392 3904 -19823 -6499 END
START -6856 5624 23500 7695 -19880 -3905 END
START -4872 5032 23368 5332 -21606 -3938 END
START -3344 3884 22372 1998 -21594 -4658 END
START -2072 2164 19856 5414 -21137 -2100 END
START -1800 2592 19764 5331 -20865 -1744 END
START -2132 3412 16400 5411 -18579 -2403 END
START -1864 3848 13564 6864 -19126 -2527 END
START -2268 4916 11452 7439 -16886 -873 END
START -968 5612 10044 6827 -16535 -924 END
START 44 6248 9136 5647 -15894 -1088 END
START 1316 5992 9092 5455 -14563 -85 END
START 2372 5964 8492 4331 -12175 861 END
START 2412 5948 7232 3495 -9656 1668 END
START 2420 5880 5712 3109 -7480 2619 END
START 2688 5688 4820 3164 -5443 3905 END
START 2656 5980 4644 2317 -3488 4909 END
START 2888 5880 4408 1637 -2134 6000 END
START 3136 5808 4356 615 -659 6351 END
START 3032 5656 4168 39 754 6416 END
START 2892 6008 4496 -304 1957 6519 END
START 2512 6568 5044 -1047 3885 6406 END
START 1652 6548 4972 -2481 6170 5994 END
START 768 6488 4588 -3332 8447 6369 END
START -8 6688 3668 -3972 10551 7280 END
START -884 6704 2900 -4726 12323 8794 END
START -956 7224 2488 -5555 13891 11133 END
START -780 7976 2168 -6408 15403 13472 END
START -732 8716 2952 -8251 17510 14674 END
START -952 8516 4308 -10824 19406 14990 END
START -1548 7116 6736 -14143 21805 15033 END
START -2884 4544 9052 -17238 24489 15057 END
START -4172 1700 11180 -20137 26799 14792 END
START -6944 -2888 13544 -22220 26396 12636 END
START -6924 -9616 19888 -19135 24438 12612 END
START -13768 -12440 23172 -18658 20586 8057 END
START -12444 -17452 27536 -14609 15237 6995 END
START -10188 -21480 27412 -4955 13372 14714 END
START -10220 -17196 32767 2265 12047 19485 END
START -8388 -13144 28416 3726 11482 13374 END
START -10952 -9552 29668 6124 7805 13535 END
START -10104 -6768 28188 3230 6538 9997 END
START -10736 -4524 24828 3715 5654 10069 END
START -9544 -2172 24116 -444 6360 6861 END
START -8632 -2072 22168 -3587 5820 3948 END
START -9284 -2508 21900 -5308 5687 2272 END
START -9576 -2908 20164 -6066 4703 396 END