START 732 -9304 11604 -376 -6422 -4000 END
START 536 -9220 11256 -331 -4281 -5276 END
START 772 -8480 10768 2216 -3072 -5103 END
START 492 -8284 9876 3840 -1102 -4739 END
START 180 -8004 9848 4987 75 -4781 END
START -220 -7520 9424 5429 1421 -4606 END
START -956 -7056 8788 6061 2565 -4278 END
START -1416 -6284 8108 6266 3440 -4358 END
START -1628 -5512 7524 6679 3845 -4367 END
START -1536 -4552 6852 6974 4358 -4545 END
START -1088 -3868 6680 7019 5119 -4678 END
START -868 -3352 6660 6773 6130 -4697 END
START -436 -3224 6580 6490 7422 -4565 END
START -364 -3316 5972 6482 9248 -4716 END
START -552 -3316 5600 6444 11144 -4928 END
START -904 -2976 5144 6930 12758 -4838 END
START -1364 -2556 5372 7115 14611 -5245 END
START -1748 -2412 6032 7100 16125 -5873 END
START -2268 -2396 6732 6896 18038 -6121 END
START -3328 -1852 7064 6593 19297 -6682 END
START -3220 -2800 6764 8181 21002 -5373 END
START -3936 -1956 9348 9990 21102 -3966 END
START -5304 -116 11324 11385 21290 -3978 END
START -6620 3284 13632 11337 16403 -5364 END
START -5820 3124 19600 10099 18176 -3700 END
START -7564 4348 23744 6025 17021 -4767 END
START -10520 3800 27060 3372 16035 -4984 END
START -13980 3228 30796 -1547 12397 -6792 END
START -10996 2964 32767 -513 10956 -6909 END
START -11936 2468 32767 2040 8131 -6899 END
START -11928 2152 32767 1932 6959 -7098 END
START -12396 2248 32767 3531 3426 -5943 END
START -12152 2048 32767 4158 1134 -5294 END
START -12300 1996 32767 2323 -2131 -5300 END
START -11088 1256 32767 780 -4635 -4496 END
START -10116 956 32212 2452 -7715 -2969 END
START -9020 1596 30376 3489 -10080 -3574 END
START -8120 2612 29572 4340 -13495 -4869 END
START -6636 2700 26628 2225 -14199 -7158 END
START -4896 2092 25352 2861 -16251 -5535 END
START -4524 2656 24092 1377 -16879 -5925 END
START -3896 2212 21500 402 -18050 -7218 END
START -2844 2844 20200 -376 -19606 -8379 END
START -2408 2360 17924 -888 -19903 -10087 END
START -1892 2220 16272 -673 -21239 -11316 END
START -1784 2504 14452 -1056 -22376 -13691 END
START -1120 3276 12428 -1887 -23191 -17293 END
START 4572 1684 12128 -814 -14197 -14667 END
START -3636 8704 5396 -190 -24981 -19292 END
START 908 4920 5308 2049 -23298 -17603 END
START 3528 6440 5976 3670 -22450 -15241 END
START 6200 2604 9072 6022 -16511 -9656 END
START 16368 -7744 14328 8477 -1410 9532 END
START 7304 -2048 3028 22239 8590 22718 END
START 4320 1432 11048 26019 9318 27288 END
START -336 6176 8200 14807 13310 21493 END
START -1576 8080 3296 12936 13639 18040 END
START -2044 10112 3780 16748 6017 18111 END
START -2940 12220 5988 6054 4564 9828 END
START -240 10292 4196 1084 2526 931 END
START 1156 7300 2952 -7740 2377 -3420 END
START 724 6044 4792 -3779 1095 76 END
START 1200 4816 5804 -8056 3826 508 END
START 2948 4832 4920 -5386 8923 6322 END
START 1208 6652 6084 -5866 12164 9756 END
START -156 7924 6396 -6964 15451 11629 END
START -2436 8900 5016 -7845 17156 12523 END
START -3148 6944 5400 -8028 19739 15338 END
START -4552 6980 10164 -12315 21661 16584 END
START -4760 3900 9880 -18050 22068 15075 END
START -8004 1848 15248 -20556 20816 14692 END
START -9568 -2292 17184 -21384 18991 14978 END
START -11092 -7500 21920 -21770 17506 11894 END
START -9800 -15192 23372 -13571 14326 11192 END
START -9268 -16476 28816 -10421 12888 10304 END
START -6564 -19932 28388 1041 10172 14632 END
START -6736 -15456 28340 6344 10527 16180 END
START -9576 -11340 30052 4373 9218 12702 END
START -8860 -9156 29148 3434 5639 8495 END
START -9444 -8300 28016 1085 4313 4587 END
START -9132 -7996 25648 1712 2824 3309 END
START -8880 -7060 23300 2966 1093 2208 END
START -7724 -5660 21704 2670 -641 167 END
START -6468 -4020 20092 3105 -1676 -350 END
START -5936 -2396 18572 3543 -2527 185 END
START -5168 -320 17380 3204 -1429 684 END
START -4652 968 15784 2920 -656 1086 END
START -3804 1616 14240 1685 161 1063 END
START -4148 2268 13716 259 3013 1361 END
START -3068 3268 13588 829 5407 2746 END
START -3752 3900 13888 1085 5021 4700 END