START -3588 -4192 21876 -561 -15663 3371 END
START -2088 -5648 21772 -3221 -16680 1042 END
START -2504 -5924 20692 -3312 -16870 99 END
START -2112 -7036 19164 -2854 -17495 -1535 END
START -1540 -8040 17460 -1620 -17435 -3587 END
START 128 -8736 16864 69 -17491 -5526 END
START 1244 -8976 15584 1476 -16049 -6507 END
START 2272 -9480 14528 3287 -14436 -6945 END
START 1840 -9044 12896 4481 -11554 -7045 END
START 1288 -8532 10568 6691 -9048 -6139 END
START 200 -7052 8580 8444 -6328 -5325 END
START -344 -5592 7316 9842 -3805 -4223 END
START -840 -3544 6280 10220 -1907 -3135 END
START -1004 -1348 4832 9496 -451 -2360 END
START -748 332 4280 8090 777 -2619 END
START -16 1200 4068 6115 2075 -3243 END
START 560 1536 4068 3486 4165 -4396 END
START 900 1460 3764 983 6319 -5746 END
START 1004 520 4268 -1097 8182 -7086 END
START 1372 -496 3520 -2183 9575 -7089 END
START 1360 -852 3664 -3964 11768 -7837 END
START 600 -1792 3292 -4102 13507 -7502 END
START 44 -2952 3712 -3965 15090 -6191 END
START -860 -3156 3988 -4319 17107 -5316 END
START -1844 -3228 4356 -4455 19193 -5167 END
START -2972 -2856 5664 -5190 20003 -6009 END
START -3808 -3672 6680 -3105 20843 -5283 END
START -5212 -3912 8880 -3391 21523 -6023 END
START -6620 -4436 9564 -3728 21600 -8712 END
START -11464 -5772 11016 -3088 21226 -11040 END
START -8624 -7252 14008 -1611 19762 -9733 END
START -10692 -6004 16412 260 18707 -8755 END
START -11060 -4156 18632 2813 16047 -8073 END
START -10992 -3264 22764 4041 13209 -7570 END
START -13532 -412 27960 120 11678 -7682 END
START -11900 564 29004 2983 11916 -6999 END
START -10688 -368 29512 4478 12685 -5842 END
START -13592 1216 30412 3036 10619 -5723 END
START -13588 1072 30976 4568 7123 -4694 END
START -13892 1608 32660 5918 3245 -3748 END
START -12476 2300 32767 5792 48 -3392 END
START -13160 2824 32767 4093 -2667 -4509 END
START -12552 2484 32767 3312 -5153 -5670 END
START -11564 1700 31288 3142 -7757 -6409 END
START -10056 1124 29420 3726 -10205 -6229 END
START -8168 776 27880 5407 -12272 -4940 END
START -6936 1504 26380 6205 -14174 -4520 END
START -5800 1608 25216 6724 -16344 -5046 END
START -4836 1652 24024 6419 -17651 -5748 END
START -3488 1836 22256 7352 -18635 -5620 END
START -4096 2796 19980 8916 -18822 -4798 END
START -816 2752 15712 3816 -20180 -9248 END
START 1220 2584 16016 11743 -20905 -4864 END
START 2244 4232 15488 11765 -19729 -3736 END
START 3476 4236 13804 9374 -18163 -4724 END
START 3856 4612 13928 9260 -18545 -3364 END
START 5640 4964 11620 9672 -17159 -1550 END
START 3644 5772 10232 9352 -13892 -686 END
START 2236 7036 8180 7914 -13076 -1445 END
START 3384 6384 6172 6759 -11159 -1282 END
START 3488 6872 4908 6724 -9965 -738 END
START 4500 7120 4696 6683 -8497 -917 END
START 5676 7100 4816 5585 -5406 -653 END
START 6364 6520 3852 4856 -1829 1036 END
START 6236 6176 3796 4864 1682 3913 END
START 5572 6440 3520 4419 5151 6688 END
START 4668 6744 2824 3825 8923 9262 END
START 3080 7708 2508 2716 12457 11245 END
START 1628 8536 1476 1025 15857 12402 END
START 212 9096 664 -707 18203 12609 END
START -1028 9532 376 -3057 19860 12212 END
START -1772 9596 428 -5422 21072 11233 END
START -2304 9448 688 -7832 22646 10112 END
START -2700 8892 1652 -10595 24925 9638 END
START -3748 7724 3716 -13395 26927 10578 END
START -6196 6872 6268 -17596 27915 12369 END
START -12012 2832 10088 -24773 29544 10812 END
START -14140 -3256 12860 -21162 26434 14632 END
START -17848 -6208 19128 -24352 23763 10645 END
START -19828 -11388 21680 -27113 19389 2174 END
START -19064 -15680 29056 -15118 9395 1792 END
START -15456 -21612 27444 -2295 8105 7953 END
START -10036 -19084 31180 -708 5431 9632 END
START -12652 -14480 31320 10004 6942 13143 END
START -10920 -8856 31724 10203 5437 11846 END
START -10344 -4992 29616 7594 5785 7842 END
START -11644 -2724 27492 6981 3782 7581 END
START -11556 -1168 26072 3243 1873 4602 END
START -12244 -644 23380 578 30 2954 END
START -11884 -232 20620 -632 -1528 2051 END
START -14100 764 17460 -2664 -1610 1696 END
START -10008 1816 16820 -1258 287 717 END
START -9004 2400 16828 -1566 -227 -202 END