START -2128 -6316 16056 -4967 -6845 906 END
START -1404 -6904 16736 -4018 -6319 204 END
START -620 -7676 16944 -2377 -5679 -708 END
START -160 -8776 16700 -1539 -4410 -1640 END
START -436 -9764 15472 61 -3507 -1610 END
START -740 -10172 15012 2296 -3780 -628 END
START -844 -9488 15076 3860 -4202 -112 END
START -436 -8608 16100 5072 -4834 -127 END
START -12 -7332 16056 5755 -4438 -962 END
START 128 -6044 15528 6899 -3977 -1932 END
START 104 -5016 14728 7456 -3387 -2853 END
START -24 -3920 14020 7464 -2737 -3616 END
START -76 -3448 12756 6999 -2393 -4176 END
START -332 -2928 12028 6433 -1872 -4101 END
START -16 -2872 11016 6220 -1423 -3604 END
START 372 -2516 10668 6108 -959 -3144 END
START 656 -2004 10488 5671 -462 -2894 END
START 1036 -1576 10288 5045 553 -2989 END
START 976 -1048 9952 4381 2065 -3748 END
START 720 -1188 9728 4438 3021 -4738 END
START 396 -2196 11328 3317 3186 -6253 END
START -380 -3620 11808 912 4437 -8681 END
START -1376 -5348 10584 831 5529 -10898 END
START -1928 -5860 9472 2449 5297 -12461 END
START -1268 -5904 9916 5260 4509 -12194 END
START 76 -4668 11848 6601 4709 -12206 END
START 912 -3540 12240 7849 6349 -12123 END
START 512 -2872 11732 9620 8926 -12194 END
START -680 -2088 10872 12689 11110 -12212 END
START -1600 152 9488 15771 13300 -11099 END
START -2916 1992 11088 16774 13887 -10282 END
START -4920 4032 13432 15533 13066 -9144 END
START -4964 6516 15108 12060 11661 -9552 END
START -5532 8028 16028 9143 10886 -10747 END
START -4836 8400 16896 6588 11495 -10784 END
START -4488 8856 15888 4893 13676 -10036 END
START -3760 10148 13280 2953 11963 -10411 END
START -3520 9848 12980 3393 17751 -5794 END
START -3968 10856 13724 1248 19123 -2771 END
START -4528 10840 15512 -3487 18062 -2020 END
START -4192 9904 17868 -10558 18452 -1382 END
START -5284 8376 19976 -17331 17931 -672 END
START -8664 5776 22000 -20465 19824 -752 END
START -12072 196 23148 -21200 20575 -6674 END
START -16068 -4176 22088 -16561 17877 -12768 END
START -18780 -5720 23968 -6710 6827 -13440 END
START -11428 -5544 30948 -3485 -2522 -15687 END
START -8064 -5396 32767 -6717 -5360 -17842 END
START -9208 -7612 32767 -2650 -3689 -13064 END
START -10632 -6624 32767 -1057 -4498 -14007 END
START -11448 -7256 31052 1169 -7115 -15135 END
START -11628 -5268 29580 7331 -11063 -11952 END
START -11652 -3420 27320 10595 -16460 -9752 END
START -9012 -140 26356 13423 -19697 -7336 END
START -8776 1284 26380 14142 -20159 -7142 END
START -9544 2052 23200 13682 -21546 -8516 END
START -7888 2272 20284 12343 -22743 -8739 END
START -8500 3444 18788 13252 -23201 -6050 END
START -4260 4560 17748 15001 -24534 -2581 END
START -3168 8172 18524 10054 -25566 -3618 END
START -592 6244 14884 13232 -22035 446 END
START -316 8428 15080 9430 -19019 2586 END
START 60 7768 12912 5664 -17363 2250 END
START -924 7188 11924 4563 -15860 3931 END
START -1716 6584 10660 4747 -17626 3206 END
START -944 7156 9636 3783 -17041 1920 END
START -460 7744 9352 4403 -16842 1333 END
START 668 8140 9032 5979 -16381 1534 END
START 1712 8728 10792 5915 -14410 1666 END
START 2612 7856 10544 4679 -11322 2106 END
START 3364 6208 10652 3740 -8614 2581 END
START 5064 4308 9204 3952 -5444 3543 END
START 3244 4496 9152 3386 -2946 4980 END
START 3808 3692 5760 3955 -659 6396 END
START 3416 4876 5020 5758 -923 9737 END
START 3596 6144 5464 4637 11 10242 END
START 3388 7192 5384 2356 1491 9998 END
START 3048 7256 4564 890 2359 10324 END
START 3020 7424 4672 -2362 4873 8822 END
START 2968 6736 3648 -4232 7174 8648 END
START 2760 6464 3132 -6105 10252 8944 END
START 2808 6132 1988 -7564 13409 10108 END
START 1632 5752 1420 -8169 16310 11590 END
START 2068 5716 1256 -9109 19602 12907 END
START 1956 5404 1256 -10457 24161 13534 END
START 1792 5524 1612 -12236 29372 14203 END
START 1804 5716 2232 -15073 32767 14893 END
START -2644 5748 2332 -19141 32767 15153 END
START -6356 3536 4680 -22472 32767 17620 END
START -11064 368 6188 -26340 31660 13233 END
START -14152 -8916 11920 -19871 23843 14126 END
START -17256 -13164 22984 -22519 18513 7922 END
START -18116 -18176 29832 -19392 12114 751 END
START -13616 -22276 32767 -12226 13934 5296 END
START -9612 -20004 32767 2035 8054 13125 END
START -11268 -15776 32767 8790 12150 13448 END
START -13096 -9980 32767 13287 7925 15438 END
START -11544 -4004 32767 9339 5311 10608 END
START -12240 -3008 31144 6614 4218 7836 END
START -11808 -1508 27808 5176 1337 7660 END
START -9948 484 24324 2046 823 5577 END
START -9120 792 22592 1195 -898 4238 END
START -9500 912 21228 65 -3093 3130 END