START 1248 -6236 15084 -2357 -10499 -1622 END
START 1704 -5712 15172 -1686 -9702 -1948 END
START 1956 -4808 14328 -543 -8887 -2720 END
START 1916 -4540 13628 -928 -7676 -4737 END
START 1420 -4636 13412 -1498 -6541 -5981 END
START 672 -5852 13584 -2245 -5427 -7069 END
START 76 -7176 12316 -2202 -4038 -7166 END
START -544 -7548 11020 -939 -3089 -6475 END
START -848 -6664 9752 1605 -2329 -5884 END
START -932 -5268 8560 3589 -1970 -5532 END
START -752 -3260 7684 4273 -1225 -5606 END
START -240 -1984 7420 4367 -213 -5807 END
START -4 -1416 7532 3765 668 -6245 END
START 444 -1988 8020 2614 1448 -6787 END
START 364 -2764 8596 525 2966 -7262 END
START 212 -3408 7708 -331 4798 -7251 END
START -780 -3504 6868 -5 6704 -6990 END
START -1672 -3464 5652 1253 8297 -6443 END
START -2604 -3556 5092 2527 9356 -5821 END
START -3028 -3340 4696 3025 10051 -5409 END
START -3380 -2956 4636 2850 10528 -5098 END
START -3292 -2668 4112 2435 11238 -4974 END
START -3216 -2012 4348 2429 12302 -4919 END
START -2708 -1312 4692 2838 13323 -4389 END
START -2180 -620 5712 2911 14628 -3784 END
START -1372 8 7000 2770 15936 -3002 END
START -3232 1016 8952 982 18217 -4315 END
START -2356 -1632 8012 2668 20524 -2132 END
START -6840 -92 13884 1251 20472 -1034 END
START -2912 -2084 16776 -651 20904 -1437 END
START -5984 -904 21092 -1000 17531 -2082 END
START -4696 -1304 27476 306 17031 -1501 END
START -9944 -100 31688 -447 15330 -2041 END
START -8808 964 32767 -2630 11632 -4742 END
START -10828 -2360 32767 -2313 9993 -6917 END
START -12844 -3248 32767 -2474 7409 -7339 END
START -10776 -6316 32767 932 3910 -4998 END
START -10232 -6016 32767 4886 1575 -3716 END
START -10288 -5268 32767 6786 -619 -4292 END
START -9292 -4260 32767 7588 -3343 -4781 END
START -9168 -2660 32184 8323 -5254 -5540 END
START -8636 -1644 29096 8440 -7299 -6412 END
START -7176 -1112 26968 8841 -9836 -6085 END
START -5988 -56 25116 8676 -11201 -5473 END
START -4264 188 22948 9433 -12397 -4572 END
START -3272 1332 21952 9234 -13203 -4665 END
START -3384 2356 20848 9509 -13280 -4953 END
START -4096 2464 21276 5313 -16038 -9470 END
START -2224 -900 15636 10686 -14433 -5573 END
START -3328 1468 14940 11364 -16739 -4236 END
START -1128 2364 13780 10930 -15488 -4407 END
START -424 3784 11432 11199 -17877 -4318 END
START 1520 5164 12216 11797 -17395 -3748 END
START 2904 5340 11944 10033 -16759 -4055 END
START 3080 5092 11004 10571 -12889 -2137 END
START 3748 5744 9840 9429 -11726 -4103 END
START 3676 5716 7612 10715 -8912 -3526 END
START 3660 6144 6452 12123 -6991 -2052 END
START 4344 7024 6248 12232 -4704 -693 END
START 4856 7648 5672 10878 -2359 513 END
START 5308 8412 5148 9287 -65 1506 END
START 5376 9132 4564 7515 1847 2479 END
START 5240 9568 4140 5445 4042 3650 END
START 4516 10224 4332 3175 6836 4968 END
START 3468 10852 3968 410 9749 6335 END
START 2056 11308 3792 -2490 12490 7419 END
START 1244 11468 2928 -5480 15117 8400 END
START 308 11328 2724 -7728 17190 9374 END
START -836 11312 3120 -11295 19841 9429 END
START -1732 10768 2540 -14709 22682 9369 END
START -2804 9836 2564 -17474 25222 9477 END
START -1116 9276 2880 -20374 28471 10081 END
START -4332 6892 4012 -21994 28802 11159 END
START -6584 4568 6984 -23360 28332 11918 END
START -10252 496 11464 -27824 27651 9152 END
START -11556 -7036 15444 -27171 27605 6695 END
START -14192 -11340 20356 -27078 25448 4320 END
START -15680 -14088 20808 -22847 22336 925 END
START -15912 -17232 19284 -9578 14360 11088 END
START -14276 -15192 28560 5379 9875 20600 END
START -14180 -14776 31588 4883 12633 15312 END
START -15660 -10012 28764 4651 11331 13216 END
START -14700 -8636 30140 2193 9508 9648 END
START -13580 -7448 28676 -96 10360 5764 END