START 3248 -7000 10208 -170 1720 831 END
START 2820 -6328 11332 1851 3093 3336 END
START 2208 -4924 12704 2605 4212 5150 END
START 720 -4028 13868 1358 5633 4868 END
START -520 -3984 15444 -349 5555 3730 END
START -2096 -4296 16120 -3135 5557 1264 END
START -3600 -5192 15040 -4958 5984 -1852 END
START -1968 -7024 16148 -1234 1673 -2159 END
START -1404 -6120 19596 -1388 -231 -1843 END
START -988 -6212 20876 -1253 -1152 -2966 END
START -1012 -7076 22224 -1662 -1877 -3326 END
START -1276 -9196 22640 -2323 -1172 -4639 END
START -2488 -11184 22456 -845 -1746 -4259 END
START -3700 -11656 19832 1911 -2457 -6409 END
START -2532 -11612 18756 6122 -4323 -7489 END
START -1192 -10668 18192 8655 -4641 -8151 END
START 252 -8480 16928 10537 -5246 -8677 END
START 148 -6732 15956 10795 -4741 -9687 END
START -152 -4504 14916 9978 -3695 -10800 END
START -160 -3360 13624 9595 -2575 -11613 END
START -516 -2556 12220 9622 -1062 -11789 END
START -764 -1888 10616 10768 427 -10351 END
START -868 -784 9320 11351 2199 -8295 END
START -1460 1164 8156 11434 3902 -5827 END
START -1608 2648 7624 10412 5696 -3903 END
START -2084 3768 6568 8903 7169 -2965 END
START -1792 4568 5824 7370 8365 -2423 END
START -1256 4644 5008 4983 9601 -2685 END
START -1088 4700 4396 3013 10529 -2946 END
START -488 4844 4728 1220 11514 -3370 END
START 92 4724 5100 -643 13175 -3241 END
START 536 4556 6160 -1413 14775 -2533 END
START 532 3884 7988 -2536 16808 -2074 END
START -8 2720 9992 -4521 18880 -1807 END
START -1028 820 12184 -5168 20199 -590 END
START -4272 500 13564 -7286 20035 -2071 END
START -5896 -2692 13416 -5260 20878 -2550 END
START -7240 -3124 16832 -4079 18432 -3596 END
START -8648 -3224 19648 -2981 15956 -7448 END
START -7476 -3912 23452 -2255 11827 -9287 END
START -7424 -4536 27544 -3751 10756 -10678 END
START -8320 -5312 28884 -2279 10422 -10797 END
START -7440 -5056 29552 -1671 10181 -10778 END
START -10572 -5140 31712 2599 7260 -8699 END
START -10452 -3512 32767 6214 1870 -10979 END
START -10428 -1048 32767 7640 1298 -7697 END
START -11104 1044 32767 8430 -4252 -9251 END
START -10048 2436 32767 7743 -4937 -8715 END
START -10900 4092 32564 6953 -7718 -8726 END
START -11100 5904 30004 5967 -10328 -7945 END
START -10404 6872 28808 5428 -14034 -6763 END
START -9236 7356 28004 4436 -16543 -6036 END
START -9612 7192 26876 3346 -19234 -5675 END
START -6116 6396 25272 2521 -20994 -4953 END
START -5264 6220 22868 2487 -21584 -4289 END
START -4176 7056 18480 2063 -23444 -3958 END
START -2236 4360 17464 1775 -22564 -3028 END
START -2900 5184 17680 2591 -24320 -1680 END
START -1860 5552 15260 1084 -23724 -472 END
START -908 4868 12476 -871 -23516 -982 END
START 268 5120 11108 -889 -23904 -1335 END
START 1052 5132 9760 -1564 -23757 -2157 END
START 2644 4500 9624 -2958 -22302 -2327 END
START 3868 3416 8648 -4579 -21122 -4430 END
START 5448 1100 7132 -4546 -19740 -5618 END
START 6716 -140 6912 -2785 -16101 -5244 END
START 7504 -804 6240 -734 -11545 -3278 END
START 7600 -504 6340 1826 -7653 -800 END
START 7224 -80 6048 3638 -4320 995 END
START 6652 348 6672 4660 -1669 2272 END
START 5572 780 6096 4891 898 3227 END
START 4596 1468 5496 5009 2752 3894 END
START 3872 2320 5164 5193 3893 4760 END
START 3224 3292 5340 3280 5357 4397 END
START 3184 3640 5260 1707 6062 4449 END
START 3520 4136 5708 409 6588 4547 END
START 3748 4388 5716 -903 7634 4739 END
START 3588 4960 5688 -1661 9155 5598 END
START 3056 5864 5428 -2164 11104 6885 END
START 2516 6724 5256 -3119 13525 8548 END
START 1504 8116 4692 -4123 16384 10649 END
START 752 9204 3396 -5563 19294 13136 END
START -284 10632 2052 -7415 22296 15233 END
START -720 10584 3116 -9066 24399 17345 END
START -1212 9692 5776 -12864 23563 17032 END
START -608 4168 9732 -16759 24733 18621 END
START -2536 2728 18412 -20927 29580 17813 END
START -7444 -5160 15524 -21749 25868 14247 END
START -9172 -13268 19532 -20270 21960 7198 END
START -10304 -17136 25652 -13215 19781 3948 END
START -10832 -21816 30256 -12378 17491 1174 END
START -8068 -29024 32767 5815 10503 14311 END
START -6652 -22236 32767 3270 3383 12067 END
START -10316 -20412 32767 13207 9429 15281 END
START -10732 -12692 32767 12769 7928 10966 END
START -10748 -6796 29580 9925 5627 7167 END
START -10764 -1316 27180 7730 4180 3857 END
START -10032 24 25100 5799 -26 685 END
START -8528 -1768 25464 -229 -1983 -3900 END