START 1744 -4284 8732 -1600 -4478 -3004 END
START 2168 -4256 7756 -783 -2865 -2408 END
START 1736 -4928 7956 -1400 -710 -2908 END
START 2224 -6604 6696 -1392 3463 -3064 END
START 1672 -8044 5148 625 7808 -1544 END
START -1424 -6804 2456 3805 8704 -1783 END
START -948 -7016 3516 2267 8698 -4588 END
START -1876 -5692 2456 -2341 10970 -8113 END
START -1520 -7000 852 3674 10850 -4643 END
START -952 -6688 4248 2946 11347 -2523 END
START -2512 -5524 4320 534 14396 -3483 END
START -5504 -5436 4616 268 17467 -2731 END
START -3752 -5496 4328 112 16723 -1662 END
START -2660 -6140 4900 890 16891 -877 END
START -3016 -6212 5920 644 17885 -2627 END
START -3764 -6320 6328 1698 18492 -4427 END
START -3608 -6432 7264 434 18932 -7699 END
START -5256 -6400 7840 412 18281 -10663 END
START -4940 -7092 10760 -353 17349 -12325 END
START -5068 -6072 10876 -1384 17424 -13649 END
START -1644 -7744 11512 -4133 17400 -16859 END
START -1048 -9144 17672 3231 19640 -10169 END
START -836 -6864 19088 4695 23878 -6549 END
START -3340 -3916 18832 1349 25395 -7956 END
START -596 -3856 21100 4406 24910 -4821 END
START -4496 -328 22312 7506 25670 -1389 END
START -6496 1252 23388 7273 26831 -860 END
START -8384 2584 24508 6231 25138 -4755 END
START -10300 5244 28780 1537 23181 -9833 END
START -11204 4400 29740 -1184 25222 -13444 END
START -14968 3960 28660 -2736 25678 -14992 END
START -16560 1804 26088 -3794 23808 -15309 END
START -18012 -44 24424 -379 18026 -9438 END
START -19200 400 23124 2205 10082 -4621 END
START -19000 1872 23372 2822 3140 -2129 END
START -17312 2812 24964 2037 -1810 -1932 END
START -13456 2532 25876 1616 -5016 -2298 END
START -14528 1480 27300 334 -6219 -4389 END
START -14116 -128 26740 336 -5728 -5791 END
START -14500 -2520 24392 1468 -7109 -4558 END
START -14356 -3852 22180 3969 -10425 -2151 END
START -13332 -4368 20296 7843 -14586 1037 END
START -11240 -3584 18904 11108 -19265 3013 END
START -9208 -2356 18436 12351 -22546 2906 END
START -4000 -3560 18248 12361 -25547 1385 END
START -5812 -4132 19788 10890 -25736 -1928 END
START -5480 -4076 19748 9179 -25703 -5463 END
START -3756 -5048 15092 14400 -25951 -3343 END
START -3920 -3236 13316 18470 -27419 -155 END
START -1672 -624 12044 19067 -26963 1638 END
START -2424 1384 11624 20281 -29432 990 END
START 1372 2068 12724 16240 -29043 -841 END
START 2612 3624 14024 14425 -25691 -2849 END
START 2572 4720 13524 11586 -19002 -4403 END
START 2656 6152 11916 12084 -14007 -3943 END
START 2768 7044 10544 11155 -10044 -3420 END
START 3540 8232 8812 13126 -6485 -1420 END
START 3580 9924 7760 12742 -3408 237 END
START 3612 10668 7384 10787 -821 1867 END
START 2572 11220 6444 6964 1196 3354 END
START 1440 10912 5672 3658 2369 5276 END
START 3148 10760 3896 342 5605 8871 END
START -116 10604 4552 -2608 5148 9717 END
START -496 10556 3964 -4456 6205 12399 END
START -944 10944 3616 -7265 8115 13131 END
START -1400 11080 4048 -9148 10035 12627 END
START -1656 10740 3880 -10401 12185 11404 END
START -1716 10284 4384 -11884 14403 9316 END
START -1740 8944 5588 -13271 16593 8229 END
START -1804 7756 7260 -16116 19274 8235 END
START -2020 6124 7920 -18812 22546 8678 END
START -3736 4616 9152 -21981 27816 9620 END
START -4792 -116 7444 -25300 28245 12050 END
START -2836 -4532 11748 -23951 27885 17069 END
START -8484 -6420 13924 -25080 26884 16585 END
START -16208 -8028 16548 -22730 26648 13028 END
START -14176 -14772 19692 -14752 17112 12258 END
START -16220 -15664 25380 -8466 12189 7857 END
START -15052 -16012 29076 -4800 7828 2949 END
START -7996 -15664 28364 -3328 5852 2437 END
START -8780 -15124 28660 2935 3972 5534 END
START -10344 -12924 28024 6104 5331 6458 END
START -10100 -9912 27652 5373 4656 4100 END
START -10236 -7336 24980 4286 5293 1688 END