START 852 336 18704 -5947 -433 6200 END
START 2052 964 20972 -6050 7402 7323 END
START -2076 -364 21820 -8323 950 2521 END
START -5296 -4260 22860 -9217 1644 1257 END
START -4380 -7908 21956 -10643 -1683 -1035 END
START -4960 -11612 23032 -8936 -3696 -2300 END
START -3936 -14228 23424 -4712 -5560 -2988 END
START -4008 -15132 24532 -210 -6901 -4989 END
START -4184 -15900 24008 4257 -8397 -6168 END
START -4016 -16156 22772 6932 -7806 -8450 END
START -3368 -15528 19656 10654 -8270 -8689 END
START -3124 -13608 16924 13971 -7882 -9490 END
START -2460 -11532 13584 16389 -6415 -10020 END
START -2000 -9084 10508 19424 -5208 -8864 END
START -1860 -5736 7436 20484 -3514 -7383 END
START -1856 -2888 5452 19453 -1928 -5877 END
START -2568 64 4172 18241 -2393 -5081 END
START -2108 1640 3464 15455 -1631 -5537 END
START -1888 3648 3524 11649 -389 -6470 END
START -1716 4016 2768 7672 1398 -7643 END
START -916 4156 2312 5052 2481 -8212 END
START 180 3956 2480 2783 4172 -8417 END
START 888 3740 2208 1196 6095 -8309 END
START 792 3832 2156 128 8410 -7871 END
START 560 3892 2460 -279 11216 -7055 END
START 372 4300 3024 -904 14860 -6148 END
START -324 4764 3508 -1088 17962 -4933 END
START -896 5296 4888 -1993 20276 -3422 END
START -1956 5336 5872 -3501 21350 -2915 END
START -3420 5932 7852 -6704 21306 -4951 END
START -3992 4184 8984 -8893 21148 -7247 END
START -4380 2988 11816 -10908 20746 -9201 END
START -5020 1408 15676 -12028 21752 -12998 END
START -7064 -1164 19000 -10940 17761 -15529 END
START -6340 -5160 25656 -6697 13745 -16849 END
START -8328 -5736 30972 -6919 14106 -15872 END
START -8668 -6704 31548 -4644 14182 -14554 END
START -18112 -3828 32767 -1029 5001 -14587 END
START -7252 -3656 32767 4454 6305 -11798 END
START -9584 -1784 32767 7280 595 -14633 END
START -10604 -1536 32767 7512 1414 -13698 END
START -13192 704 32767 7800 -3075 -13471 END
START -14920 3492 32767 9393 -7620 -10511 END
START -15776 7592 32767 11052 -12502 -8488 END
START -14472 10508 31588 10615 -16761 -9642 END
START -9888 12132 30352 6880 -22056 -13000 END
START -9316 9976 27836 6160 -22979 -12547 END
START -5132 8092 25724 6762 -23699 -8273 END
START -5144 7928 23832 7490 -21942 -4556 END
START -5436 8540 19340 8597 -20919 -1825 END
START -3224 8556 16828 13274 -21246 2425 END
START -2780 10812 13944 10292 -21696 1339 END
START -1772 11148 12532 7383 -21866 233 END
START 212 9572 11156 5373 -21819 362 END
START -384 8540 9000 3142 -20605 951 END
START 1580 6720 8332 2904 -19385 1550 END
START 1420 6496 7240 235 -17552 484 END
START 3080 5172 5724 583 -16009 1938 END
START 3068 4664 4564 1400 -13462 4002 END
START 3448 4756 3276 2193 -10789 5458 END
START 3508 4880 2308 3120 -7900 6577 END
START 4008 5384 2472 3990 -5627 8751 END
START 4204 5644 2676 3620 -3166 10723 END
START 4544 6312 2492 2061 -1353 11075 END
START 5180 5884 2724 -19 1468 10590 END
START 5392 5324 2272 -1449 3894 10585 END
START 5472 5008 2208 -2350 6479 10600 END
START 4996 5012 2032 -3584 9304 10204 END
START 4584 4792 1072 -3866 12659 10412 END
START 3560 5192 -56 -3191 16332 11582 END
START 2352 6516 -860 -3104 19890 12976 END
START 1328 7508 -1492 -3200 23045 15874 END
START 76 9140 -772 -4634 26285 18459 END
START -768 10128 -12 -6905 29398 19228 END
START -1468 9656 2964 -11106 31572 18788 END
START -2768 7768 5952 -16694 32206 18400 END
START -4232 5668 8920 -20744 32767 19346 END
START -10996 1096 13124 -25575 30542 13637 END
START -16404 -9924 19412 -22600 25674 12147 END
START -16672 -18784 20024 -27383 23441 1747 END
START -16000 -20880 26124 -10971 9558 5285 END
START -11548 -23964 30272 1764 9520 13273 END
START -11032 -17940 32767 3066 7855 17546 END
START -12020 -17148 32767 7019 4449 9215 END
START -10948 -14936 32767 8465 6386 11146 END
START -11940 -10180 32767 7341 6503 5186 END
START -11744 -8908 30828 7788 6691 2970 END
START -11872 -6116 26292 9773 3747 4358 END
START -10864 -2212 22688 8344 2119 3170 END
START -8948 1336 21200 7969 506 1210 END
START -9036 2444 21240 5682 -3232 22 END
START -7572 2864 23136 1775 -2790 -2822 END
START -6112 1804 18776 -2904 320 -5809 END
START -5208 2148 19256 -1921 1886 -6292 END
START -5732 200 18288 -2497 2833 -6974 END
START -6220 -1388 17168 -3140 3325 -7143 END