START -12 -2700 14684 465 -12507 -4460 END
START 248 -2664 14364 2185 -12084 -3370 END
START 104 -3056 13816 1632 -10446 -3446 END
START -412 -3292 12812 1173 -8274 -3452 END
START -536 -3728 11108 1858 -6310 -3494 END
START -76 -3412 9824 3816 -2643 -2975 END
START -364 -2936 8680 5050 -3115 -4206 END
START -308 -2348 7144 6659 -1844 -4110 END
START -348 -1480 6480 7151 -603 -4488 END
START -24 -940 6092 6318 868 -5091 END
START -20 -772 6208 4930 2213 -5666 END
START 8 -932 6032 3429 3645 -6120 END
START -152 -1368 5536 1918 5137 -6420 END
START -408 -1640 4520 656 6949 -6574 END
START -1164 -2260 3644 -171 8359 -6161 END
START -1984 -2412 3044 -602 9268 -4980 END
START -2988 -2184 3004 -750 10057 -3757 END
START -3220 -2444 2652 -756 12119 -2964 END
START -3916 -1928 2896 -937 13107 -3403 END
START -4568 -1224 2992 -188 14936 -3661 END
START -5012 -1164 3840 -55 16114 -3914 END
START -5140 -1616 5188 -983 16888 -5052 END
START -4868 -2508 6060 -2506 18085 -6386 END
START -5488 -2696 7212 -3210 18337 -7244 END
START -5972 -2780 9040 -3160 18031 -8699 END
START -5796 -4376 11712 2698 17110 -6097 END
START -4184 -4592 16140 2351 19664 -4477 END
START -7772 -1948 19432 1453 19870 -6098 END
START -8512 -1844 24796 -83 17332 -8330 END
START -9108 -236 28844 506 15638 -7018 END
START -11500 376 31584 779 16598 -5061 END
START -9684 3104 32767 -1436 16213 -5188 END
START -14148 3104 32767 -2051 11479 -5900 END
START -14600 2212 32767 -2294 11995 -5917 END
START -14652 476 32767 -2486 8511 -5852 END
START -14272 -452 32767 -268 5479 -4449 END
START -14572 168 32767 -62 3416 -5025 END
START -13912 -728 32767 -1107 2105 -6457 END
START -14704 -1444 31124 119 -995 -6223 END
START -14056 -1140 28208 2388 -5447 -5042 END
START -12880 88 26468 3748 -9797 -3959 END
START -10956 1204 24976 4263 -12207 -3786 END
START -8696 1824 23700 4594 -13986 -3635 END
START -10312 2692 23988 5047 -14559 -3582 END
START -5548 2136 22000 3601 -15731 -4201 END
START -6120 1072 19836 3069 -16984 -5096 END
START -4552 1344 17536 -1043 -18025 -8880 END
START -3280 -980 15756 5014 -19293 -5765 END
START -1304 -556 16184 8654 -21745 -3924 END
START -1420 616 13700 6174 -20461 -6168 END
START -388 1264 12240 6147 -21529 -6414 END
START 992 976 12384 6222 -20536 -5503 END
START 488 2496 11744 4746 -18735 -5729 END
START 204 2816 9284 4113 -18014 -6721 END
START 796 2620 8240 4393 -16237 -6799 END
START 1432 2708 7528 5757 -14630 -6812 END
START 2848 2752 6744 7213 -11968 -5987 END
START 4772 2784 5728 9204 -9224 -4153 END
START 4328 3940 6064 11183 -5775 -1957 END
START 4308 5068 5272 11250 -1587 114 END
START 3992 6044 4488 11242 1449 2534 END
START 3700 7456 3936 11155 3832 5280 END
START 3060 9052 3732 9600 6441 7290 END
START 2356 10116 3000 7021 9585 8414 END
START 2820 10940 2000 3065 13162 9505 END
START 1148 11204 880 -329 15527 10326 END
START -104 11640 1204 -3836 16887 11286 END
START -440 11544 1140 -8180 18298 11703 END
START -1560 11236 1084 -12914 20531 12316 END
START -3204 10632 1576 -16793 23200 13411 END
START -3880 9768 2924 -20560 25826 14515 END
START -4840 8328 5020 -24538 27597 15684 END
START -10104 6148 8912 -30326 29080 14357 END
START -13488 -2536 12808 -28117 29069 15191 END
START -16664 -8512 17528 -32768 29239 6887 END
START -18328 -17792 18196 -32145 22035 486 END
START -18828 -20340 24144 -20839 12964 4872 END
START -13168 -28160 31244 -428 8665 18382 END
START -14924 -21228 29864 1654 3338 19647 END
START -14572 -16508 31072 8702 8292 19510 END
START -13476 -12220 29100 9280 2373 15279 END
START -12020 -9880 27372 8567 1272 12815 END
START -11524 -6668 27240 5827 -1179 7941 END
START -10832 -4864 25624 3442 -482 3797 END
START -9988 -5068 22140 2372 -49 1931 END
START -10164 -4184 19120 1534 339 1775 END
START -10112 -3080 18420 1895 587 2189 END
START -8704 -2664 17156 2150 586 1762 END
START -8524 -1012 15596 695 68 50 END