START -132 -5932 17532 -2424 -11853 -4705 END
START 776 -5940 16184 -1524 -10958 -3927 END
START 564 -4932 16148 45 -10009 -3879 END
START 872 -4340 15376 1173 -8454 -3815 END
START 1172 -4484 14244 1428 -7066 -4540 END
START 2200 -4908 13928 1553 -6991 -4921 END
START 1900 -4916 13412 1592 -6407 -4923 END
START 1808 -4616 12416 1485 -5375 -5807 END
START 1584 -4404 11272 1622 -4454 -6683 END
START 1428 -3816 10512 2065 -3115 -7447 END
START 1296 -3528 9700 2787 -1651 -7458 END
START 768 -2932 8384 3578 -223 -7188 END
START 1260 -2640 7696 4014 1084 -7042 END
START 1612 -2528 6860 3939 2488 -6936 END
START 1968 -2356 6336 4092 3865 -6551 END
START 2368 -1776 5892 3883 5429 -6257 END
START 2388 -1592 5212 3433 7245 -6199 END
START 1864 -1088 5200 3003 9084 -6299 END
START 1108 -872 4980 2215 11363 -6592 END
START -148 -620 4596 1216 13706 -6753 END
START -1624 -400 4324 777 16125 -6682 END
START -2932 -188 4140 33 18393 -6957 END
START -4020 -128 3260 -1172 20875 -7660 END
START -4456 -780 3424 17 21712 -7301 END
START -4596 -1120 4768 -1184 21893 -8166 END
START -6292 -2080 6880 -4255 22276 -10989 END
START -2332 -5464 7960 -7604 20264 -12428 END
START -4496 -6264 8928 -5289 21763 -8570 END
START -4900 -7128 11824 -3394 21561 -4526 END
START -7820 -4948 14176 177 20637 -1805 END
START -7380 -4208 18500 2332 19677 -1083 END
START -9976 -1816 22464 3310 18253 -2006 END
START -10528 -1920 24500 4265 19292 -2802 END
START -13188 -1568 27196 2158 16903 -3923 END
START -13792 -1588 29936 3922 14763 -3996 END
START -14816 -620 32000 4275 12811 -4392 END
START -14268 -224 30624 5171 10505 -3071 END
START -16068 1404 31328 6339 6782 -2283 END
START -13796 2344 32360 6076 3688 -1490 END
START -12288 2620 32767 4220 699 -2311 END
START -14344 3136 32767 1641 -1424 -3871 END
START -13712 1636 32460 1745 -3870 -4133 END
START -13868 816 31108 1494 -7414 -4986 END
START -12880 -380 29828 466 -11209 -6144 END
START -10660 -620 28776 1779 -14506 -4888 END
START -8976 -204 28144 4454 -15960 -2592 END
START -7820 316 26712 5949 -16374 -2094 END
START -7604 368 24860 5574 -17454 -3108 END
START -6772 -516 22740 5892 -19665 -3896 END
START -5800 -904 20696 6370 -21746 -4323 END
START -4456 -1648 19212 6615 -22975 -4509 END
START -5812 1600 19720 3096 -23366 -7114 END
START 204 -1120 13948 9548 -23677 -5335 END
START 792 460 13072 13839 -23659 -599 END
START 1980 2124 11740 11403 -23639 -4213 END
START 3632 2104 11488 10438 -21308 -5154 END
START 3588 3684 10520 10604 -19380 -6606 END
START 4776 4244 8952 10252 -15044 -6613 END
START 3652 5740 7208 11397 -13140 -6633 END
START 5296 6492 6704 11518 -10895 -7453 END
START 5304 7136 5844 11206 -8405 -7323 END
START 4996 7944 5168 10310 -5928 -6673 END
START 4724 7908 4828 8161 -2896 -5534 END
START 4156 7660 4248 6169 -431 -3134 END
START 3356 7720 3852 4541 1701 119 END
START 2912 7828 3912 2558 3974 3117 END
START 2432 8008 3424 310 6214 6112 END
START 1900 8316 2704 -1266 7643 8468 END
START 1332 9108 2768 -2706 8916 9458 END
START 512 10012 3172 -4335 10847 9204 END
START -160 10180 3184 -6206 13613 8535 END
START -1516 10660 3084 -8078 16223 8108 END
START -2460 10620 3128 -9911 18408 8353 END
START -3176 10688 3404 -12732 22754 9538 END
START -4136 9552 2892 -17325 23600 9642 END
START -4660 7312 4628 -20344 24743 12722 END
START -3668 3484 6936 -24438 24829 16772 END
START -7000 1040 10636 -27313 23712 19107 END
START -6328 -3080 13040 -32061 28831 19978 END
START -9368 -7380 16440 -25912 28815 22636 END
START -13872 -11528 19312 -21321 27346 16540 END
START -16524 -14756 22372 -14010 20116 9383 END
START -17664 -16756 27172 -8603 14456 5216 END
START -11620 -17816 25740 -3190 11866 7961 END
START -10708 -14388 27884 3261 7729 11840 END
START -11000 -15720 28240 4862 6732 8607 END
START -9620 -13568 26176 6365 783 8495 END
START -10620 -10504 26092 6516 2174 7916 END
START -10196 -8324 23976 6711 1547 7060 END
START -10404 -6636 22132 7461 -647 7414 END
START -8988 -4520 20328 5388 -1140 5559 END
START -9492 -1680 18892 4787 -1342 4938 END
START -9012 -212 17088 3194 -236 4918 END
START -10044 1800 18472 2718 602 5727 END
START -9236 1656 19376 596 -1105 3315 END
START -9104 1356 19164 -3706 -1283 -1274 END