START 3640 828 11484 -5331 2697 6137 END
START 2492 1076 12900 -7343 4524 6532 END
START 1892 -164 12768 -10472 5583 6509 END
START 1692 -1420 13596 -14274 6696 6576 END
START 1028 -3128 14400 -17964 7499 7552 END
START 144 -5060 15880 -21063 13280 9853 END
START -2028 -7580 15900 -25723 6821 6474 END
START -2928 -12088 14820 -26405 7009 4542 END
START -5100 -15516 15840 -19673 6150 337 END
START -5956 -19464 16312 -11062 3628 -6049 END
START -3380 -23472 17816 -96 -237 -8324 END
START -1572 -23700 21384 4173 -2371 -7741 END
START -368 -21780 24940 5296 -2868 -7460 END
START 360 -18628 26064 10954 -486 -7359 END
START -1588 -17808 20480 13056 -713 -10057 END
START -2044 -14840 18400 18862 -2392 -10779 END
START -2684 -12516 17300 23181 -2389 -12112 END
START -2008 -9836 15872 26044 -3039 -11842 END
START -1936 -6224 14880 25439 -3467 -12369 END
START -2492 -3232 13404 25616 -3823 -11483 END
START -2024 -272 11732 21553 -2780 -11796 END
START -1736 2432 10640 17674 -949 -12411 END
START -1032 3420 9176 15736 -290 -12344 END
START -80 3972 8432 13456 1546 -12055 END
START 256 4068 8340 10715 4047 -11555 END
START 160 4512 7780 8139 6122 -9706 END
START 80 4016 6716 5436 8362 -8184 END
START 96 4072 5652 3445 9111 -5503 END
START -616 5404 5672 1959 10604 -3559 END
START -1112 5804 5588 -140 12398 -2913 END
START -2040 6028 6152 -2337 13632 -3345 END
START -2780 6220 7368 -3507 13993 -3804 END
START -3128 6060 9956 -5828 15655 -5130 END
START -3564 4736 10052 -8404 16369 -6488 END
START -3440 2896 10388 -7605 17636 -5696 END
START -3412 2032 12876 -7504 18966 -4282 END
START -4452 804 13664 -7262 19685 -3804 END
START -5164 416 15692 -5364 18136 -2047 END
START -7252 952 19736 -5729 17338 -1877 END
START -5752 -164 21660 -7299 15841 -3236 END
START -9088 -744 24632 -7373 14496 -4997 END
START -7344 -1860 27696 -4931 12719 -5315 END
START -8584 -2888 29152 -4721 12361 -6688 END
START -8900 -4296 30924 -3535 8581 -8284 END
START -9608 -5680 32767 -3880 5585 -8754 END
START -8036 -7320 32767 105 346 -7056 END
START -8512 -5892 32767 2333 -1128 -5275 END
START -11044 -4516 32767 2347 -4474 -6710 END
START -12668 -4860 32767 4206 -8648 -9608 END
START -13120 -4036 32767 6913 -12913 -12175 END
START -11788 -3032 29624 9736 -17237 -12341 END
START -8516 -1308 26164 12465 -20844 -9737 END
START -6640 2152 22348 13369 -21244 -6382 END
START -6328 4148 21072 12221 -22614 -3719 END
START -6416 7144 20264 7465 -24093 -6505 END
START -5144 5788 16932 7983 -26670 -7157 END
START -3800 5576 16004 5503 -27133 -7653 END
START -3204 5320 13808 4148 -26710 -8087 END
START -2424 5672 11244 4324 -27025 -8689 END
START -64 6124 11716 5997 -26581 -8514 END
START 2512 5404 12428 6194 -24007 -5823 END
START 4216 5396 12028 5679 -20002 -2505 END
START 4344 4384 12248 5966 -17348 114 END
START 4968 3036 12568 4219 -15012 874 END
START 4964 2196 10460 5509 -12507 2795 END
START 4300 2904 9080 6440 -9440 3268 END
START 4136 4392 8012 7171 -8003 3236 END
START 4072 5324 7284 7355 -6057 2942 END
START 4284 5916 7400 6634 -4837 3226 END
START 3860 6036 6996 5220 -3617 4019 END
START 4676 5584 6568 2924 -2498 4346 END
START 5136 4672 6292 2108 -1543 5532 END
START 5240 4844 6640 827 443 6576 END
START 5120 4728 5832 -645 2598 7041 END
START 4976 4604 5288 -1318 4152 7907 END
START 4904 4884 5040 -2218 6026 8241 END
START 4656 4856 4704 -3256 8244 8810 END
START 4596 5612 4296 -3978 11011 9976 END
START 3796 6520 3528 -4989 14645 11112 END
START 2860 7408 2532 -6854 18021 12151 END
START 1392 7656 2012 -9077 20394 13874 END
START 204 7936 1576 -11548 21994 16553 END
START -508 7276 1776 -14577 23274 18586 END
START -624 5876 2400 -18549 24045 20804 END
START -756 4100 3992 -25157 26807 21900 END
START -2812 2912 6148 -24766 27347 22966 END
START -4964 -548 10280 -29571 29726 20469 END
START -8652 -10080 14872 -27139 29094 18110 END
START -11440 -15312 18988 -24958 29719 13310 END
START -15320 -22872 22080 -18081 23228 6576 END
START -13912 -29988 23156 1391 18176 13478 END
START -4464 -29680 32767 14762 10602 23593 END
START -12444 -21448 32767 18110 13948 19537 END
START -13628 -13028 32767 14576 12580 18034 END
START -14192 -6072 32767 9416 15597 10371 END
START -12312 -5244 27980 9209 5879 8844 END
START -10604 -2444 28008 6156 2790 2336 END