START 108 -9980 12496 233 -3421 -154 END
START -272 -9528 13628 1592 -3365 -1742 END
START 696 -10036 12752 3461 -2182 -3492 END
START 1092 -10060 13424 4234 -841 -5088 END
START 1132 -10584 14712 4164 -153 -4993 END
START 24 -11112 15268 3590 619 -4568 END
START -1120 -11160 16564 4011 122 -4392 END
START -2432 -11008 17900 5278 -581 -6307 END
START -2508 -11104 18128 7796 -1361 -9353 END
START -1912 -10424 18144 11300 -2300 -12177 END
START -576 -9316 17976 14597 -2957 -12888 END
START -528 -6808 17444 16683 -2215 -12534 END
START -856 -3592 16372 17678 -1084 -12379 END
START -1456 -780 14772 17514 -179 -12134 END
START -1724 1552 13304 17032 785 -12198 END
START -2280 3468 11788 15613 1695 -12186 END
START -2496 3712 9636 13913 2453 -11174 END
START -3280 5276 8888 13216 3483 -9659 END
START -2952 5932 6880 10431 3992 -8815 END
START -2688 6588 5744 8593 5235 -7507 END
START -2036 7204 4780 5975 6775 -7271 END
START -1120 6908 3788 4243 8821 -7359 END
START 868 5920 3008 3806 11423 -6544 END
START 1068 6036 4648 2125 13493 -6268 END
START 2384 5852 6200 471 16287 -5246 END
START 2580 6120 7332 -2509 19910 -4904 END
START 1904 5952 7856 -5075 23312 -4884 END
START 1856 4816 8504 -7794 26583 -5176 END
START -2420 3584 8380 -9681 29703 -6189 END
START -5752 3480 9324 -10162 28916 -7642 END
START -9976 1212 11080 -9767 25370 -6920 END
START -11452 1160 16380 -9608 20130 -6426 END
START -13084 1548 20664 -10478 13224 -11201 END
START -11588 -1308 27580 -12218 9631 -15336 END
START -9876 -4412 32767 -15436 6507 -19312 END
START -14096 -5784 32767 -17254 4192 -20686 END
START -10588 -8848 32767 -8659 177 -16302 END
START -11404 -8560 32767 -851 -2656 -12641 END
START -11264 -6788 32767 3188 -4174 -11295 END
START -11584 -3724 32767 7940 -5434 -9144 END
START -12304 536 32767 11577 -8251 -6778 END
START -12364 4524 30948 12597 -11795 -5794 END
START -10232 6112 29212 10104 -17291 -6603 END
START -10336 6328 27184 6625 -18585 -7176 END
START -9112 4508 25600 5124 -21056 -7254 END
START -7632 3624 22424 4582 -21883 -6169 END
START -6200 3840 20064 6574 -23324 -4885 END
START -4428 5564 18484 6395 -23968 -5528 END
START -3700 6104 16720 9329 -24769 -3751 END
START -1420 6212 16896 7356 -25579 -2443 END
START 168 5868 15164 4290 -23548 -3009 END
START 968 5008 13112 3672 -21676 -2693 END
START 1524 4176 10580 3967 -20076 -1267 END
START 2388 4032 9360 5329 -18338 54 END
START 3016 4840 8884 5012 -17181 15 END
START 4176 5244 8936 4062 -15388 -205 END
START 4732 5124 8440 2815 -13363 -506 END
START 5048 4360 8140 1470 -11222 -618 END
START 5136 3388 6992 1090 -8910 119 END
START 5084 2416 6476 791 -6730 1121 END
START 5048 1640 5564 1099 -4720 2418 END
START 5036 1916 4876 1988 -2898 3923 END
START 5140 2452 4608 2718 -989 4793 END
START 5216 3580 4544 3240 797 5610 END
START 5116 5016 5036 2891 2809 6065 END
START 4820 5936 5016 1705 5227 6133 END
START 4216 6272 4404 141 7375 5971 END
START 3728 6088 3824 -809 9061 6501 END
START 3388 6176 3376 -1944 10885 7268 END
START 2620 6056 3112 -3224 12818 8732 END
START 2196 6300 2792 -4356 14790 10641 END
START 2104 7144 3036 -5253 17115 12802 END
START 1728 7988 2904 -6328 20141 14041 END
START 1112 8012 2852 -6833 23679 14864 END
START 1292 7412 4620 -8333 27062 16048 END
START 1048 5844 7808 -11109 30045 17923 END
START -1512 3488 11272 -16354 32445 18772 END
START -4260 -996 15528 -23136 32767 17096 END
START -10124 -9972 18768 -21799 32467 17429 END
START -17088 -15420 21848 -19744 25099 9310 END
START -18728 -17752 26688 -10716 15384 3851 END
START -14884 -20084 32767 -5718 7749 753 END
START -11420 -21268 32767 -991 6884 3822 END
START -16264 -17532 32767 -2017 2868 5080 END
START -10644 -18404 31748 10895 3205 6752 END
START -9156 -10928 31124 15209 4760 9361 END
START -7424 -5160 27092 9370 4535 5511 END
START -8984 -1440 23244 10157 2715 5820 END
START -9168 608 21040 5701 1932 3555 END
START -7280 1780 19164 2602 542 1106 END
START -5944 1708 19784 1796 50 1080 END
START -5140 -240 17876 2599 -2374 3345 END