START -624 -2652 13520 -4015 -9593 -683 END
START -1532 -1048 14300 -3053 -9703 -1295 END
START -884 -1272 13752 -3113 -9002 -1765 END
START -1144 -2128 14368 -5062 -8403 -2753 END
START -1140 -3612 13256 -6275 -7636 -3645 END
START -1416 -4672 11652 -5309 -7289 -3763 END
START -716 -5072 10268 -3681 -6499 -3881 END
START -196 -4976 9232 -2243 -5320 -4145 END
START 516 -5184 8360 -1111 -3748 -4381 END
START 812 -5436 7908 -161 -2206 -3978 END
START 684 -5716 7296 441 -785 -3623 END
START 620 -5908 6956 1330 442 -3381 END
START 92 -5912 6380 1902 1835 -3677 END
START -212 -5584 5836 2598 2998 -4038 END
START -776 -5416 5372 3042 4066 -4368 END
START -808 -5008 4768 3456 5096 -4450 END
START -1144 -4756 4468 3898 6337 -4299 END
START -1532 -4084 4140 4441 7711 -3921 END
START -1620 -3716 3784 4687 9407 -3667 END
START -1868 -3000 3428 4886 11085 -3637 END
START -2492 -2780 3432 4939 12857 -3837 END
START -2636 -2736 3560 4802 14286 -3987 END
START -2924 -2548 4436 4274 15787 -4092 END
START -3716 -2892 4748 3623 17792 -4058 END
START -3844 -2392 4996 3596 19463 -4096 END
START -4580 -2788 7756 5993 19687 -1724 END
START -5268 -1776 9132 6373 20319 -1553 END
START -5692 -444 13408 5932 19938 -2480 END
START -4148 -472 17860 5739 19901 -3200 END
START -7712 92 22280 5785 19221 -3499 END
START -8772 20 26456 3504 17861 -5392 END
START -10696 244 31176 2570 15913 -6433 END
START -11696 -740 32767 1861 12496 -7262 END
START -11984 -2324 32767 4323 12414 -5513 END
START -13368 -2168 32767 6099 8287 -4819 END
START -14984 -960 32767 3234 5176 -8464 END
START -14328 -1880 32767 5666 1100 -7335 END
START -13968 -1168 32767 5274 -2151 -8175 END
START -12864 -828 32767 6267 -6099 -8559 END
START -10632 312 32767 7525 -9268 -7820 END
START -8896 1792 30636 7211 -11117 -7482 END
START -7748 2868 28728 5808 -13352 -7769 END
START -6464 3072 27220 4552 -14475 -8240 END
START -5416 2276 25308 3886 -15265 -8336 END
START -4192 2104 23248 4712 -16833 -8169 END
START -3720 1500 19372 1544 -15996 -9344 END
START -3316 2176 20264 6059 -16713 -5929 END
START -2848 2436 16764 6787 -15975 -5057 END
START -1264 1868 13964 10002 -16136 -2008 END
START -1840 5240 14560 7152 -15899 -2253 END
START -1768 5900 13168 6768 -16210 -3413 END
START -1220 5436 12796 5964 -16285 -3109 END
START -1040 5560 11004 4973 -14333 -2983 END
START -1224 5304 8612 5031 -13946 -3234 END
START -704 5068 7336 6933 -11737 -1890 END
START 180 6584 5876 9443 -11980 -732 END
START 2216 7084 5916 9659 -10296 -56 END
START 3464 7292 5592 9624 -8160 1229 END
START 4760 6932 6364 8475 -5387 2346 END
START 4904 6388 5772 7427 -3059 3928 END
START 4756 6448 5916 4690 85 4584 END
START 4044 5780 4432 3857 2400 5778 END
START 3404 5512 3608 2767 4280 7067 END
START 3152 5412 2752 2048 5940 8143 END
START 2708 5620 2532 1434 7290 9158 END
START 2076 6544 2892 455 8650 9376 END
START 1376 6924 3448 -1128 10259 8772 END
START 668 7480 3528 -2923 12344 7943 END
START -368 7740 2800 -4677 14500 7556 END
START -1284 7904 2340 -5823 16281 7812 END
START -2080 8256 1616 -6928 18769 8871 END
START -2904 7868 2148 -8411 20982 9852 END
START -3608 6844 3940 -9975 22491 11019 END
START -3836 5308 7648 -12166 23983 12405 END
START -7432 3916 13128 -17549 25046 10596 END
START -8092 -2676 16048 -16329 27571 12581 END
START -13256 -7368 20068 -19099 26098 8474 END
START -17284 -11492 22688 -15752 23370 3343 END
START -18264 -15304 24768 -5238 14366 6253 END
START -15176 -14984 25760 3819 10442 12625 END
START -12344 -8612 32732 7865 6718 15838 END
START -12752 -8464 32767 6962 3788 9458 END
START -12920 -6600 32767 5731 3821 6819 END
START -11932 -4808 32767 4459 4453 3547 END
START -11584 -4572 28956 6858 4417 4496 END
START -10928 -2824 25544 9945 3810 7168 END
START -11764 136 23200 7201 2923 7273 END
START -10552 3128 18352 7722 1322 7227 END
START -8540 5216 15876 6218 1260 6130 END
START -6608 5228 15288 3337 -169 4645 END
START -6116 4948 13856 2382 -1193 4502 END
START -5524 5544 13120 -2187 -223 1309 END