START -812 -7896 16292 -1973 -9262 -4231 END
START -544 -7860 16432 -240 -9527 -3735 END
START -688 -7424 15564 -385 -8898 -4314 END
START -1076 -7012 15272 489 -8588 -4862 END
START -980 -7184 14204 746 -7547 -6234 END
START -1596 -6840 12756 1877 -6666 -6950 END
START -1600 -6224 11404 4120 -5897 -7249 END
START -1168 -5280 10536 5760 -5150 -7673 END
START -924 -4520 9504 6089 -3823 -7849 END
START -500 -4040 8400 5878 -2914 -7318 END
START -608 -3176 7484 5559 -2109 -6670 END
START -180 -2516 6712 5216 -909 -6045 END
START -96 -1776 6144 5026 12 -5840 END
START -112 -1044 5584 4391 1276 -6321 END
START 200 -568 5068 3878 2463 -6966 END
START 244 -540 4768 3565 3413 -7376 END
START 964 -572 5132 2925 4644 -7350 END
START 1172 -460 5196 2181 6539 -7150 END
START 1032 -280 5220 1769 8725 -7038 END
START 704 -580 4936 1509 11027 -7051 END
START 344 -836 4676 1538 13322 -6998 END
START -208 -892 4524 1145 15421 -7014 END
START -1256 -620 4260 702 17415 -6445 END
START -2360 -300 3996 152 19917 -5902 END
START -2644 636 3692 -592 22359 -5273 END
START -4884 1772 4952 -708 21840 -5122 END
START -4592 568 5536 -861 22050 -3934 END
START -6040 652 9056 -1369 20639 -2608 END
START -7776 1032 11344 -1782 21691 -3792 END
START -10492 1280 14172 -3639 19847 -6328 END
START -8944 -1100 18944 -1594 18006 -4992 END
START -9720 -1156 23464 -1683 14642 -4436 END
START -12836 -1088 29516 -4887 14132 -6252 END
START -8996 -6832 32216 -3216 13636 -4258 END
START -11660 -9840 32767 2516 13397 713 END
START -13324 -8088 32767 6480 10768 -150 END
START -14392 -6560 32767 6834 6935 -3974 END
START -12256 -5864 32767 8138 3688 -5106 END
START -13072 -3464 32767 9659 433 -4409 END
START -12968 -2408 32767 8870 -2633 -4919 END
START -11988 -1964 32767 7672 -6176 -4595 END
START -10952 -1080 31108 6555 -9144 -5741 END
START -8800 -944 29520 7722 -11826 -5833 END
START -7524 -92 28256 8148 -12770 -6402 END
START -6884 420 25760 8197 -13774 -7213 END
START -9144 2116 23516 9993 -15007 -6620 END
START -4636 920 21784 10359 -16495 -5368 END
START -5508 2984 21804 6901 -16957 -5976 END
START -3328 1640 19324 9393 -17526 -3965 END
START -3208 3264 17644 10292 -17410 -1253 END
START -1328 3400 14004 10910 -14727 -204 END
START -2900 5760 13264 13348 -17228 871 END
START -1524 6624 10700 11681 -17176 3 END
START -1540 6956 10372 8389 -17633 -1257 END
START -12 6564 9176 8358 -16767 -359 END
START 404 7100 8644 6198 -15612 -498 END
START 1784 6316 7740 5323 -15639 -60 END
START 2608 6832 8384 4388 -13729 -537 END
START 3484 5964 6620 2165 -10612 -353 END
START 4300 5824 5292 3341 -7735 1596 END
START 4624 6060 4616 3762 -4438 3369 END
START 4592 6840 4028 3521 -1335 5179 END
START 4376 7572 3532 2733 1575 6570 END
START 4012 8460 3688 1346 4292 7153 END
START 3232 8528 3824 -590 7155 7232 END
START 2496 8080 2928 -2713 9532 7606 END
START 1964 7728 2964 -5396 12142 7968 END
START 1328 7312 1952 -7538 14541 9103 END
START 720 7196 1892 -9138 17239 10333 END
START -556 7384 1688 -10555 19959 11403 END
START -2264 7988 2092 -11536 22973 12136 END
START -3708 8356 3128 -13305 25602 12168 END
START -4712 6980 5044 -16114 27372 12644 END
START -8780 5508 9100 -20544 27850 11566 END
START -11720 -2052 9704 -24527 26227 12580 END
START -11752 -6084 18044 -27909 24331 9436 END
START -17732 -11016 21076 -30649 23558 1195 END
START -13984 -18324 23580 -21062 17906 3214 END
START -13536 -23532 24500 -4047 15354 13817 END
START -19776 -16048 25576 -376 9503 18187 END
START -13600 -12000 29208 6063 9351 17612 END
START -14204 -10028 29792 6821 5901 12623 END
START -13772 -8916 28988 2658 5489 7411 END
START -13972 -7684 26272 1974 2633 4934 END
START -10868 -6396 22304 1230 4535 3149 END
START -10840 -5136 20432 3229 2560 4829 END