START -2584 -12352 11776 7887 -7474 -9086 END
START -1880 -11072 10676 10288 -5304 -8600 END
START -2036 -9068 9900 12104 -4007 -7578 END
START -1928 -7556 8940 11916 -2581 -7204 END
START -2452 -5776 7164 11850 -1578 -6967 END
START -2364 -4372 5912 11274 -590 -7762 END
START -2500 -3252 4468 10950 192 -7572 END
START -2152 -1872 3824 10444 786 -7365 END
START -1756 -692 3428 9741 1616 -7299 END
START -1280 284 3348 9106 3253 -6984 END
START -864 952 3240 8467 5425 -6485 END
START -188 1364 2508 7620 8361 -5950 END
START -60 1880 1408 7435 11237 -4597 END
START -184 2740 796 7102 14044 -2860 END
START -272 3240 392 6420 16790 -1507 END
START -700 3832 492 5162 19208 -231 END
START -1604 4716 2088 3375 20725 496 END
START -2608 5396 3164 389 22119 360 END
START -3420 5284 4052 -3176 23860 -871 END
START -4324 4472 5664 -6058 24334 -2056 END
START -5904 2824 8076 -8782 25259 -3321 END
START -9496 1488 10808 -13527 24876 -6856 END
START -11216 -2612 14040 -11477 23363 -8328 END
START -11128 -5576 18724 -9136 20125 -8946 END
START -15624 -6164 23884 -6410 15794 -10408 END
START -16968 -7440 29676 -4576 11692 -11764 END
START -18836 -7052 32767 -6460 7454 -12170 END
START -14508 -13088 32767 -1688 10506 -8141 END
START -18116 -9848 32767 7678 7168 -3781 END
START -17256 -6764 32767 7249 3901 -7855 END
START -15364 -6328 32767 9110 2304 -7224 END
START -16468 -3708 32767 10568 -330 -4157 END
START -17228 -2136 32767 8766 -3116 -5603 END
START -16868 -1092 30108 9081 -6349 -6184 END
START -15144 36 27656 9830 -9804 -6452 END
START -12912 840 26624 9688 -12879 -7340 END
START -10092 1460 25872 9296 -14368 -7401 END
START -8260 1984 25400 9043 -15471 -6997 END
START -7212 2864 25612 7318 -17730 -8554 END
START -7124 3500 19024 3738 -16557 -11028 END
START -5196 3132 20856 5809 -18428 -8905 END
START -4212 3844 18676 5316 -18459 -9070 END
START -1620 2660 18096 10154 -19137 -5050 END
START 56 4944 17052 9266 -19663 -3953 END
START -124 6412 16092 7528 -18510 -4486 END
START 820 7116 15716 6863 -19946 -3707 END
START 840 8472 15204 2679 -18944 -4613 END
START 1444 8220 13604 1387 -18874 -4802 END
START 2192 8144 13348 755 -19014 -5239 END
START 3480 7904 11752 -595 -19155 -7221 END
START 3684 7472 10944 1802 -18004 -5580 END
START 3408 7876 11296 3266 -16611 -3953 END
START 3948 7600 10768 1609 -14046 -3724 END
START 3980 6568 9320 1067 -11572 -3189 END
START 4004 5576 7988 1619 -8881 -2146 END
START 4104 4660 6404 2397 -6063 -1099 END
START 4228 3716 4768 3809 -3307 529 END
START 4220 3560 3804 4757 -942 2192 END
START 4396 3376 2812 5685 779 4485 END
START 4376 3932 2188 5965 2382 7138 END
START 4204 4688 1680 5605 4393 9328 END
START 4124 5820 1368 4890 6805 10992 END
START 4092 7008 1024 3663 9126 12501 END
START 3756 8256 348 2027 11973 13762 END
START 3304 9588 -592 -25 15506 14193 END
START 2820 10420 -1124 -2063 18245 14757 END
START 2496 10912 -148 -5085 21486 14481 END
START 1704 10244 -248 -9541 24167 13799 END
START 904 8784 724 -13518 26589 14232 END
START -2052 8188 2436 -17953 29233 16057 END
START -5148 7624 4304 -23912 32767 18040 END
START -14748 4688 7580 -28865 31305 16277 END
START -17412 -3676 11648 -30632 32767 12703 END
START -21752 -11340 18032 -26977 27496 9201 END
START -23972 -17860 21984 -26233 22152 -1735 END
START -20404 -23412 24224 -15272 11206 -1938 END
START -15288 -30252 25440 5579 2102 16244 END
START -25288 -19088 32767 1910 4205 20890 END
START -11816 -15740 32767 8476 11583 23334 END
START -15348 -12600 29620 13196 8920 22388 END
START -15792 -7284 28680 7380 8143 16037 END
START -15724 -5700 26512 3830 4477 11046 END
START -17516 -5176 26048 1423 3904 5417 END
START -14272 -4864 22532 -1993 2972 28 END
START -13584 -6620 21272 -1372 -393 -205 END
START -12292 -5632 20092 -130 -1864 -574 END