START 3836 -2504 14944 -5513 -5353 1146 END
START 2644 -3748 14496 -4995 -3897 1606 END
START 2564 -4896 13472 -3618 -1804 1565 END
START 1528 -5712 12600 -1732 -1270 2062 END
START 944 -5952 14480 -181 -1571 2133 END
START 580 -6668 16960 -1144 -1608 706 END
START -16 -7624 17544 -1973 -1567 -406 END
START -920 -8424 18664 -1748 -2496 -1804 END
START -1820 -9680 18888 -1669 -2739 -4199 END
START -2380 -11344 17912 1191 -3225 -6152 END
START -2452 -12868 17924 4070 -3683 -8068 END
START -1784 -13524 17036 8371 -4251 -8340 END
START -748 -12484 16816 12299 -4193 -8215 END
START -268 -10116 16024 15562 -3483 -8452 END
START -264 -7456 14356 17309 -2103 -8932 END
START -960 -4860 12468 18230 -782 -9259 END
START -1984 -2012 10552 19004 346 -9534 END
START -2380 860 8716 18861 1579 -9464 END
START -2088 2432 7208 17634 2720 -8656 END
START -2048 4036 5920 16027 2840 -6888 END
START -1588 5980 4988 13580 3352 -5005 END
START -1624 7388 5156 10155 4563 -4251 END
START -912 7680 5520 6339 5766 -4637 END
START -880 7168 6076 2682 6198 -5971 END
START 48 6408 6244 344 6638 -7562 END
START 660 5844 7432 -1922 8154 -9657 END
START 1200 5092 7664 -2899 10186 -10279 END
START 912 5180 7828 -2744 12841 -9576 END
START 404 5108 8328 -1948 15983 -8601 END
START -964 4908 9516 -2267 18164 -7116 END
START -2708 4336 11004 -3502 20162 -4959 END
START -4248 4872 11784 -4588 18471 -3474 END
START -3932 2764 12856 -5559 18091 -2666 END
START -5532 3936 16940 -7663 18864 -4023 END
START -6368 3984 16832 -3953 16490 -5780 END
START -6912 3896 20580 -4799 15270 -8679 END
START -10020 3668 24352 -9039 13824 -12186 END
START -7380 160 26756 -8775 12399 -11180 END
START -8032 -2304 28284 -9185 8899 -11724 END
START -7240 -3632 30400 -5067 7365 -9240 END
START -8380 -1924 32376 -2241 4944 -8408 END
START -9236 -1548 32724 -259 4482 -8951 END
START -9304 -468 32028 541 2152 -10064 END
START -9164 1072 32652 1303 -416 -10773 END
START -8756 1924 31984 2996 -2923 -9574 END
START -8524 3176 32767 4207 -5962 -7716 END
START -8844 4116 32767 3036 -7167 -7849 END
START -10904 5052 32767 3790 -9788 -6841 END
START -12168 5796 29648 5464 -12362 -6502 END
START -11416 6536 26364 6582 -15516 -6252 END
START -9296 7428 24328 7072 -18432 -5763 END
START -7900 8512 21488 6959 -20009 -4515 END
START -4208 8292 22176 5698 -21562 -3077 END
START -4956 8068 19528 2831 -22009 -3323 END
START -2788 4220 16704 1355 -21490 -1506 END
START -3412 5372 16596 3080 -22003 883 END
START -3844 5676 12448 2911 -22009 -900 END
START -1296 5840 10680 2600 -22314 -1932 END
START 812 5892 10104 3694 -22637 -131 END
START 2748 6132 12040 2244 -18396 -870 END
START 2612 4744 10276 369 -14689 -889 END
START 2612 3452 9688 1466 -12294 1967 END
START 2516 2692 7000 477 -8927 3107 END
START 1856 2304 5160 1621 -7348 3700 END
START 2124 2704 4588 2857 -6375 4371 END
START 2624 3216 5948 2920 -5449 4203 END
START 2748 3512 7016 1615 -4170 4147 END
START 2868 3124 8456 190 -3469 3771 END
START 2532 1972 8988 -1360 -2325 2920 END
START 1948 936 8820 -1636 -607 3149 END
START 1404 532 7412 -939 1046 3583 END
START 1760 1416 7356 1152 1667 4214 END
START 2388 2556 7500 2028 2333 4595 END
START 3084 3140 7476 2169 3349 4874 END
START 2908 3512 7572 1618 4655 4936 END
START 2620 3580 7668 1143 5887 4907 END
START 2496 3772 7132 914 7245 5333 END
START 2412 4380 7208 1038 8523 6336 END
START 2692 4820 7312 607 10144 7313 END
START 2988 5352 7080 10 11901 8175 END
START 3336 6416 6568 -84 13427 9238 END
START 3472 7768 6316 101 15631 10044 END
START 3212 9340 5924 -122 18726 10949 END
START 2568 10992 5536 -1061 22455 13117 END
START 700 12072 5524 -3320 26235 16044 END
START -1152 11636 5764 -6808 29006 18556 END
START -3300 9088 6960 -12574 28806 18943 END
START -5540 3820 9048 -15766 27965 21414 END
START -9456 1144 15544 -21475 28462 20152 END
START -13972 -2460 18492 -20084 24487 12718 END
START -14640 -7500 22868 -19098 17014 4609 END
START -13056 -12340 28628 -19550 11962 791 END
START -12724 -16832 32767 -18738 11685 -2201 END
START -10960 -22792 32767 289 9039 10747 END
START -12872 -16940 32368 -3474 10125 8127 END
START -10804 -13888 32767 7485 9802 12801 END
START -11700 -8600 30756 9697 7933 11403 END
START -11456 -4864 28124 4666 7964 6762 END
START -12668 -3120 26968 5631 3367 4429 END
START -12700 -2856 25424 2332 1011 773 END
START -12184 -2564 23724 974 -1163 -320 END
START -11500 -1808 22416 1029 -3077 -324 END
START -8984 -1420 20716 1480 -5888 -511 END
START -9124 560 19244 1783 -5491 110 END
START -6860 2468 16976 -341 -2310 -2108 END
START -7220 2696 17300 -226 -1527 -2553 END
START -5992 656 15880 -1231 -2741 -1998 END