START 2720 -940 13852 -1354 -639 3953 END
START 2996 -1816 14092 -2573 1292 3417 END
START 2552 -2488 13316 -4809 3862 2682 END
START 1760 -3852 12204 -5517 5807 2326 END
START 392 -5340 11732 -4509 6441 2311 END
START -800 -6372 12852 -3495 5065 2126 END
START -1732 -7980 14632 -3569 2615 824 END
START -1784 -9292 17944 -3222 1338 -262 END
START -2600 -10888 19920 -5532 -2398 -5940 END
START -2156 -13216 20496 -3247 -3532 -11139 END
START -28 -16372 19568 1537 -4756 -14196 END
START 712 -15200 20208 6532 -4038 -14749 END
START 1940 -14920 18712 13389 -432 -12570 END
START 416 -11368 17384 17636 3326 -11819 END
START -1608 -7396 14924 21471 4809 -11950 END
START -2736 -4896 12264 23250 4766 -10887 END
START -4204 -1140 10584 22609 3231 -8553 END
START -4408 2404 9204 20504 1231 -5965 END
START -3776 5612 8652 18247 1289 -4794 END
START -4176 8616 8964 10623 3060 -7777 END
START -3664 8864 7496 7701 1902 -7267 END
START -2296 8564 6996 3267 5002 -9693 END
START -1704 7512 5416 1140 7021 -9741 END
START -340 6224 5448 197 9857 -8241 END
START 60 5976 5228 -820 12669 -6719 END
START -12 5540 5152 -1532 15988 -5223 END
START 176 5092 5888 -1515 18191 -4250 END
START -840 5080 7560 -2599 20195 -4345 END
START -2064 4692 8540 -5607 22388 -5420 END
START -4752 3620 8940 -8009 22543 -7032 END
START -4904 1600 9440 -8615 21366 -6651 END
START -6332 -692 11180 -5664 19676 -6324 END
START -7184 -1216 16416 -5158 15801 -6943 END
START -7892 -380 21616 -5649 16155 -9002 END
START -7020 -2696 22268 -5120 16567 -8271 END
START -7256 -1796 27288 -1687 12880 -7376 END
START -11512 -984 32232 -5108 12321 -11259 END
START -10624 -4288 32767 -2023 10293 -10911 END
START -12504 -4532 32767 2594 6041 -10362 END
START -14004 -4072 32767 5493 2734 -8202 END
START -13672 -1544 32767 9104 -2992 -5677 END
START -13200 1480 32767 9138 -7303 -5620 END
START -12088 3148 32767 8851 -11279 -6734 END
START -11752 3700 32767 7505 -14619 -8419 END
START -11008 2732 30712 5446 -17128 -9486 END
START -10532 1876 26920 6701 -19525 -8330 END
START -9708 2976 23112 9264 -22256 -5144 END
START -7104 4648 20664 10835 -24204 -3391 END
START -4956 6152 20488 9540 -26090 -2485 END
START -4096 9800 21852 5629 -29007 -4199 END
START -2384 6512 20984 4044 -26466 -4208 END
START -1248 4968 18776 5433 -25496 -2403 END
START -352 4848 15256 5029 -22866 -3188 END
START 536 5740 13748 8146 -21521 -2627 END
START 1760 6720 13388 8759 -20923 -401 END
START 3176 6804 14424 6800 -20353 723 END
START 4148 5860 14424 4498 -19324 -230 END
START 3864 5196 12120 2274 -17504 -2494 END
START 4632 3544 10368 2012 -14307 -2285 END
START 4428 3000 7208 3396 -10717 -1226 END
START 3780 3244 5424 5993 -8828 575 END
START 3856 3728 5856 7527 -7747 2225 END
START 3892 4476 7376 7073 -6652 3561 END
START 3756 4980 7044 5574 -5018 3588 END
START 3504 5176 6372 4435 -3366 2950 END
START 3408 5184 5524 3796 -1465 2572 END
START 3652 5352 4856 3317 512 2846 END
START 3936 5616 4268 2335 2605 3207 END
START 3900 5584 3760 1370 4514 3821 END
START 4076 5752 3312 540 6361 4887 END
START 3480 5968 2844 -549 8527 5833 END
START 2904 6080 2392 -1411 10806 7068 END
START 2060 6480 1888 -2236 13424 8646 END
START 1664 7244 1800 -3024 16186 10647 END
START 1376 8000 1804 -4466 19189 12273 END
START 1184 8608 2004 -6174 22514 13180 END
START 764 8972 1988 -8495 26370 13136 END
START 928 8360 2076 -10938 30585 13528 END
START 628 7720 2728 -13474 32767 13112 END
START -316 6736 4924 -16881 32767 13094 END
START -7516 4680 7892 -20748 32767 13820 END
START -8200 1420 9476 -24779 32767 11431 END
START -15004 -4704 13976 -26800 32767 6226 END
START -17400 -12216 18256 -23198 32767 1144 END
START -18608 -19516 23780 -21605 28143 -1997 END
START -19892 -18352 27220 -11050 18252 778 END
START -18136 -15244 27112 -1265 15672 6437 END
START -17752 -11880 32767 4602 -516 13043 END
START -12676 -11580 32496 10736 11270 14408 END
START -12800 -7068 31364 9935 10821 10780 END
START -13804 -4212 26360 6471 11335 8302 END
START -12696 -3840 24336 7971 8673 9374 END