START 2544 -7604 13356 -2641 -9057 -3338 END
START 2224 -7172 14272 -667 -8846 -3923 END
START 3036 -7040 13432 1856 -8485 -3994 END
START 4188 -6860 13972 3070 -7945 -3975 END
START 4768 -6380 14464 2569 -5857 -4672 END
START 3816 -6168 14044 2173 -2986 -5978 END
START 2596 -6200 13188 2658 -610 -7917 END
START 1144 -6428 11904 3575 1545 -9790 END
START 32 -6420 10604 4841 3151 -10150 END
START -848 -6376 8920 6588 3898 -9280 END
START -1280 -5584 8228 8190 3919 -7858 END
START -992 -4932 7092 8927 4571 -5967 END
START -1036 -2508 7128 9249 4465 -5216 END
START -644 -148 7820 8472 5479 -5007 END
START 140 760 7196 7210 6799 -4967 END
START 728 1592 7420 5151 8163 -5601 END
START 816 2036 7536 3354 9821 -6783 END
START 872 2012 7488 1535 11846 -7884 END
START -48 1040 7180 651 14063 -8938 END
START -892 228 6656 -167 16136 -9862 END
START -2072 -868 6624 -1542 18968 -9735 END
START -2584 -1272 7848 -5166 20766 -11966 END
START -4076 -2228 6772 -8635 25948 -10526 END
START -4012 -3872 5152 -13385 29556 -9515 END
START -6208 -4108 6144 -12020 30435 -5381 END
START -6024 -5328 8740 -8773 31488 -2417 END
START -10016 -4188 10220 -7174 29847 -2705 END
START -10860 -5076 13440 -6797 27262 -3218 END
START -9664 -6156 17020 -6268 24399 -3562 END
START -13900 -6592 20128 -6200 20002 -4381 END
START -12872 -6612 21996 -3124 15201 -3102 END
START -12692 -7180 24440 -346 12990 -2302 END
START -12928 -4808 26136 3552 14323 789 END
START -13768 -3408 27992 2995 15198 -1016 END
START -15204 -1988 28112 3855 14559 -2004 END
START -16280 -2272 27516 1483 11462 -4034 END
START -16100 -3732 26472 1710 7067 -2983 END
START -16868 -2928 25872 3191 2550 -293 END
START -13976 -2652 26720 4309 -914 1151 END
START -15304 -1072 27500 5171 -1844 2235 END
START -15028 -1044 26268 4978 -3889 574 END
START -14004 -668 24204 4484 -6737 -1960 END
START -13500 -1288 21200 2435 -10827 -5766 END
START -11872 -1308 21676 6178 -14098 -4734 END
START -9972 -1568 20076 6376 -16652 -5246 END
START -8056 -2084 19324 7254 -19298 -4822 END
START -6052 -2520 19208 7573 -21260 -4581 END
START -5444 -1596 19604 9231 -20433 -3207 END
START -4048 -2644 18244 10608 -20408 -1526 END
START -2012 -2272 15940 10638 -20806 -1663 END
START -2432 -876 14936 12335 -20692 247 END
START -1340 436 13292 12190 -21865 8 END
START -1848 1540 12836 14152 -22965 -332 END
START 32 1236 12292 12540 -23285 -2895 END
START 1332 1064 11952 12563 -22214 -3031 END
START 844 2184 11280 14438 -21958 -2685 END
START 3176 2052 10980 15182 -19261 -1467 END
START 3432 3808 10892 15247 -15925 -466 END
START 4388 5436 9820 14852 -12344 105 END
START 5220 6752 9436 12314 -7734 356 END
START 5416 8008 9184 10425 -3170 1234 END
START 5372 8988 9032 8076 14 1926 END
START 4888 9324 7936 5264 2902 2988 END
START 3612 9844 7288 3217 5635 4372 END
START 2292 10048 6512 560 8148 5347 END
START -3304 9732 7300 -1625 13355 6905 END
START -908 9820 4596 -6051 13286 6100 END
START -1552 8504 2556 -6749 13179 8977 END
START -4592 9504 4932 -10092 14906 9155 END
START -4936 8752 4484 -12524 15964 10262 END
START -6396 8636 5524 -16348 17123 10366 END
START -7000 7812 6216 -18199 17948 12346 END
START -8016 6684 8416 -22062 18827 13458 END
START -8252 3604 10008 -21428 19403 17260 END
START -8840 176 12172 -25771 20516 17555 END
START -11384 -3996 14396 -29966 22015 13914 END
START -12392 -10064 17880 -22317 18639 13644 END
START -13352 -12892 20636 -14978 16927 13319 END
START -13172 -14736 20936 -6913 13403 14438 END
START -15012 -13024 22284 -2335 8927 14935 END
START -13560 -11956 23476 209 5385 13390 END
START -14348 -12444 23232 802 2401 11628 END
START -11768 -10996 22372 592 -1899 10269 END
START -11076 -10460 21852 -19 -3338 9432 END
START -9164 -8652 20580 1256 -2910 10026 END
START -8868 -6808 20896 520 -1828 8104 END
START -7880 -7192 19140 -555 -1461 5721 END
START -7484 -5760 17700 1146 -1208 5035 END