START -1384 -8944 16260 -4220 -9106 -5534 END
START -912 -9952 14864 -1136 -8312 -6017 END
START -584 -9908 13544 1584 -8079 -5664 END
START 444 -8808 13604 4078 -6187 -6457 END
START 656 -8484 13760 6017 -4754 -6966 END
START 376 -8312 14620 7123 -4219 -6686 END
START -604 -8660 15360 6736 -3495 -7342 END
START -1612 -8580 14580 6582 -1595 -8617 END
START -2820 -8168 12560 8091 760 -10590 END
START -3192 -7852 10008 11339 2297 -11873 END
START -3176 -6656 8500 15463 3423 -11547 END
START -3268 -4724 7584 17657 4115 -10033 END
START -3736 -2584 6676 18425 3288 -7824 END
START -3872 -744 7000 17658 1609 -5328 END
START -3900 1296 7516 15705 938 -3811 END
START -2712 2796 7944 13080 2923 -2950 END
START -4052 4812 7704 8296 2994 -6881 END
START -3552 3756 6808 6662 2979 -8196 END
START -3140 3304 7052 4048 5062 -10837 END
START -2364 1740 5568 3828 6511 -11054 END
START -2336 1408 5392 4307 9216 -9900 END
START -1848 1040 5180 5817 10170 -7853 END
START -1524 1964 6224 6516 11492 -6001 END
START -1928 3520 7292 7077 13386 -4184 END
START -2736 4940 7712 6402 15513 -3022 END
START -3428 5620 7992 5217 16815 -2145 END
START -4084 6776 9876 1891 17892 -4191 END
START -5720 4688 11000 1194 16522 -5080 END
START -5388 2964 13564 -2189 16227 -5444 END
START -7504 2420 15828 -1247 15894 -5621 END
START -10772 3644 19624 610 14770 -7509 END
START -6748 764 22236 1698 14654 -6440 END
START -8896 2460 26328 3140 12665 -4836 END
START -11080 2472 28996 -960 10700 -7822 END
START -11076 564 30644 -1376 9720 -9241 END
START -10904 -976 32192 -423 6954 -10683 END
START -10824 -1368 32767 -17 4084 -11935 END
START -10492 -1892 32767 1785 1114 -11091 END
START -9588 -644 32767 3137 -1177 -10734 END
START -10056 -88 32767 5048 -3300 -9902 END
START -9916 1220 31864 6414 -6575 -8953 END
START -10056 3108 30940 6304 -9089 -8282 END
START -9224 4800 30680 5283 -11822 -8168 END
START -8704 5684 29124 3878 -13517 -8722 END
START -7128 6236 27436 3066 -15264 -8374 END
START -6408 5900 25120 3436 -16005 -7374 END
START -6400 5944 22384 4014 -16116 -5217 END
START -6856 8096 22204 612 -18103 -6921 END
START -4992 6428 19076 2568 -18922 -4849 END
START -2864 6360 20168 758 -21644 -3738 END
START -368 4668 18856 1445 -20843 -1706 END
START -348 5420 18436 -767 -21398 -1312 END
START -548 5648 14932 -1817 -21548 -2549 END
START 1816 4208 14112 -1633 -21811 -3054 END
START 2240 2628 14052 -5169 -21617 -4649 END
START 3480 1468 10392 -2613 -19100 -3350 END
START 3972 2056 8668 -771 -15943 -2506 END
START 3900 2504 7056 2331 -13516 -2640 END
START 4140 4060 6612 5046 -10488 -1015 END
START 3776 5028 6396 6815 -7578 441 END
START 3500 5624 6796 7347 -4851 1667 END
START 2808 5892 6380 6297 -1446 2751 END
START 1968 6112 5520 5156 1466 3896 END
START 936 6048 4464 4015 3630 5490 END
START 316 6112 3236 3309 5094 7304 END
START -392 6556 2932 2577 5880 8713 END
START -800 7184 2852 1364 6566 9241 END
START 316 7888 3696 -179 10126 9975 END
START -1532 8412 3776 -2165 8892 8190 END
START -672 7816 3356 -3076 9940 8174 END
START -816 7836 3384 -4112 12088 8636 END
START -1072 8124 3452 -4585 14666 9866 END
START -1352 8292 3640 -5552 17597 11188 END
START -1568 7808 4192 -7133 20444 12652 END
START -1932 6424 5504 -9808 22524 14200 END
START -5856 5872 7692 -12655 25627 16715 END
START -4968 4772 10468 -18889 25508 16555 END
START -6472 672 13704 -16721 25375 19809 END
START -10104 -2416 16556 -21570 24348 16065 END
START -10356 -6352 20980 -23471 23837 7809 END
START -11652 -12556 25332 -22627 18460 3182 END
START -12648 -17700 27764 -26787 14262 343 END
START -8448 -23864 26796 -14330 9139 8250 END
START -8508 -22284 27752 -5095 9570 18827 END
START -10392 -19928 28376 -1280 10005 17275 END
START -9676 -14816 25444 4501 4733 17355 END
START -11716 -8808 25084 6242 5316 13393 END
START -13592 -4864 22424 7896 2581 9527 END
START -11828 -2936 20916 6602 -1379 4516 END
START -10436 -2492 21260 2576 -2705 -17 END
START -9436 -4052 21252 -1598 -2827 -1975 END
START -8760 -4980 18856 -4939 -260 -1920 END
START -7948 -5132 16636 -902 913 1220 END
START -7588 -3180 15884 1271 -803 2397 END
START -7396 -2532 16840 754 -1430 577 END