START 664 -7476 18000 222 -12572 -5206 END
START 1576 -7208 17936 585 -10659 -6766 END
START 1208 -6988 16528 1965 -9260 -7704 END
START 352 -8428 16396 2443 -8739 -8502 END
START -984 -9928 15848 1847 -8263 -9544 END
START -2156 -11068 13956 3717 -7967 -9903 END
START -2904 -10636 12056 7845 -7716 -10101 END
START -3120 -8304 10380 12365 -7489 -9866 END
START -2372 -4720 8720 15581 -7185 -9681 END
START -1048 -1632 7056 16733 -5510 -9222 END
START -148 960 6252 16304 -3678 -8689 END
START 300 2156 5824 14828 -2293 -8310 END
START 932 2540 5912 13429 -2195 -7675 END
START 1800 2460 7600 9389 1043 -9583 END
START 580 1408 5544 6479 2675 -10872 END
START 164 296 4228 5840 3190 -10402 END
START -524 400 4096 4934 4391 -9829 END
START -852 408 3628 4361 5658 -8529 END
START -868 1004 3668 4415 6816 -6514 END
START -1284 2088 4020 4088 8121 -5037 END
START -1744 3056 4268 3139 9619 -4411 END
START -1400 3204 4648 2091 11112 -4187 END
START -1548 3904 5440 530 12201 -3816 END
START -1876 4100 6464 -1458 13820 -4021 END
START -1984 3588 6936 -3047 16149 -4627 END
START -2192 3088 7620 -3061 17516 -4362 END
START -2544 2868 7756 -2774 18729 -4329 END
START -3332 2368 9360 -2118 19640 -4876 END
START -1956 1164 13000 -3312 19551 -5829 END
START -5868 2332 15572 -4984 19093 -6650 END
START -5308 -272 16452 -5459 18862 -7181 END
START -6164 -588 20092 -6079 19924 -4191 END
START -7704 -256 20124 -5948 19533 -4170 END
START -8252 -344 22200 -250 19367 -1156 END
START -8636 392 25220 651 16363 -2468 END
START -8260 576 27560 -813 16815 -3802 END
START -8396 -1060 29204 603 15700 -4137 END
START -9132 -1708 30040 600 13857 -4537 END
START -9276 -2028 30632 116 10950 -6302 END
START -9704 -2200 32600 2099 8204 -5841 END
START -10372 -1872 32767 3097 7899 -4400 END
START -11396 -1812 32767 2680 5902 -5438 END
START -11920 -1140 32767 3366 2071 -5482 END
START -11420 -308 32767 3867 -1754 -5634 END
START -10796 -196 32767 3332 -6357 -6402 END
START -10856 -100 31572 2704 -9343 -7891 END
START -10560 -320 31268 3764 -12888 -8091 END
START -10000 -320 30164 4547 -15249 -8959 END
START -8512 -220 29084 6122 -17934 -8399 END
START -7524 1160 27064 8158 -19197 -6870 END
START -7324 4208 24280 6516 -20989 -7521 END
START -6036 4020 21536 10278 -22756 -4961 END
START -5432 5972 20312 10071 -23539 -4173 END
START -3652 4496 19380 6324 -22738 -4325 END
START -1804 4460 18660 7869 -22332 -2395 END
START -2044 6112 15144 6810 -21503 -2178 END
START -368 6796 12736 5554 -20423 -1928 END
START 184 7956 10524 5559 -18857 -1328 END
START 164 8544 8988 5626 -16255 256 END
START 1612 8136 9508 2013 -17085 -1966 END
START 780 7100 8676 -1017 -16637 -3248 END
START 2256 5756 8600 -2081 -14075 -2398 END
START 2104 4636 7376 -1391 -10891 -596 END
START 2248 4344 6044 -100 -8015 650 END
START 2232 4704 5064 1671 -5099 2172 END
START 1684 5624 4272 2493 -2059 3518 END
START 1636 6088 3068 2485 238 4843 END
START 1572 6436 2200 1707 1671 6109 END
START 1196 6752 1940 211 2897 7354 END
START 624 6884 1936 -1603 4054 8499 END
START -72 6780 2136 -3631 5188 9025 END
START -632 6972 2288 -5042 6442 9607 END
START -912 6860 2468 -6738 8276 9913 END
START -1180 6524 2236 -7699 10535 10393 END
START -1536 6204 2008 -8359 13026 11244 END
START -1956 5840 1592 -8902 15372 12487 END
START -1968 5860 1192 -9594 17485 13813 END
START -1872 5428 1472 -10615 19409 15085 END
START -1704 4712 2696 -11783 21047 16659 END
START -1424 3908 4952 -13444 22488 18396 END
START -2372 2072 8084 -16876 23578 18626 END
START -3500 -1820 12692 -21681 25715 16416 END
START -6200 -7448 17288 -17914 26732 17949 END
START -10532 -11880 23036 -21361 29241 12724 END
START -11492 -18140 22780 -18769 27284 8812 END
START -12964 -19896 27568 -10166 21902 10763 END
START -11112 -21976 28972 4728 19934 17898 END
START -18304 -15800 31840 5076 16989 15580 END
START -16576 -11724 29188 8430 11992 15469 END
START -15764 -9948 26296 9055 8656 14945 END
START -15768 -5820 25844 6856 5119 14981 END
START -13464 -4880 23900 2702 2228 11435 END
START -12824 -3352 20800 3074 5290 10697 END
START -11972 476 21504 2199 4115 8967 END
START -12456 -212 20744 -3074 4457 3278 END