START 1316 -1420 11900 -206 -4137 2554 END
START 1192 -2508 11144 376 -2426 3286 END
START 1008 -3048 10552 343 -1397 4008 END
START 968 -3444 9980 195 -1 4193 END
START -236 -3552 9004 -291 656 3861 END
START -784 -3932 8584 -651 1273 3389 END
START -2968 -1980 6928 -1170 -149 1839 END
START -908 -4072 8224 -1320 2265 1423 END
START -1040 -3420 7712 -500 2388 802 END
START -336 -4520 9200 -860 3400 446 END
START -448 -4548 8036 -2115 5675 -406 END
START -780 -4628 7608 -1719 6107 -637 END
START -652 -5064 7656 -1899 6606 -979 END
START -1072 -5432 7708 -2669 8079 -1743 END
START -1524 -5860 6948 -3033 9222 -2151 END
START -1596 -5876 6112 -2768 10059 -2657 END
START -1704 -5944 5720 -2668 11563 -4312 END
START -1960 -6332 6908 -2110 13304 -4955 END
START -2768 -6560 7364 -1681 15242 -5313 END
START -3536 -5832 7612 -910 16613 -5574 END
START -4848 -5448 10008 -1806 18428 -8235 END
START -4956 -7400 10124 1865 19431 -7244 END
START -5596 -7396 10624 1831 20961 -8659 END
START -6540 -6476 12304 2780 20242 -10213 END
START -6012 -5656 14416 4139 19007 -10993 END
START -5136 -5092 17788 5727 18822 -11467 END
START -4356 -2336 21084 7212 19478 -11664 END
START -4572 1796 23664 10557 18386 -11234 END
START -3216 5592 28828 11873 18043 -11656 END
START -4008 8164 30480 13414 18134 -11813 END
START -8228 10960 32767 11202 15529 -8760 END
START -10196 12892 32767 8238 12957 -8120 END
START -11172 14072 32767 4605 6810 -7868 END
START -11716 15324 32767 1735 658 -7793 END
START -9672 14080 32767 -232 -4426 -9159 END
START -9836 12060 32767 -1862 -7888 -10464 END
START -9856 9292 32767 -2348 -11142 -10395 END
START -9248 6652 32767 -987 -14553 -8779 END
START -8528 5492 32767 817 -17059 -6396 END
START -6384 5940 30368 4203 -20084 -4147 END
START -5928 6448 28828 2826 -23207 -5280 END
START -4456 5368 28116 2856 -24947 -5869 END
START -3756 4112 24624 1494 -26519 -6329 END
START -2780 2920 20556 1400 -28396 -7453 END
START -2496 3984 17360 2157 -29224 -7981 END
START 996 3704 14260 1372 -31444 -11821 END
START 288 5212 12468 2290 -31545 -15919 END
START 1120 7808 9296 -1409 -32768 -24733 END
START 88 11872 6276 -3249 -32768 -32768 END
START 23892 -20616 22508 -6826 -22655 -24950 END
START 10596 -3304 6780 13129 -7631 3248 END
START 9400 -6444 6756 23194 -1723 19880 END
START 7512 2748 2536 13836 9417 17340 END
START 2520 8292 1336 16688 9779 14854 END
START 6308 6972 -328 14568 5763 17151 END
START 1928 11428 2176 8429 4722 17416 END
START 760 10448 548 6507 1246 12026 END
START 2020 10024 1352 -583 412 3540 END
START 2064 8892 -456 -3225 -575 -3114 END
START 2576 5964 1428 -5471 481 -2732 END
START 3656 4460 1376 -5317 1439 933 END
START 3004 4872 2296 -4576 4680 4484 END
START 2084 5716 2164 -3715 8841 7292 END
START 2112 6644 1740 -2153 12114 10450 END
START 1580 8544 1660 -1462 15391 11656 END
START 1832 9336 1540 -2097 18798 12457 END
START -560 10008 1580 -3395 22555 13664 END
START 1064 10296 996 -5047 24413 15278 END
START -20 10716 2204 -6989 25103 16015 END
START 1928 10920 3768 -10710 27252 15609 END
START -1844 9568 5956 -12929 29955 15137 END
START -3016 6452 10716 -14412 30010 15526 END
START -5744 3480 12852 -19641 29751 10705 END
START -9820 -2720 17816 -18586 26839 7637 END
START -9820 -9816 22524 -18567 22256 5546 END
START -12548 -14764 26500 -18220 19688 3861 END
START -13164 -15656 30444 -15185 18953 3156 END
START -11008 -17084 29820 -6757 12953 9157 END
START -8144 -14756 31168 6176 10406 15396 END
START -10984 -13040 32767 1837 11661 11606 END
START -12312 -8792 32767 4735 10001 10403 END
START -13104 -5836 32767 2153 5497 3052 END
START -11164 -6844 29228 -170 4139 -1681 END
START -10228 -6528 25676 3499 507 255 END
START -8460 -4832 24820 4857 -601 938 END
START -7660 -2656 22700 5616 -1331 1268 END
START -5936 344 22480 5779 -1026 1079 END
START -7232 1356 21808 5245 -1204 1812 END
START -6928 2488 18744 2237 302 1596 END
START -4872 4624 19392 1490 1060 -211 END
START -6080 2792 18792 205 655 -776 END
START -6100 1636 18616 -1106 -372 -1273 END