START 2448 -6828 11120 -636 -4433 -7040 END
START 2180 -6592 10200 -646 -1916 -6925 END
START 208 -6248 8756 -112 -642 -6472 END
START -988 -7020 7984 -429 -454 -6205 END
START -1744 -6972 7968 594 -812 -5324 END
START -2128 -6320 8232 1590 -38 -4483 END
START -2556 -5760 7116 2074 1268 -4072 END
START -2424 -5180 5928 3062 2486 -3946 END
START -2144 -4200 5020 4280 3621 -3952 END
START -1604 -3364 4476 4660 5029 -4046 END
START -1240 -2756 4152 4426 6594 -4326 END
START -928 -2628 3636 3614 8330 -4441 END
START -688 -2576 3552 2659 9906 -4124 END
START -968 -2472 3416 2024 11372 -3172 END
START -1016 -2152 3124 1304 13087 -2042 END
START -1352 -1584 3140 375 14774 -1036 END
START -1872 -764 2712 -563 16212 -491 END
START -1940 156 2648 -1150 18052 -661 END
START -2444 532 3432 -1285 19194 -1088 END
START -2964 396 5364 -1822 20511 -1574 END
START -2572 -412 8040 -5251 22137 -3021 END
START -3252 -2896 11304 -3253 22346 -142 END
START -4124 -3376 14824 -4210 21151 1089 END
START -5488 -4028 20200 -2948 19126 969 END
START -8596 -4972 28000 -2949 16976 1191 END
START -12068 -7212 32767 -6636 16065 -1965 END
START -14612 -9164 32767 -7019 9977 -5820 END
START -14144 -15192 32767 -5019 6182 -9809 END
START -11928 -19076 32767 2624 2203 -7294 END
START -9176 -17972 32767 7917 1603 -3531 END
START -11916 -12952 32767 13788 -317 -1808 END
START -11760 -9700 32767 14139 -3706 -3623 END
START -11556 -7408 32767 13957 -6585 -3632 END
START -10568 -5104 28632 14473 -9833 -4139 END
START -8160 -3980 24948 14294 -12592 -4783 END
START -5456 -3352 23240 13482 -14982 -6360 END
START -3716 -3072 22524 12633 -15741 -6657 END
START -1808 -3320 18692 11197 -16449 -7824 END
START -976 -1672 16492 11569 -16283 -8634 END
START -64 -176 13380 12361 -14873 -9006 END
START 616 1968 10016 12430 -13489 -9805 END
START 1532 3676 7564 12805 -12243 -9058 END
START 1976 5400 6152 12627 -11288 -8064 END
START 2272 6648 5836 11179 -9764 -7394 END
START 4416 6192 5884 6960 -6438 -7414 END
START 3020 7272 4944 5950 -5365 -6125 END
START 3796 6980 4768 3487 -3858 -6046 END
START 3548 6824 4464 34 -925 -6784 END
START 3232 5700 3256 -642 939 -5322 END
START 3500 5108 3000 -310 3330 -2453 END
START 2848 5252 3416 -586 6305 19 END
START 1808 5980 3344 -936 8968 1792 END
START 752 7116 3352 -945 11392 3328 END
START 56 8024 3496 -1226 13227 4225 END
START -556 8332 4076 -3025 14609 4201 END
START -1520 8548 4688 -6175 15439 4008 END
START -2680 7936 5352 -9259 16019 4369 END
START -3136 6952 6304 -11947 16417 5188 END
START -4940 6232 6684 -13935 14780 4785 END
START -4048 3792 9632 -12541 17539 9900 END
START -5180 2872 11948 -13880 18051 10157 END
START -6888 464 15088 -13390 17530 9081 END
START -8628 -2320 18700 -11806 17047 10237 END
START -8304 -3252 20552 -11196 15964 8776 END
START -8528 -4332 23420 -7891 14196 5446 END
START -9692 -3216 20768 -6950 12271 4398 END
START -4212 -3580 25424 -5290 10407 8921 END
START -5244 -7916 27532 -422 6359 12333 END
START -5444 -6992 30428 654 8668 15988 END
START -7508 -6316 30624 7 9655 14824 END
START -10504 -5000 29104 1608 8125 12193 END
START -8436 -3988 27640 5435 5531 11342 END
START -7980 -2132 28056 6386 3273 9953 END
START -8044 696 26336 7212 2316 9278 END
START -10260 2776 24372 7989 -169 8842 END
START -9996 2928 22928 5545 1633 8423 END
START -11768 2272 22008 1217 704 8079 END
START -11932 -128 19568 -2025 -245 8729 END
START -11800 -2188 17552 -3573 -1117 9742 END
START -11336 -4452 15064 -4377 -1655 10166 END
START -9136 -6416 13240 -4180 571 10860 END
START -10052 -7376 13800 -3236 -2453 7095 END
START -9736 -8460 14108 -3562 -2789 4431 END
START -10268 -8892 13924 -2666 -2036 3865 END
START -10204 -9120 14048 -1071 -607 4421 END
START -8576 -8108 14232 -1360 -1301 2439 END
START -8604 -6548 15856 -585 153 666 END
START -9824 -5808 17076 -1509 -88 -832 END
START -10656 -6108 17328 -1947 -153 -1631 END