START 2168 -2280 16340 -3596 -8158 -3545 END
START 2104 -3180 15992 -3525 -7065 -3833 END
START 1844 -3748 15008 -3669 -6327 -3740 END
START 1916 -4888 13548 -4037 -5835 -3906 END
START 2476 -5600 13060 -3499 -5053 -2686 END
START 2748 -5972 12732 -2919 -3977 -1738 END
START 2592 -5856 12216 -2663 -2790 -1926 END
START 2512 -5720 11912 -2621 -1294 -2517 END
START 2208 -5604 11060 -1340 -324 -2967 END
START 2076 -5092 11140 -981 880 -3976 END
START 1828 -4980 10976 -1140 2411 -5113 END
START 1644 -5380 10152 -1163 4155 -6168 END
START 1228 -6284 9304 -1407 5751 -6588 END
START 1364 -6872 8164 -501 6860 -5694 END
START 1464 -6868 8092 1362 8231 -4562 END
START 1424 -6312 8064 3722 10084 -3286 END
START 928 -4316 9024 5864 12201 -1661 END
START 560 -2256 9508 6116 14800 -833 END
START 588 -772 10100 5950 17768 -1415 END
START 476 656 10096 5001 21064 -2560 END
START 780 1112 9348 5692 24531 -4199 END
START -688 1136 7028 4241 28664 -6613 END
START -1516 1840 9696 -1461 30935 -10552 END
START -1340 960 10524 -12381 32767 -12263 END
START -5212 -1152 6968 -17177 32767 -14476 END
START -5968 -5152 7612 -19588 32767 -15606 END
START -8696 -4356 9952 -17718 32767 -12472 END
START -8384 -7516 14044 -15179 28024 -10214 END
START -12072 -8340 15672 -18489 20334 -12845 END
START -8272 -15408 16616 -16570 16069 -10547 END
START -11052 -16404 20092 -9035 14519 -3666 END
START -12808 -14592 19120 -3578 12664 1363 END
START -14384 -16300 19388 2280 8327 3353 END
START -15632 -13216 22336 5763 4393 3430 END
START -15400 -13816 21620 5163 1228 629 END
START -15024 -12208 22168 7360 -3084 -315 END
START -14380 -11420 21140 7127 -6015 -3094 END
START -13220 -11260 19660 8983 -10157 -3666 END
START -11668 -10192 18524 11320 -13472 -3603 END
START -9836 -9352 18132 14272 -16791 -3011 END
START -8256 -8876 17500 16262 -19586 -3124 END
START -6360 -7580 17172 20529 -22026 -1439 END
START -5992 -6748 17236 19907 -23686 -2784 END
START -4452 -6492 16216 20374 -24543 -3218 END
START -3100 -6068 16236 21297 -25817 -4580 END
START -1680 -5576 15868 22352 -24946 -4838 END
START -748 -3432 15060 25007 -23078 -3150 END
START -896 -2228 13676 26724 -22358 -1106 END
START -2176 -576 13692 26424 -20252 288 END
START -344 628 12328 26004 -20613 -504 END
START 408 2448 12480 25493 -20246 -2303 END
START 64 4732 12556 24030 -17789 -4739 END
START 2920 5220 14096 19913 -18451 -6459 END
START 3556 6244 14168 15393 -16560 -7746 END
START 5280 6164 12932 13059 -13923 -6747 END
START 6648 6228 11988 14106 -10529 -4256 END
START 6728 6956 12140 13265 -5769 -2485 END
START 6908 8020 11400 11991 -1736 -948 END
START 6144 9364 9772 10330 1985 -208 END
START 5988 10280 9188 9791 4125 79 END
START 5684 10524 8564 8593 6851 -177 END
START 5216 10104 7492 6871 8928 1034 END
START 4084 10860 7292 5638 10562 3265 END
START 2708 12036 7196 3343 12586 4512 END
START 1160 12516 7020 767 13941 5075 END
START 336 12628 7084 -1424 14403 4778 END
START -1596 12256 8804 -3455 17435 4424 END
START -1136 11840 8004 -6886 17397 2209 END
START 0 11004 9072 -8547 19570 2224 END
START 248 10428 10720 -8616 21090 2532 END
START 908 9504 12884 -12725 24664 1726 END
START -528 8208 12152 -16078 26545 853 END
START -1784 6088 10636 -22272 32767 4314 END
START -1608 5344 14008 -25553 32767 8769 END
START -2688 6304 13940 -32768 32767 9914 END
START -5460 -152 10772 -32768 32767 11601 END
START -8504 -4392 10796 -32768 32767 10574 END
START -14636 -4996 10224 -32768 32767 9082 END
START -16608 -8428 9396 -19277 32767 14263 END
START -22568 -8672 11844 -10439 32767 14775 END
START -24272 -8992 14624 -7846 22060 11320 END
START -22524 -10652 14784 -6855 11497 7656 END
START -22780 -6700 16980 -5279 6756 6293 END
START -21280 -5952 17960 -7280 3760 3057 END