START 316 -7284 14108 588 -8426 1122 END
START 52 -7972 15540 632 -9178 220 END
START 676 -9488 15644 -954 -8682 -1638 END
START 676 -10288 14300 -933 -7902 -3424 END
START 520 -10892 12228 1283 -6443 -4121 END
START 472 -10064 10664 4963 -5360 -3770 END
START 472 -8612 9472 7385 -4035 -3123 END
START 628 -6840 8428 9177 -2413 -2337 END
START 660 -5056 6932 9985 -764 -742 END
START 380 -3304 6400 10170 284 615 END
START 20 -2056 6520 8774 1387 831 END
START -84 -1276 6472 6496 3068 558 END
START -612 -872 6120 4095 3946 51 END
START 76 -1012 6240 2315 4832 -255 END
START 276 -1104 6076 -467 7159 -1110 END
START 504 -1380 5160 -1508 8874 -933 END
START 604 -1440 5576 -3043 10747 -1265 END
START 540 -1728 6096 -4954 12753 -2125 END
START 864 -2464 6788 -6550 15136 -2368 END
START 184 -2800 8000 -7680 17264 -1869 END
START 600 -3344 9208 -9941 19767 -2799 END
START -1652 -4344 10232 -13713 21675 -3581 END
START -2744 -6344 10308 -17320 24764 -2550 END
START -4460 -9608 12504 -19372 27316 -4362 END
START -8616 -12332 14348 -16241 23420 -4119 END
START -10444 -13888 18904 -4596 15350 -64 END
START -12768 -12888 24264 -425 8122 -1716 END
START -12516 -12588 28556 224 5192 -3487 END
START -14840 -10700 32767 -4291 743 -8521 END
START -9924 -13792 32767 3413 2101 -8836 END
START -9480 -13832 32767 6569 -84 -7457 END
START -8576 -12812 31768 6153 239 -8005 END
START -9068 -11112 29628 9658 -3805 -6135 END
START -8484 -9860 27684 13045 -6946 -5393 END
START -6764 -8760 25040 15115 -11477 -4638 END
START -5944 -7568 24596 17256 -14120 -4610 END
START -4340 -4708 21760 16043 -15121 -7187 END
START -2300 -3412 19572 17499 -17522 -7285 END
START -1284 -732 18056 18050 -18028 -7880 END
START -1084 1024 16388 18107 -18146 -8893 END
START 128 1704 15100 15157 -18629 -11534 END
START 1508 1964 13636 12238 -17812 -12183 END
START 2796 2648 11728 10346 -18292 -12582 END
START 3860 2824 8976 10737 -17596 -11655 END
START 5164 3496 8608 12596 -16005 -9404 END
START 6304 4804 8608 12265 -12882 -8131 END
START 6116 5640 6836 13070 -10210 -5979 END
START 6720 6608 6832 11977 -6867 -4794 END
START 6328 7316 5284 11519 -3504 -3132 END
START 6296 7940 4792 11513 -1012 -1014 END
START 6564 9068 4836 10228 1894 440 END
START 5500 9512 4868 8524 4283 1436 END
START 5272 9836 5156 6621 6559 2891 END
START 5156 10416 5572 3271 9787 4332 END
START 3872 10248 5572 147 13242 5291 END
START 3388 10444 5372 -3002 15312 5841 END
START 2404 9972 3552 -5621 17099 7462 END
START 240 10552 3756 -6957 19287 9430 END
START 936 10728 3476 -9975 21833 10869 END
START -848 10960 3320 -11345 24109 13007 END
START -1280 10452 5508 -12961 26231 13958 END
START -1644 8916 7864 -15457 29165 13248 END
START -2732 4508 10480 -18675 31534 13555 END
START -9700 -2396 14372 -22233 32561 11536 END
START -12948 -6852 18632 -27123 31208 8599 END
START -16616 -12716 21328 -22873 27273 5668 END
START -20064 -15812 23800 -14546 17958 5869 END
START -17120 -18412 29608 -9102 8977 6764 END
START -15840 -17372 31952 -6791 4602 5385 END
START -12832 -21248 31352 682 3408 7380 END
START -11272 -17256 32767 9155 1348 12448 END
START -9548 -11668 32576 10115 367 9423 END
START -10916 -8344 28868 7710 -319 6214 END
START -8236 -3560 26148 7250 -1000 5720 END
START -9964 -1936 24544 4353 -1008 5309 END
START -9304 -2760 23488 5068 -2353 4573 END