START -416 -3424 14232 -8443 -8700 -1572 END
START -16 -4016 13016 -6812 -7973 -846 END
START 84 -4016 12772 -4688 -6214 -278 END
START -216 -4588 11300 -3938 -3625 -905 END
START -684 -5024 9944 -3746 -2228 -1438 END
START -1308 -5420 8548 -2902 -2529 -539 END
START -1648 -5916 7840 -3185 -2273 -53 END
START -1444 -6624 7436 -2973 -1821 481 END
START -1244 -6536 6672 -2409 -795 1004 END
START -1712 -5696 6188 -1511 302 994 END
START -1900 -4920 4832 -980 1406 -72 END
START -1792 -4412 4152 46 3222 -690 END
START -2104 -3908 3360 496 5319 -587 END
START -2360 -3576 2836 435 7172 -365 END
START -2548 -3288 2664 -363 8574 169 END
START -2824 -3120 2632 -1352 9591 867 END
START -2740 -3588 3108 -2730 10471 1001 END
START -1620 -4588 3636 -4643 12309 393 END
START -2412 -5280 4408 -7081 12451 -1161 END
START -2268 -6116 5956 -6870 14310 -1357 END
START -2876 -7176 7332 -6145 15469 -1431 END
START -4228 -8188 9624 -5772 15995 -2330 END
START -3700 -8940 13400 -3811 15288 -2912 END
START -4924 -11120 18900 -104 13507 -988 END
START -5564 -11292 25604 -818 12035 -447 END
START -6520 -11596 30624 232 8749 -154 END
START -5672 -12536 32767 1000 5974 790 END
START -7248 -11368 32767 4950 3782 -3523 END
START -6008 -12700 32767 5393 659 -4792 END
START -7200 -9712 32767 6897 -1145 -6410 END
START -6484 -9504 32767 7444 -5625 -8073 END
START -4272 -9592 32767 7939 -8281 -9073 END
START -2432 -8648 31728 10115 -9930 -8595 END
START -2044 -6524 30268 12737 -12761 -7393 END
START -876 -4676 27180 11232 -14036 -9336 END
START -292 -3308 24028 9079 -15682 -12175 END
START 2096 -2936 22196 7318 -13811 -12613 END
START 4336 -5680 16904 13387 -15206 -10894 END
START 4212 -1088 18040 10412 -15006 -10577 END
START 5052 -1144 12420 11066 -13427 -10950 END
START 5176 804 11176 15182 -13389 -6885 END
START 5108 2616 10680 13292 -12640 -6384 END
START 5100 4004 9060 12841 -12721 -4509 END
START 4244 5936 8964 6018 -11513 -8174 END
START 4736 5652 6400 3380 -11088 -11124 END
START 4836 5272 5312 2777 -9430 -11817 END
START 6480 4700 3804 3705 -8141 -10939 END
START 6912 5100 3656 3758 -5579 -10515 END
START 7148 5428 3268 3782 -2449 -9663 END
START 7144 5316 2936 3357 725 -8024 END
START 6852 5352 3088 2940 3814 -6090 END
START 6576 5276 3140 2176 6787 -3763 END
START 6124 5220 3352 1007 9740 -1212 END
START 4840 5512 3708 -652 12866 1591 END
START 3680 5956 3744 -1712 15711 4159 END
START 2464 6432 4152 -2933 17686 5875 END
START 2072 7120 5264 -4336 20169 5815 END
START 76 6400 5808 -5473 21243 5673 END
START -876 5820 6584 -5918 21987 6009 END
START -2000 5456 7976 -6177 22451 5444 END
START -2648 3960 9152 -7964 23099 4795 END
START -4148 2960 11184 -9533 20701 3017 END
START -3572 1460 12568 -9384 21797 6604 END
START -3896 1292 13900 -9552 20662 6919 END
START -3544 -1308 20732 -7673 19197 10925 END
START -5556 -1852 22536 -8249 21851 10984 END
START -6524 -2904 21976 -3860 18696 11833 END
START -5432 -2492 24408 -2140 15452 11059 END
START -3992 -396 27392 1959 14686 11679 END
START -2960 2192 27924 6331 16047 13956 END
START -3716 4284 26484 4393 14311 14094 END
START -4100 7324 26780 5960 13579 15073 END
START -6328 8676 25404 4089 9867 14945 END
START -6120 8940 25416 269 7477 14663 END
START -6212 8144 25876 -3212 6159 13729 END
START -7216 5964 24812 -6089 4932 12576 END
START -7932 3600 25120 -7716 3082 11160 END
START -9420 396 24588 -10122 1972 8327 END
START -10588 -3104 22808 -9528 741 7144 END
START -11392 -6172 21600 -8274 -929 5972 END
START -9776 -7552 20900 -7678 4205 6450 END
START -11348 -9280 17176 -3658 2165 8268 END
START -10840 -7836 17788 -4127 4600 8778 END
START -11096 -8588 14508 -5560 6581 5096 END
START -12536 -9296 13288 -4511 4773 4316 END