START 3676 -3184 19016 -926 -2704 412 END
START 4864 -3420 18016 184 -2647 861 END
START 4616 -2736 18424 -191 -2241 776 END
START 4528 -2684 18128 -71 -2144 621 END
START 3864 -2784 17960 -433 -2064 792 END
START 3372 -3220 17808 -1328 -1796 501 END
START 3008 -3640 17132 -2152 -1260 -101 END
START 2164 -3932 15776 -2055 -620 -742 END
START 2076 -4368 14360 -782 -306 -567 END
START 2160 -4468 13512 227 -59 -270 END
START 2420 -4380 12656 465 792 -209 END
START 2468 -4036 11736 687 1329 116 END
START 2688 -4072 11384 995 1958 496 END
START 2504 -4012 11380 324 2939 556 END
START 2676 -4712 10136 208 5731 1699 END
START 1488 -4112 10484 -1451 4746 -32 END
START 1220 -4232 9620 -1112 5730 -472 END
START 1112 -4444 9652 -1087 8210 -223 END
START 380 -4768 8920 -1794 8078 -1659 END
START -124 -5284 8648 -1707 9616 -2077 END
START -484 -5488 9452 -1851 11749 -2365 END
START -1324 -4572 9448 -1730 12900 -2843 END
START -816 -4892 10156 -772 15215 -1367 END
START -1132 -3880 11360 -1267 16837 -49 END
START -916 -3748 12424 -1911 18014 61 END
START -468 -4220 13236 -3709 19303 196 END
START -1780 -3380 14988 -4506 20603 504 END
START -2204 -4184 16548 -5305 21121 896 END
START -3736 -5120 19672 -5044 19786 1601 END
START -5228 -4936 23160 -5689 12802 -1179 END
START -5352 -6740 26944 -4158 12193 -555 END
START -6564 -6984 29200 -3146 7993 -2250 END
START -10444 -6752 32172 -4102 5070 -5150 END
START -4820 -9280 32767 -3082 519 -8692 END
START -6396 -9388 32767 784 -3487 -8822 END
START -4692 -9228 32767 4042 -5364 -9557 END
START -5332 -7620 29828 6400 -7938 -8666 END
START -4060 -6800 27472 7956 -11127 -7415 END
START -3032 -5568 25444 8108 -13456 -7472 END
START -2208 -4712 22468 9689 -14453 -7293 END
START -2868 -3568 20080 12463 -17342 -6060 END
START 996 -3640 17968 12372 -19511 -7615 END
START 1320 -2664 17152 11287 -21278 -9428 END
START 2536 -2868 17192 9481 -20794 -11305 END
START 4748 -3376 15008 8070 -18774 -11106 END
START 2828 -1760 11016 10334 -18204 -10162 END
START 5204 -1596 9764 12175 -16702 -9267 END
START 5092 348 9032 13896 -14260 -9783 END
START 5148 1488 7128 15406 -12245 -8724 END
START 5292 3168 7504 17955 -12357 -6817 END
START 6440 4108 8468 17274 -10955 -7063 END
START 7528 4624 9652 13683 -8344 -7486 END
START 8280 4632 9624 11260 -5207 -6944 END
START 8092 4732 8592 8928 -1032 -5667 END
START 7712 4576 6964 7698 3571 -4846 END
START 7228 4956 6344 7482 7137 -3262 END
START 6456 5300 5148 7156 10399 -962 END
START 5280 6360 4476 6192 13958 1052 END
START 3636 7260 3084 4641 16557 3435 END
START 1780 8268 2236 3838 19221 4975 END
START 1768 9744 1256 274 22372 5179 END
START -1164 9924 440 -538 23097 5785 END
START -1924 11224 1136 -2008 23269 6037 END
START -3548 11612 1316 -5077 23713 6523 END
START -3004 11472 1776 -8164 26101 7670 END
START -3372 12168 3220 -12666 27925 8017 END
START -4284 11712 3916 -15561 29724 10906 END
START -5804 10704 5540 -18029 30844 15211 END
START -7484 9332 8856 -22658 32661 17536 END
START -9772 5100 12844 -22301 32767 22150 END
START -12040 744 15916 -29318 32767 20333 END
START -18816 -4280 20496 -32768 32704 12929 END
START -17508 -12004 23088 -27730 25872 9783 END
START -18392 -16676 27392 -23127 19351 7167 END
START -13660 -21276 30116 -8517 17192 13168 END
START -13296 -22512 32767 1575 14984 15910 END
START -13820 -21196 32767 4051 12492 10281 END
START -17112 -17852 31560 5034 7548 9547 END
START -13712 -13588 30996 5738 6424 7785 END
START -12872 -10620 25460 9664 3290 10413 END
START -12936 -4172 22200 9102 2403 9164 END
START -11644 -3260 20872 4675 294 4051 END