START 3632 -4412 9280 1044 1612 -2274 END
START 4740 -3960 10612 2740 2451 -1892 END
START 4492 -4228 10172 1753 4734 -2578 END
START 3616 -4032 10276 2044 5811 -2307 END
START 2988 -4048 10960 1419 6996 -2185 END
START 1808 -3908 11572 735 7943 -2142 END
START 404 -3992 11272 -400 8969 -2805 END
START -936 -4544 10904 -279 9935 -2847 END
START -2132 -4880 10212 -85 10656 -3656 END
START -2488 -5016 8996 935 10915 -3778 END
START -2144 -4584 9000 1954 11184 -3339 END
START -2428 -3240 9104 2394 12507 -2839 END
START -3496 -2668 8756 2509 14363 -2364 END
START -2892 -612 9304 1988 14792 -1055 END
START -2424 292 10200 -609 16236 -1853 END
START -2796 -1208 11520 1040 16229 395 END
START -3780 -1396 12680 -1615 17127 -147 END
START -3908 -1700 13820 -3060 16907 -1437 END
START -2448 -1288 17116 -1529 16580 -775 END
START -3852 -992 20944 721 16103 -632 END
START -3980 -392 24172 1019 15922 -1009 END
START -5772 288 28624 186 15411 -1551 END
START -8072 -448 31716 -2750 15031 -2634 END
START -8332 -1308 32767 -5707 11757 -3950 END
START -11700 -6104 32767 -5834 9458 -3443 END
START -12176 -6872 32767 -2012 5666 -734 END
START -13552 -6000 32767 776 1477 -1815 END
START -12712 -5912 32767 1728 -2802 -4117 END
START -11180 -6776 32767 1849 -5673 -5056 END
START -10052 -6732 31460 2084 -7642 -5574 END
START -8192 -7052 28592 3262 -9402 -5929 END
START -7076 -7108 25960 4370 -10591 -5967 END
START -5740 -7236 24660 5625 -12009 -6260 END
START -4612 -7092 23144 6755 -12354 -6525 END
START -4020 -6108 21464 8409 -12854 -6735 END
START -3396 -5024 18912 8936 -12811 -7673 END
START -2784 -3740 16616 9505 -12809 -8067 END
START -2672 -1452 14784 9143 -13889 -8153 END
START -1420 -1392 13992 8203 -13957 -8177 END
START -492 -436 13372 8021 -13931 -7407 END
START -196 592 13152 6507 -13703 -7886 END
START 2660 -148 11712 6682 -11173 -6394 END
START 200 2652 9664 6734 -11206 -6723 END
START 1140 3212 8252 6978 -9523 -6908 END
START 900 4084 8304 6597 -8772 -6763 END
START 1440 4448 8476 6233 -7733 -6687 END
START 2068 4300 8628 4289 -6210 -6498 END
START 2144 4240 8100 3168 -4522 -5811 END
START 2264 3940 7556 3103 -2639 -5084 END
START 2600 3712 6728 3059 -589 -4346 END
START 2804 3668 6204 3421 1386 -3311 END
START 2908 4148 5532 3551 3187 -2382 END
START 2908 4828 5384 3345 5030 -1484 END
START 2908 4964 5376 2682 6874 -673 END
START 2436 5280 5076 1711 8662 684 END
START 1660 6040 5004 660 10315 2697 END
START 708 6708 5264 -944 12065 4656 END
START -364 7708 5128 -2317 13700 6378 END
START -1048 8084 5160 -3980 15582 7830 END
START -1512 8576 5160 -5966 17764 8853 END
START -1632 8048 5372 -7911 19779 9771 END
START -1944 6820 6760 -10112 21177 10580 END
START -2652 4880 9240 -11943 22626 11777 END
START -5296 3996 11784 -14092 23039 12151 END
START -5808 320 15996 -13738 23943 12860 END
START -9896 -1828 17728 -14360 24745 10799 END
START -12364 -3620 18696 -10943 21850 8608 END
START -13996 -5856 23152 -8676 16369 6273 END
START -13480 -9176 28056 -9268 9827 3031 END
START -14716 -10228 31388 -11058 5658 187 END
START -8700 -12172 29880 -5501 4356 2697 END
START -8552 -9440 30676 1690 3793 6140 END
START -3104 -6592 27684 5504 2559 6262 END
START -1828 -3768 27004 12201 1891 10349 END
START -2432 3452 25728 12273 3126 10332 END
START -4232 8336 23036 9886 5442 9535 END
START -5868 11240 20804 9368 5276 11390 END
START -7512 12764 19252 2930 5922 10986 END
START -8908 11248 18316 -1916 4119 9802 END
START -8160 7744 18608 -6045 1501 9343 END
START -8504 3868 17980 -10764 1680 8300 END
START -8968 1976 14336 -12833 1653 7644 END
START -8764 -1944 14796 -10146 836 9815 END
START -8780 -4672 15700 -7303 1775 10101 END
START -10192 -7668 14760 -6245 1425 8259 END
START -10824 -9100 16004 -5306 540 6886 END
START -11484 -10932 15308 -5057 -674 5040 END
START -11548 -11260 15228 -3233 -300 4217 END
START -11756 -10980 14776 -2028 -1576 2759 END
START -10548 -11316 13948 -368 -2140 1913 END
START -9072 -10492 13960 1479 -2198 1974 END
START -8440 -8908 14584 2923 -1656 2566 END
START -8788 -7616 15864 2989 -989 2551 END
START -9280 -6100 16452 1245 -176 1553 END
START -10044 -4164 17068 -1865 1552 -158 END
START -10684 -2328 17136 -1100 3194 -1158 END
START -10148 -3248 17340 993 650 401 END