START 1184 -3136 7708 2413 -2217 -3300 END
START 1076 -2332 6808 2832 -739 -4588 END
START 1404 -2148 6632 3342 174 -5179 END
START 2084 -2344 6308 2374 1711 -5752 END
START 2560 -2324 6040 1107 3529 -6345 END
START 2356 -2924 5364 -133 5415 -6401 END
START 2028 -3668 4728 43 7121 -5464 END
START 1608 -3828 4464 562 8656 -4150 END
START 928 -3584 4580 892 10059 -2992 END
START 256 -3400 4880 1284 11124 -2078 END
START -136 -2628 5312 724 12350 -1649 END
START -388 -2064 5760 326 13354 -1695 END
START -852 -1572 6800 -195 14125 -2368 END
START -880 -1720 7812 -1666 15266 -3452 END
START -1420 -2196 9312 -2521 16495 -4203 END
START -2096 -2680 10088 -3269 17935 -5116 END
START -3720 -3876 10912 -3951 18392 -5271 END
START -4676 -4276 12364 -2772 15674 -5124 END
START -4220 -5292 17308 786 15977 -1506 END
START -4700 -4024 20964 -1441 18216 110 END
START -7560 -3508 22760 -2792 14175 -1167 END
START -7600 -4936 26808 -1403 12042 -791 END
START -9564 -3940 29516 -6303 13856 -4290 END
START -10872 -5964 32676 -3110 9761 -5720 END
START -11072 -7960 32767 -2422 6100 -6311 END
START -10340 -9156 32767 -1418 3513 -6989 END
START -9988 -8052 32767 3635 940 -4669 END
START -10480 -6848 32568 5591 -1945 -4518 END
START -10104 -5500 31144 5933 -5730 -5007 END
START -8284 -4240 29844 5696 -8330 -5709 END
START -6344 -3316 28408 5615 -10127 -6043 END
START -5076 -2144 26232 4845 -11518 -6943 END
START -3008 -2412 24256 4898 -12874 -7143 END
START -3588 -1092 21648 4649 -13319 -7773 END
START -3172 -1056 19452 5125 -12070 -6788 END
START -144 -1360 17376 4000 -12354 -7141 END
START -652 -892 12692 7900 -11847 -3067 END
START 1004 348 16572 11522 -12650 -607 END
START 1572 300 11032 7710 -8485 -1600 END
START 2240 832 10640 9504 -10498 -542 END
START 2412 2092 11504 6653 -9315 -1912 END
START 3356 1788 9308 5498 -9253 -2048 END
START 3172 2348 9404 5339 -8331 -2585 END
START 4088 2480 8072 4238 -6700 -3786 END
START 4660 2724 7296 2753 -4855 -5254 END
START 4704 2520 6620 2531 -2694 -5605 END
START 5880 2104 5508 3370 -473 -4292 END
START 7340 1976 6036 4811 2942 -2299 END
START 4772 3648 5892 3414 5214 -2426 END
START 5116 3408 5768 3732 8530 -1399 END
START 4612 3856 5584 3073 11893 -301 END
START 4040 4180 5256 3269 14289 1408 END
START 2756 5368 5572 2208 17802 2899 END
START 1172 6096 5080 1537 21054 5007 END
START 1744 7624 4816 305 23100 7197 END
START -1396 7820 5908 151 23649 9142 END
START -3584 8664 8364 -2263 24547 9747 END
START -5596 8384 9820 -6520 24899 8771 END
START -6204 6508 11952 -8950 23671 8378 END
START -8904 6296 14548 -10319 22275 8652 END
START -9784 4516 16876 -10598 18945 7456 END
START -9904 2180 20856 -12713 18913 5837 END
START -11380 2064 24052 -9455 14482 7829 END
START -10784 1396 26976 -13329 15303 4389 END
START -9676 -1592 26648 -6443 11526 7812 END
START -11892 -404 27800 -5633 9292 9143 END
START -10556 -1720 29360 -2007 5633 12293 END
START -10996 -1380 29816 -1815 3874 12052 END
START -11460 -2384 28104 -1637 2363 11856 END
START -11584 -2488 25924 -1043 81 12476 END
START -10944 -2156 24316 -1256 -1666 12569 END
START -10664 -2448 22768 -2601 -3124 11375 END
START -10224 -2976 20768 -4959 -4025 9511 END
START -10048 -3896 18540 -7148 -5634 8692 END
START -8688 -4632 17744 -8919 -5409 7997 END
START -6408 -5552 16448 -9506 -1869 8460 END
START -7188 -5400 14968 -8947 3027 8225 END
START -6632 -6160 13312 -9378 2802 5620 END
START -7580 -6424 13444 -8189 3256 4953 END