START 236 -3876 14056 -5 -6834 -5729 END
START 512 -4588 12804 490 -5696 -5337 END
START 528 -5400 12220 1533 -5256 -3639 END
START -192 -5156 11516 1706 -4795 -2084 END
START -332 -5092 9936 2648 -4276 -882 END
START -172 -4592 9320 3232 -3213 -521 END
START 224 -3884 8552 3879 -2749 -441 END
START 144 -2924 8116 4328 -1688 -954 END
START 1304 -3124 7676 3745 -248 -2038 END
START 1136 -3128 7848 3222 460 -2724 END
START 1460 -3224 7104 2175 2106 -3178 END
START 1424 -3184 6456 2048 3916 -2509 END
START 976 -2812 6448 2258 5298 -992 END
START 724 -2348 5892 1872 6788 122 END
START 388 -1928 5728 1614 8007 1077 END
START -236 -1764 5812 985 9208 1381 END
START -844 -1824 5688 -203 10407 1079 END
START -1920 -1848 5816 -1573 11905 449 END
START -2092 -2680 5676 -2731 13969 -165 END
START -2312 -3280 6036 -3184 14373 -917 END
START -2096 -3688 6668 -3395 15384 -1009 END
START -2160 -4084 8388 -2438 15337 -45 END
START -3140 -4384 10400 -3249 16061 -626 END
START -4032 -5552 12268 -3702 15947 -822 END
START -5212 -6064 15468 -4221 16979 -1775 END
START -4260 -9628 18504 -4058 16989 -489 END
START -5516 -9816 22072 -2818 14399 -1258 END
START -4352 -9628 25060 3750 14296 2614 END
START -5532 -8276 29536 8364 11090 3272 END
START -8692 -4292 32767 8849 11861 3810 END
START -8988 -4280 32616 8661 11568 1004 END
START -12180 -4084 32767 7430 7261 -1635 END
START -11616 -5300 32767 5293 1240 -4123 END
START -9292 -5516 32767 6692 -2756 -3961 END
START -9256 -4396 32767 8773 -4879 -3794 END
START -8460 -3884 32767 10045 -8620 -4430 END
START -7100 -3392 31680 8187 -10829 -6344 END
START -5660 -3860 29616 7432 -12772 -7324 END
START -4428 -3396 26692 6914 -13693 -8367 END
START -3784 -3120 24004 6717 -15141 -9458 END
START -1904 -2464 22656 6197 -16463 -11582 END
START -792 -1224 19408 6677 -16205 -12532 END
START 224 -776 18236 3749 -16194 -15466 END
START 948 -904 15540 8609 -17085 -12456 END
START 1452 812 13420 7917 -14695 -10991 END
START 1172 2068 10624 7330 -11957 -9252 END
START 1704 3648 8256 8621 -12526 -7587 END
START 548 6092 8232 7937 -11129 -6596 END
START 1164 6332 5904 9023 -11197 -5059 END
START 2296 6204 7452 7675 -9473 -6146 END
START 3228 6068 6604 5556 -8212 -7038 END
START 3052 6212 7040 2670 -5681 -8026 END
START 4868 5016 4512 3098 -5243 -5923 END
START 5500 5904 6068 3514 -3835 -4941 END
START 6712 4928 4732 1731 -1579 -4743 END
START 7604 5188 5872 1272 3442 -3160 END
START 6800 4700 5244 870 8392 -822 END
START 5936 5196 5476 803 11818 1789 END
START 3524 6204 5392 -68 15894 3863 END
START 2032 7140 4580 -1038 18998 5373 END
START 972 7460 3820 -1562 21752 6562 END
START 336 7452 3300 -1598 23311 7343 END
START -252 7916 3876 -1969 24032 7463 END
START -556 7248 4556 -3429 24632 8407 END
START -1444 6320 6220 -3719 25179 10031 END
START -2212 5152 9956 -7259 25808 11024 END
START -4012 3552 10688 -11628 27089 11465 END
START -5052 1984 11936 -11336 26649 12844 END
START -7440 1708 13904 -10435 26271 12567 END
START -8728 -392 17308 -9926 25701 10514 END
START -11520 -2232 19636 -9000 24817 7740 END
START -13520 -4808 22392 -6561 20357 5653 END
START -14940 -7364 24640 -5146 14774 3629 END
START -14824 -6988 26276 -3332 10708 3979 END
START -11524 -6552 27468 1304 9432 7784 END
START -10396 -6628 26112 9536 8745 13349 END
START -10968 1656 27108 7825 8269 10914 END
START -9796 4976 24672 5164 8523 7173 END
START -8268 5996 24000 6381 7301 8896 END
START -9156 8356 26488 4743 6847 11226 END
START -11144 8916 28780 -2278 7946 8880 END
START -11844 6336 27756 -7873 5308 6059 END
START -13600 5960 26312 -8934 4350 6480 END
START -13236 4656 23572 -8247 1414 7691 END
START -12304 3956 21700 -7346 -75 8773 END
START -12000 3860 19032 -6187 -1464 9930 END
START -11140 3448 16440 -4700 -2620 11301 END
START -9472 1052 16240 -2504 -3190 12497 END
START -6724 -1224 18112 -3073 -1346 11442 END
START -8688 -3180 15252 -9429 2005 7938 END
START -9620 -4328 13536 -13141 7943 8356 END
START -11836 -4680 11772 -10706 6702 4630 END
START -12940 -9140 9904 -10815 7399 58 END