START 908 -5616 10412 499 -4558 -5258 END
START 492 -6180 9436 869 -3959 -4521 END
START 524 -6128 8760 1912 -3578 -3492 END
START 356 -5824 8836 2625 -3017 -2699 END
START 412 -5384 8700 2680 -1467 -2528 END
START 304 -4816 8028 3063 519 -2507 END
START 484 -4304 7444 3368 2368 -3141 END
START 416 -3956 6520 3623 4193 -3828 END
START 564 -3784 5576 3625 6068 -4462 END
START 676 -3516 4500 3757 7788 -4641 END
START 568 -3040 3796 3670 9217 -4135 END
START 144 -2520 3244 3018 10308 -3186 END
START -572 -2060 3104 1643 11061 -2087 END
START -468 -924 2580 683 12040 -532 END
START -228 -992 3716 418 12243 141 END
START 256 -788 5464 -71 13364 1227 END
START -256 40 7172 -1379 15425 1903 END
START -852 212 7320 -1082 16958 1778 END
START -2148 -212 8948 -1568 17947 498 END
START -3484 -440 12248 -3015 18139 -2247 END
START -4224 -2776 16388 -2725 16992 -2799 END
START -7008 -3388 19924 -3717 16294 -2492 END
START -7440 -5156 23856 -5177 12773 -3975 END
START -11104 -6764 29972 -6961 12354 -5534 END
START -14584 -8024 32188 -8411 9924 -4646 END
START -12364 -12124 32767 -3783 4593 -3716 END
START -13236 -12960 32767 -435 3714 -6254 END
START -11980 -14676 32767 3582 -988 -6282 END
START -10300 -14364 32767 6807 -3047 -6770 END
START -9020 -13136 31360 10766 -4685 -6066 END
START -8440 -10668 29264 13781 -6544 -5326 END
START -7812 -7120 26308 14494 -7956 -5914 END
START -6312 -4800 23336 14065 -8091 -7126 END
START -4976 -3444 19688 13251 -8406 -8171 END
START -4168 -2332 17580 13286 -10177 -7971 END
START -2012 -372 16368 12052 -11045 -8656 END
START -1580 740 16080 9763 -11767 -10520 END
START -20 560 15648 7535 -11639 -12196 END
START 1004 808 14892 6475 -10057 -12315 END
START -292 1932 13076 6241 -8807 -11662 END
START 116 2220 11892 7822 -7801 -10402 END
START -396 3460 10788 8565 -7244 -8980 END
START -272 4252 10328 8810 -6949 -8239 END
START 660 4568 10892 8756 -6866 -8166 END
START -88 4612 11256 8585 -7878 -7911 END
START 2488 4752 10760 7509 -5609 -6894 END
START 1880 5348 10304 5631 -3423 -6677 END
START 2572 4784 8888 5464 -2377 -5904 END
START 2600 4800 8720 5188 -998 -4349 END
START 2828 4640 8076 4683 582 -2424 END
START 2868 5256 8012 4348 2673 299 END
START 2848 5996 8160 3308 4497 2950 END
START 2532 7028 8704 1653 6151 4868 END
START 2312 7576 8724 242 7873 5917 END
START 2104 8020 9132 -1537 9917 6062 END
START 1412 7664 8652 -4224 12696 5620 END
START 288 7004 7248 -5602 15916 5944 END
START -1012 6180 6192 -4942 18737 6741 END
START -1604 4668 6916 -4539 21002 6973 END
START -2936 3640 7640 -5190 21764 7318 END
START -4060 3724 9036 -6364 21407 8181 END
START -6096 2888 11948 -6543 21281 8838 END
START -7992 2348 13724 -9287 19799 7572 END
START -9264 1696 15304 -11412 19312 5730 END
START -10184 148 16676 -13795 18807 3756 END
START -10628 -2120 17924 -14798 16884 2258 END
START -9960 -4548 18948 -13201 11954 1569 END
START -7852 -6972 21212 -10560 6865 1921 END
START -8436 -6732 23664 -9110 7864 2957 END
START -8204 -5976 25872 -6209 10944 5332 END
START -6924 -4780 24520 -618 10399 8304 END
START -5952 -4728 24980 6399 10619 13680 END
START -6564 1364 26132 3432 8957 11749 END
START -7840 3400 25636 1324 8445 9610 END
START -7096 2364 24524 1394 6925 10460 END
START -8148 4008 23056 830 6437 11539 END
START -9172 4628 21852 1 5310 11768 END
START -9728 4444 21372 -1441 2793 10753 END
START -10516 3308 21748 -4826 -39 7794 END
START -10152 392 20664 -7895 -726 5136 END
START -9952 -1884 19312 -7753 -1447 5307 END
START -9000 -4168 18312 -6486 -1243 6551 END
START -10676 -4640 17372 -5334 -1714 6006 END
START -8632 -7700 15756 -4304 -468 6441 END
START -9564 -7972 16600 -2087 368 8545 END
START -11568 -7844 17640 -1930 1822 7789 END
START -12824 -8216 14196 -1773 4861 6616 END
START -12328 -7928 13716 455 3261 6059 END
START -13212 -6748 14636 -883 2047 4169 END
START -11964 -7176 15272 -913 437 2880 END