START 88 -4416 18924 -687 -12046 -1232 END
START 1128 -4936 17712 -72 -10466 -2226 END
START 716 -5156 17508 -1089 -8943 -3112 END
START 568 -5380 16244 -180 -8428 -3090 END
START 1168 -5568 15488 1131 -8194 -2594 END
START 1720 -5448 15512 1351 -7158 -2035 END
START 1672 -5028 15472 1174 -5586 -1206 END
START 1204 -4708 14564 461 -3698 -1171 END
START 248 -4260 13208 -5 -2677 -1421 END
START -312 -3964 11628 331 -2556 -1742 END
START -616 -3828 11372 627 -2739 -2040 END
START 12 -3684 11200 163 -2857 -2282 END
START 580 -3276 11412 -350 -2744 -1998 END
START 1352 -2672 11720 -1309 -2038 -1993 END
START 1488 -2628 11664 -2615 -519 -3050 END
START 1840 -3188 11228 -3997 920 -4649 END
START 1736 -4108 10936 -4795 2198 -6370 END
START 1492 -5396 9404 -5292 3175 -7729 END
START 944 -6108 8052 -3449 3679 -7672 END
START 704 -6160 7452 -1060 3688 -6312 END
START 896 -5284 7884 661 3365 -4436 END
START 1036 -4512 8788 1235 3740 -2883 END
START 1388 -3944 9612 -35 4673 -1718 END
START 1324 -3172 10792 -906 6020 -743 END
START 932 -2576 10752 -2099 7998 -990 END
START 676 -2508 10620 -3277 9891 -1776 END
START 208 -2640 9732 -4419 12471 -2577 END
START -320 -3632 7912 -4625 14228 -3221 END
START -216 -4288 7552 -5086 15389 -3501 END
START -2136 -3880 7788 -5287 16427 -3601 END
START -1128 -4416 6972 -7231 16078 -4159 END
START -1316 -4824 7372 -4548 16749 -492 END
START -2936 -3288 10136 -6279 17848 1601 END
START -5188 -2452 11172 -9365 20178 563 END
START -5300 -4452 11024 -11211 21315 308 END
START -6512 -6900 12716 -9491 20255 -46 END
START -6764 -8828 14228 -7717 17292 -1832 END
START -6184 -10872 17116 -6141 12177 -3479 END
START -6256 -11812 21776 -1853 9557 -805 END
START -7192 -10996 26456 -871 9308 608 END
START -7944 -9824 28752 -876 9671 -300 END
START -10068 -11588 31336 1069 8944 -400 END
START -11192 -12324 31680 2943 5587 -1330 END
START -11088 -11308 32604 4809 4220 603 END
START -12152 -10044 32128 4162 1285 -120 END
START -11732 -9948 31592 4196 -1116 -817 END
START -11392 -9756 29132 6422 -4261 -429 END
START -10388 -8296 28900 6492 -7885 -1580 END
START -8192 -7948 27384 5571 -11152 -3885 END
START -6784 -7464 26008 3574 -12297 -6380 END
START -5232 -8380 24376 3410 -13120 -7442 END
START -4304 -8680 22976 3495 -14017 -7947 END
START -4232 -9212 20472 4847 -15093 -7837 END
START -3248 -9056 19592 6837 -17332 -8119 END
START -2184 -7740 18224 7171 -18862 -9305 END
START -1428 -6732 16340 8106 -20087 -10824 END
START -200 -5492 15592 7732 -21775 -13717 END
START 880 -4200 13796 7350 -22688 -17529 END
START 1024 -2864 12556 7797 -20761 -18957 END
START 3380 -212 11516 6719 -23530 -25526 END
START 4352 2636 9252 6700 -25514 -32538 END
START 6996 3236 7368 9379 -25365 -32768 END
START 6340 6668 4240 13397 -26765 -32448 END
START 15872 -8628 13184 10219 -18751 -23635 END
START 10344 -6668 7264 5729 8660 5040 END
START 6048 -7804 5560 23662 21540 19433 END
START 2384 2564 9024 21545 15775 23406 END
START 2300 4364 4972 20926 12722 21466 END
START 1612 12200 4596 17996 14711 20076 END
START -920 12796 7324 13404 9774 10193 END
START 1180 11428 5040 1643 6903 -824 END
START 2204 9560 4848 3969 1197 -8407 END
START 3928 7996 6220 711 1158 -12101 END
START 5196 6428 6732 -1472 4343 -11185 END
START 4984 5976 6368 -1385 10763 -6431 END
START 3308 4932 5524 -1125 14249 -763 END
START 1728 6104 5728 -2336 16410 4101 END
START -1336 7044 5868 -5393 18649 7990 END
START -1304 7544 5924 -5983 19517 12098 END
START -2756 8432 6872 -6987 20930 14684 END
START -4348 9572 7288 -8266 22243 14345 END
START -4900 8408 8528 -10089 22925 13005 END
START -4420 5920 11624 -11565 23311 13491 END
START -5928 5172 13460 -17193 25227 12335 END
START -8456 1524 12200 -18123 25528 10017 END
START -9096 -2412 15204 -15378 21825 11194 END
START -10440 -5032 19156 -16171 20338 11706 END
START -11400 -9364 22004 -16049 20126 13092 END
START -12136 -11700 26644 -17442 19994 15008 END
START -14916 -17140 24368 -17103 24142 15493 END
START -13852 -20076 23808 -4998 23122 19652 END
START -16212 -17596 22480 4395 20058 20559 END
START -18600 -14188 22216 11742 14439 18790 END
START -18264 -11076 24780 12258 9653 13439 END
START -18428 -7700 24408 9602 5928 6602 END
START -19896 -5320 21788 5804 5116 -278 END