START 600 -5812 16092 -3671 -5589 560 END
START 528 -7352 14480 -2946 -4855 -542 END
START 1372 -8284 14100 -1753 -4099 -1240 END
START 1560 -8848 13264 699 -3794 -1285 END
START 1512 -8944 12896 1796 -3407 -1681 END
START 1324 -9092 12420 2266 -2616 -1888 END
START 1032 -8936 11372 2899 -1683 -1882 END
START 208 -7920 10420 3955 -828 -1760 END
START -156 -6836 9696 4598 163 -1830 END
START -284 -5636 8688 4817 1156 -2049 END
START -52 -4604 7856 4567 2114 -2336 END
START 140 -3708 7192 4058 3282 -2545 END
START 480 -2688 6568 3296 4452 -2706 END
START 812 -2160 6128 2411 5684 -2766 END
START 1200 -1696 5904 1237 7293 -2853 END
START 1076 -1536 5608 -178 9150 -2946 END
START 792 -1564 5492 -1442 11034 -2795 END
START 448 -1544 5596 -2687 12813 -2639 END
START 104 -1504 5632 -4522 14873 -2896 END
START -360 -2068 6176 -5937 17002 -3127 END
START -116 -3040 6688 -6750 19374 -3073 END
START -1484 -2960 7184 -7680 20808 -4154 END
START -1696 -4976 6916 -4608 22992 -2193 END
START -3776 -4908 9744 -4483 25594 -271 END
START -5364 -5420 11884 -5377 23673 -571 END
START -7060 -5428 15352 -4400 22585 639 END
START -9228 -5268 20076 -1835 19943 2002 END
START -10868 -5292 24204 -1403 18404 898 END
START -12476 -6144 28268 -2434 16245 -1056 END
START -13108 -8404 29344 -2002 13884 -3746 END
START -14288 -10296 32767 -583 9631 -2502 END
START -14400 -11452 32767 2137 7009 -2083 END
START -14268 -11120 32767 4263 3042 -2365 END
START -14340 -9556 32767 4981 145 -4234 END
START -13500 -8384 32767 7436 -2972 -3571 END
START -12968 -7444 32767 8361 -5825 -4040 END
START -11980 -7060 30320 6301 -8118 -6628 END
START -10572 -7136 27560 7546 -10785 -6936 END
START -8700 -6892 25616 8026 -12133 -7112 END
START -7148 -5936 23520 9940 -13797 -6039 END
START -6172 -5000 23192 10546 -15196 -5588 END
START -5328 -4492 22476 9764 -16332 -6112 END
START -5112 -4428 20636 8697 -16818 -7153 END
START -5856 -2140 20852 6083 -17408 -9965 END
START -1796 -4200 15284 10316 -17773 -9966 END
START -1696 -2532 14924 11583 -17384 -7932 END
START 520 -384 12216 10941 -17598 -10909 END
START 1056 716 10188 11548 -17882 -10126 END
START 2360 2584 9948 11138 -16278 -9045 END
START 3416 3828 9448 8834 -13433 -9731 END
START 3168 4480 6636 7675 -12496 -10163 END
START 4860 4784 6776 7407 -10657 -10825 END
START 6220 4604 5928 5414 -7068 -11606 END
START 6588 4040 4852 4969 -3564 -10134 END
START 6940 3544 3664 5191 -106 -7566 END
START 6312 3504 3052 4434 2895 -4647 END
START 5812 4100 2080 4418 4888 -864 END
START 4316 5692 2680 4102 7176 2290 END
START 3596 6840 2480 1337 10417 3351 END
START 1944 8772 1624 886 12225 5120 END
START 672 10676 940 -160 14743 5737 END
START -244 11824 632 -949 17036 5765 END
START -912 12420 112 -2277 19308 5584 END
START -340 11796 640 -5814 21177 5821 END
START -704 10484 2384 -8627 22370 8125 END
START -1224 9292 4448 -12378 24040 11145 END
START -3984 9344 6336 -14960 25651 12976 END
START -6280 6172 9484 -14517 26411 15084 END
START -9164 4144 13668 -18522 27384 13218 END
START -12164 -140 15508 -22071 26627 7284 END
START -13948 -6232 19328 -21739 22527 2171 END
START -14536 -12164 24260 -20011 16766 -3699 END
START -16948 -14988 27712 -16909 10395 -4165 END
START -10116 -22016 32767 -8072 8994 3677 END
START -9904 -23340 29432 5624 10597 12246 END
START -10432 -13996 29668 16602 4206 18909 END
START -12184 -1368 29532 14623 4981 13144 END
START -10464 3092 27572 13914 3657 12189 END
START -10012 8432 24684 10169 1803 12296 END
START -9536 10828 20764 8338 1341 14472 END
START -9924 11372 20032 6008 -674 15429 END
START -9020 10512 20404 -1266 -932 12696 END
START -7864 6480 18532 -4769 -1080 11912 END
START -6780 3424 18620 -5443 -2120 13025 END
START -9116 1224 16864 -10032 -935 9995 END
START -7704 -2144 16320 -10189 -42 11658 END
START -10472 -5776 16420 -6968 453 11849 END
START -11160 -7556 14524 -4112 165 12110 END
START -11400 -7332 14136 -2564 -1644 10715 END
START -11376 -7232 13300 -3204 1721 10977 END
START -11036 -7564 13108 -4087 58 7541 END
START -10312 -8796 12308 -3349 278 5853 END
START -8700 -9724 12320 -3325 895 4039 END
START -9580 -10536 13876 -4351 647 2439 END