START 1340 -1676 16416 -1061 -8176 -1338 END
START 1440 -1852 16384 -1183 -7961 -1528 END
START 1352 -1904 15136 -813 -7395 -1076 END
START 1012 -2344 14188 -620 -6584 -916 END
START 764 -2976 13424 314 -5775 -1184 END
START 1088 -3236 12436 608 -5152 -1527 END
START 1452 -3204 11680 1406 -4784 -1856 END
START 1628 -3032 10960 1644 -3485 -2565 END
START 1788 -3104 9880 1680 -1974 -3342 END
START 2072 -3268 8624 1999 -583 -3406 END
START 1980 -3416 7956 1863 625 -3202 END
START 1832 -3712 7448 1161 1974 -2758 END
START 1384 -3676 6936 573 3132 -2061 END
START 1116 -3552 6140 112 4316 -1331 END
START 764 -3424 5756 181 5416 -380 END
START 480 -2884 5844 82 6749 183 END
START 420 -2544 5900 21 7975 240 END
START 292 -2284 6204 -334 9144 -237 END
START 100 -2124 7004 -921 10436 -1199 END
START -44 -2164 8400 -1779 11880 -2325 END
START 372 -2864 9116 -3238 13664 -3586 END
START -356 -3408 9712 -3632 14843 -4328 END
START -560 -3820 10456 -3982 15565 -4807 END
START -1580 -4056 12204 -3758 14699 -6040 END
START -2464 -4068 13832 -4622 17636 -4506 END
START -4100 -4760 15456 -2460 18293 -1740 END
START -4144 -5712 18636 -2528 18957 -159 END
START -6436 -5236 20296 -4389 16219 -1190 END
START -6676 -5080 22656 -1429 15379 -5 END
START -7028 -5508 23748 429 12752 986 END
START -9112 -5420 28172 869 12122 -565 END
START -8704 -5328 29292 1598 8292 -1295 END
START -9356 -5540 32688 96 5001 -4146 END
START -9128 -6928 32108 2002 1921 -4730 END
START -9132 -7308 31264 3691 -1158 -4704 END
START -8820 -7160 29532 5321 -3183 -4921 END
START -7424 -5964 28400 5649 -6181 -5945 END
START -5768 -5160 26656 7095 -8469 -6137 END
START -4416 -3928 25936 8400 -10215 -6233 END
START -3100 -2704 24480 8572 -11132 -6869 END
START -1908 -1156 23412 8627 -11863 -7436 END
START -672 -2980 22464 9497 -13356 -6695 END
START -756 -1988 21856 6040 -13957 -8664 END
START 176 -1960 19076 4820 -14196 -9228 END
START 1180 -1404 18180 6464 -14488 -7892 END
START 1952 -948 16336 7589 -12163 -5748 END
START 1880 208 15644 8144 -14373 -6152 END
START 2060 740 15588 6405 -14250 -6917 END
START 1824 772 14212 5570 -13493 -6786 END
START 1648 1456 13896 4663 -13836 -8318 END
START 2820 1476 12512 4262 -13289 -9698 END
START 3268 1960 12040 4550 -10564 -9992 END
START 4568 2836 10104 4494 -8527 -10194 END
START 4736 3052 8576 6906 -7887 -9095 END
START 4828 3844 8240 8707 -6277 -7545 END
START 5856 4392 8768 8032 -3730 -6860 END
START 5764 4548 8112 6277 -970 -5897 END
START 5924 4336 7392 5463 1280 -4232 END
START 6032 4400 6852 4911 3581 -2347 END
START 5372 4648 6444 3586 5983 -837 END
START 4532 5060 6056 2485 8016 698 END
START 3576 5600 5972 1678 9696 2190 END
START 3316 6744 6144 313 12246 3115 END
START 1272 7128 6400 -85 13310 3844 END
START 452 7404 6368 -1425 15145 3943 END
START -536 7608 6804 -2331 16044 3705 END
START -944 7380 7308 -4429 16213 2703 END
START -464 5796 8600 -6626 18299 3249 END
START -2648 5948 8296 -8978 19501 4016 END
START -2524 3884 10464 -8049 19739 7485 END
START -3228 3524 11724 -8772 21637 10268 END
START -4732 3580 12104 -7953 23845 12392 END
START -4616 3804 13868 -8169 22609 11780 END
START -5136 1884 16484 -7274 24220 12558 END
START -6920 996 18796 -9090 23977 10744 END
START -8768 -684 21156 -8244 21969 9108 END
START -9064 -2388 22340 -7096 18505 8812 END
START -9284 -2004 24200 -3698 16944 10524 END
START -7620 -3288 23356 -1440 15027 12472 END
START -9952 -768 27212 -628 11519 12250 END
START -10268 -1048 27928 -2063 9063 10291 END
START -10744 -1784 28364 -2593 6894 9599 END
START -11168 -2712 27408 -2850 5081 8825 END
START -11304 -3008 25464 -1462 3093 9300 END
START -10788 -2624 23380 -224 1250 9940 END
START -10364 -1328 21248 504 -105 10322 END
START -8904 -756 18740 1097 -938 10507 END
START -8108 -676 18972 749 -1813 10000 END
START -7552 -912 20300 -2229 -173 8111 END
START -6740 -1408 18120 -5811 3605 6780 END
START -4844 -4616 16648 -5491 8156 7508 END
START -10212 -2680 16304 -5339 8354 5113 END