START 3224 -4324 15824 -2499 -9602 -2664 END
START 3656 -3976 16668 -2026 -8762 -2557 END
START 3636 -3704 15708 -1437 -7025 -2624 END
START 3512 -3320 14968 -893 -5476 -2951 END
START 3208 -3416 13480 -1302 -4088 -3819 END
START 2436 -3844 11784 -1213 -3192 -3888 END
START 1392 -4356 10692 -894 -2893 -3680 END
START 880 -4604 10012 -712 -2428 -3391 END
START 352 -4444 8816 -7 -1796 -2863 END
START 240 -3704 8464 920 -1319 -2513 END
START 368 -2724 7804 1801 -601 -2318 END
START 480 -2156 7728 2179 443 -2072 END
START 540 -1828 7996 1872 1485 -1944 END
START 620 -2116 8300 851 2540 -1920 END
START 504 -2640 7844 -586 4035 -2260 END
START 464 -3392 7104 -1308 5469 -2418 END
START -180 -3892 6780 -1488 6606 -2310 END
START -768 -4168 6316 -1067 7632 -1861 END
START -988 -4344 5724 -725 8559 -1234 END
START -1508 -4428 5660 -770 9461 -690 END
START -976 -4660 5304 -227 12435 455 END
START -1796 -3780 5484 -465 11628 -1141 END
START -2856 -3128 5008 476 13289 -1351 END
START -3392 -2284 4628 1285 15145 -989 END
START -3724 -2336 5096 915 17062 -352 END
START -4464 -1444 5572 113 18112 1953 END
START -4236 -232 7328 -1073 18877 3506 END
START -2732 116 9364 1887 19815 7839 END
START -4324 -364 12672 696 17962 9025 END
START -3488 -336 16648 69 17455 6274 END
START -2944 -1480 21756 1820 14963 4090 END
START -740 -2128 28612 -638 13117 1801 END
START -3300 -2772 32767 -3386 14127 -352 END
START -2576 -8260 32767 -7165 12735 -4225 END
START -6020 -10492 32767 -9138 11912 -6009 END
START -6920 -17800 32767 -5667 8459 -7049 END
START -8420 -19736 32767 2231 3155 -3298 END
START -7736 -17648 32767 8967 -2491 -1675 END
START -7336 -13984 32767 12409 -6361 -3902 END
START -5848 -12580 32767 12205 -10078 -7213 END
START -4344 -11004 32767 12026 -12142 -9152 END
START -3848 -9124 28952 12666 -12904 -11017 END
START 1616 -7948 23916 15186 -14572 -10283 END
START -3064 -3776 22324 16019 -15449 -11404 END
START -3904 -1852 19556 17850 -16631 -10702 END
START -3832 -560 18392 15865 -17550 -12332 END
START -1096 -1028 15860 13885 -19551 -14610 END
START -584 252 12808 14846 -19535 -13195 END
START -32 2320 10000 15542 -18326 -12669 END
START 580 3536 5764 16817 -16397 -11799 END
START -748 7048 3712 19214 -14562 -11348 END
START 1984 7904 2172 19713 -14441 -11066 END
START 4880 10236 3820 17691 -14321 -10100 END
START 6552 10688 4980 13370 -12259 -8237 END
START 8268 10464 6264 7627 -7908 -6415 END
START 6384 8820 4912 2393 -2712 -4760 END
START 5368 8460 4092 2439 1957 -4730 END
START 4232 7392 1956 2812 7400 -5096 END
START 2928 6796 1484 2656 10789 -3087 END
START 1200 7236 1140 1474 13370 -490 END
START 1544 7724 156 112 14679 3367 END
START -72 9420 -212 -1477 16338 5953 END
START -1420 11344 -844 -3403 18872 7672 END
START -2564 13932 -1460 -5732 22961 8898 END
START -3228 15428 -2420 -7212 27154 10660 END
START -5204 16660 -1580 -9727 32301 11789 END
START -3532 15044 -1828 -14244 32767 11701 END
START -4000 13256 0 -19785 32767 13240 END
START -3888 10920 3876 -25668 32767 15860 END
START -10144 9504 5600 -32112 32767 17723 END
START -12996 1848 7668 -31333 32767 20481 END
START -19880 -7852 18072 -31063 32767 16837 END
START -25444 -15312 23208 -32768 32767 1354 END
START -19088 -25260 27100 -22316 21089 -1256 END
START -22520 -26576 30512 -1946 4758 12996 END
START -13924 -20312 32767 578 5662 16624 END
START -16544 -13980 32767 12253 5821 14043 END
START -17700 -15072 32767 8367 7966 6598 END
START -16368 -11448 32767 10955 -220 4166 END
START -15944 -7452 28264 8308 -1342 356 END
START -14060 -6228 22808 8911 -3206 283 END
START -10720 -4052 20792 7562 -4116 846 END
START -9816 -844 17776 6104 -3194 361 END
START -9116 548 15824 7624 -3606 931 END
START -9012 2280 16548 5984 -4459 47 END
START -8120 2080 15352 3488 -4995 -866 END