START 2224 -2200 17192 -4281 -13742 -356 END
START 2456 -2240 16992 -6008 -12249 -1296 END
START 2852 -3016 15740 -6135 -10207 -2127 END
START 3172 -3844 14976 -4821 -8144 -2520 END
START 2964 -4360 14152 -2921 -5483 -2582 END
START 2704 -4312 12632 -1914 -2897 -2622 END
START 2096 -4236 10724 -1632 -974 -2738 END
START 1672 -4080 9572 -511 162 -2350 END
START 1248 -4240 8584 -46 1096 -2252 END
START 1024 -4420 8144 -263 1893 -2119 END
START 716 -4736 7600 -666 2293 -1623 END
START 416 -5220 6400 -195 2973 -67 END
START 976 -4084 7276 -1142 3138 -660 END
START 1564 -3876 7464 -390 4789 -791 END
START 1724 -3188 7604 -48 6360 -1074 END
START 2272 -3116 7896 -139 8522 -1892 END
START 2448 -3008 8240 -306 10724 -2701 END
START 2868 -2904 8792 -493 13443 -3622 END
START 3772 -3100 9244 -510 16121 -4280 END
START 2644 -2420 9924 -1284 18953 -5421 END
START 5384 -3752 9400 -953 21265 -6301 END
START 3120 -2172 10052 -2486 27064 -9270 END
START 3664 -5776 7472 1026 28339 -10692 END
START -948 -4240 10172 -294 31050 -12845 END
START -616 -4812 11356 -6219 32767 -13943 END
START -2284 -5616 12216 -11874 32767 -11308 END
START -5320 -3560 11904 -18083 32767 -10514 END
START -10048 -9424 12644 -26296 32767 -9675 END
START -9868 -11968 15232 -19726 32767 -2032 END
START -12328 -14860 14868 -8107 25267 9200 END
START -17720 -10264 18072 4119 15316 16355 END
START -20116 -8008 21676 3638 7000 13771 END
START -21268 -6908 24264 7982 7134 8715 END
START -21416 -5036 24212 3994 4716 -788 END
START -21284 -5992 22720 1695 -3484 -7161 END
START -17336 -8588 23712 1376 -8669 -10013 END
START -13996 -10172 23396 3265 -10632 -9753 END
START -12256 -10760 22272 6169 -11176 -7086 END
START -11080 -9884 20180 9249 -12996 -3192 END
START -6508 -9544 17768 10924 -16960 -345 END
START -8316 -7264 17228 12734 -18854 1506 END
START -7940 -6204 17048 14771 -19696 2623 END
START -7088 -4952 17408 14256 -21253 1012 END
START -6124 -4000 16920 12564 -21979 -2574 END
START -4940 -4844 15116 13643 -23098 -5116 END
START -3936 -4740 14428 14248 -24062 -7369 END
START -668 -5092 14336 14407 -24731 -9906 END
START 164 -4604 13336 14066 -22117 -10692 END
START 2440 -3648 12088 15082 -21552 -9773 END
START 2360 -2440 11356 15746 -18914 -7927 END
START 3264 -1404 10960 16651 -16757 -5738 END
START 2424 -68 9160 16545 -13795 -4188 END
START 2672 1300 8808 18434 -12394 -2359 END
START 2156 3040 9596 18004 -10720 -1879 END
START 3588 3916 10004 16982 -10392 -2190 END
START 4464 4832 11060 13465 -8739 -3721 END
START 5368 4916 11936 13395 -8215 -4090 END
START 6764 5016 12976 9625 -4201 -4655 END
START 6940 4988 12028 7697 53 -4176 END
START 6756 5228 11148 6685 3600 -3365 END
START 6124 5728 10320 6129 6726 -2382 END
START 5604 6568 9752 6524 8625 -744 END
START 4588 7804 9972 5944 10567 427 END
START 3760 8716 9596 4363 12913 899 END
START 2984 9296 8904 3193 15254 1989 END
START 2288 10288 7696 3050 17373 3406 END
START 2228 11476 7068 2866 20103 5123 END
START 2640 12256 7320 2317 22603 6876 END
START 2348 12236 8992 -41 24235 8284 END
START 1768 11644 11660 -4620 25987 8859 END
START 1228 11380 14476 -12221 27977 8446 END
START -1412 9492 14696 -20741 32108 9363 END
START -3908 6332 15300 -26664 32767 12517 END
START -4892 6108 17484 -32768 32767 13950 END
START -7032 2636 14156 -32768 32767 12092 END
START -11636 -1084 12856 -32768 32767 8512 END
START -12176 -9732 8432 -32768 32767 7671 END
START -12520 -14860 11608 -32768 32767 8775 END
START -17072 -13784 9136 -11193 32767 18540 END
START -32768 -6080 9584 -4992 19830 17456 END
START -31652 -9396 11720 377 12741 7937 END
START -26544 -10692 16624 1094 -2555 3469 END