START 1324 -3160 9260 -290 -5715 -2252 END
START 1980 -3232 9168 661 -4550 -1856 END
START 2440 -3472 8416 493 -2891 -1882 END
START 2736 -3796 7840 75 -1095 -2198 END
START 2984 -4516 7348 35 483 -2350 END
START 2936 -5084 6596 -15 1974 -2481 END
START 3036 -5676 6468 -121 3793 -2808 END
START 2932 -6292 6072 85 5786 -3124 END
START 2804 -6468 5380 726 7622 -2940 END
START 2340 -6344 5324 1822 9213 -2279 END
START 1452 -5708 5448 2223 10699 -1966 END
START 1204 -5336 5540 2967 12088 -1202 END
START 588 -4508 6396 3306 13342 -418 END
START 2088 -3280 7420 2721 17882 116 END
START -840 -2844 7548 1706 17518 -1375 END
START -824 -3628 8528 1881 17717 -1487 END
START -1964 -3008 9800 1676 18469 -1694 END
START -2460 -2796 11176 1332 20050 -2490 END
START -4552 -2920 10960 2033 21223 -2882 END
START -5688 -2472 16492 3144 18962 -3851 END
START -6536 -3188 17788 -68 19864 -3963 END
START -7908 -2924 20496 -1365 18754 -3248 END
START -9664 -3480 24112 -3598 18002 -4652 END
START -9464 -6260 24280 -5269 13933 -5264 END
START -13772 -2156 28944 -4832 13445 -3770 END
START -12776 -5740 31304 -1049 9354 -3000 END
START -17700 -5024 32767 -1719 6510 -5322 END
START -12820 -8408 32767 540 2667 -4591 END
START -12056 -8040 32180 3533 428 -4258 END
START -12360 -6680 30736 7339 -3055 -3240 END
START -11808 -4980 30692 8028 -7075 -3526 END
START -10816 -3696 29048 7581 -10137 -4356 END
START -9448 -2908 28276 7157 -13304 -4633 END
START -6524 -3924 26604 7798 -13980 -3924 END
START -5752 -2836 23824 8784 -15065 -3686 END
START -6980 -2584 22108 9663 -16954 -3743 END
START -3852 -2000 20272 9867 -18347 -3175 END
START -1104 -1968 19480 11855 -18361 -1198 END
START -1700 -528 17352 11462 -18020 -502 END
START 100 232 15836 10352 -18849 -2096 END
START 1192 672 14332 9435 -18559 -3018 END
START 1916 1256 13148 8559 -18543 -3997 END
START 2408 1720 10888 7988 -17910 -4201 END
START 2936 2540 9936 7306 -17242 -5284 END
START 4444 3000 8304 6720 -17480 -6924 END
START 5784 3180 8132 6660 -15292 -7607 END
START 6056 3328 7276 6869 -12427 -7322 END
START 6808 3188 6528 8645 -10674 -6129 END
START 7168 3232 5660 9374 -8140 -4841 END
START 6836 3608 5992 9392 -4478 -4460 END
START 6696 3416 4376 9370 -942 -3615 END
START 5888 4048 4160 10450 2147 -2397 END
START 5168 5028 3548 10424 5009 -819 END
START 5316 5852 3596 10638 6977 731 END
START 4740 7072 4444 8643 9513 1727 END
START 4504 7928 4792 6113 12186 2746 END
START 3888 8476 4828 4145 14430 4318 END
START 3172 9100 4932 1946 16414 5671 END
START 2304 10192 4996 29 19203 6476 END
START 1552 10876 4796 -2007 21866 7099 END
START 972 11708 5440 -4244 24634 7390 END
START -964 11348 6616 -6190 26866 8025 END
START -2376 10536 6524 -8295 28770 9810 END
START -4052 8968 6896 -10214 29071 11249 END
START -5744 6540 9412 -12749 30420 12915 END
START -7524 4212 13092 -16280 31206 14583 END
START -10288 2328 14208 -17042 30382 13577 END
START -11280 -1456 16216 -15797 28122 12413 END
START -14272 -3016 21504 -12033 25056 11035 END
START -12452 -6688 22428 -12915 21300 6781 END
START -12148 -7852 28156 -12784 20183 3261 END
START -15176 -8276 27328 -11228 14993 2178 END
START -14288 -9804 27548 -10929 13911 2038 END
START -11208 -12388 27328 -6032 11551 5470 END
START -12440 -12464 26544 1508 9089 11592 END
START -13080 -7256 26092 2998 7432 11755 END
START -13180 -3120 26224 280 5415 8722 END
START -13160 -2980 25656 -395 2471 6959 END
START -12284 -2404 24796 -434 2004 6160 END