START 3468 -3424 13296 -4536 -6446 -4939 END
START 4100 -4704 10788 -3346 -4904 -5502 END
START 3996 -5380 9396 -2386 -3693 -4857 END
START 3392 -5976 8436 -1635 -2789 -4024 END
START 2468 -5820 8804 -1041 -1918 -2708 END
START 1120 -5156 9080 -960 -1230 -1698 END
START -64 -5320 8996 -1229 1039 -1193 END
START -788 -5084 8552 -1898 1048 -2978 END
START -436 -5368 7708 -1529 1990 -3865 END
START 68 -5572 7040 -1230 3113 -4560 END
START 504 -5704 6256 -1098 4482 -5382 END
START 624 -6096 5452 -1221 5973 -6040 END
START 480 -6288 5020 -926 6831 -5400 END
START 204 -6016 4948 -327 7579 -3978 END
START -656 -5020 5680 -93 8857 -2912 END
START -1816 -4052 6056 -277 10399 -2553 END
START -2796 -3128 6148 -572 11816 -2515 END
START -1760 -2600 5364 -851 13571 -2027 END
START -2916 -1936 5852 -2027 14980 -1875 END
START -3660 -1956 5812 -2229 16788 -1618 END
START -4944 -1660 5976 -3365 16085 -1720 END
START -3496 -3408 5964 -2429 16381 1546 END
START -3300 -3220 8980 -5328 15952 2686 END
START -3740 -2676 10712 -5748 15277 3035 END
START -3948 -2832 14528 -6148 14679 2180 END
START -4016 -5064 18036 -6186 15089 510 END
START -4696 -6920 22192 -4408 14352 -659 END
START -5672 -9004 27776 -2398 11617 -2002 END
START -8732 -10040 32767 -3724 8336 -3584 END
START -8480 -11376 32767 -3061 6623 -3615 END
START -7708 -15000 32767 -1459 4185 -4469 END
START -8548 -15488 32767 2240 504 -5476 END
START -6340 -14796 32767 8264 -3159 -4777 END
START -5084 -12348 32767 11783 -5277 -4373 END
START -3980 -10332 32767 13274 -6728 -5001 END
START -4168 -8932 31420 13033 -7244 -6177 END
START -3736 -7512 27300 14234 -8608 -7185 END
START -3656 -5180 24044 14607 -10123 -8303 END
START -5176 -3028 22180 14889 -11314 -9219 END
START -2072 -2956 19492 14568 -12296 -9449 END
START -1360 -1788 17672 13267 -12663 -10248 END
START -1328 -104 14860 13452 -12706 -11313 END
START 396 928 11648 13304 -11938 -11369 END
START 776 2628 10076 13347 -10229 -9641 END
START 1232 4120 9044 12325 -8788 -7935 END
START 1424 5124 7412 11578 -7850 -6486 END
START 1804 6000 7012 10721 -6612 -5380 END
START 2608 6064 6428 9601 -4088 -4005 END
START 2192 6924 5312 8316 -2419 -2832 END
START 2648 7004 4488 6999 -1199 -1782 END
START 2796 7300 4228 5849 313 -507 END
START 3044 7484 3956 4405 2079 591 END
START 3464 7272 3628 2024 4342 1368 END
START 3360 6772 3436 282 6118 2823 END
START 2776 6840 3368 -1726 7871 3884 END
START 2164 7092 3084 -3386 10094 4674 END
START 1132 7684 2896 -4600 12676 5169 END
START -128 8664 2288 -5341 15242 6104 END
START -1072 9592 1692 -5651 17500 7455 END
START -2052 10108 1900 -6660 19230 8860 END
START -2992 10392 3028 -8316 20781 10544 END
START -3000 9212 6068 -10976 22532 13112 END
START -5924 9424 10924 -15324 22699 13934 END
START -5052 6620 12628 -17204 25221 17867 END
START -9104 3300 18316 -22926 24005 16753 END
START -11740 -2044 21744 -27510 24478 9154 END
START -14752 -11280 22924 -18898 16717 7088 END
START -13436 -17172 30312 -18050 11836 3129 END
START -12260 -24756 30376 -11543 8754 5103 END
START -7720 -25244 32767 4125 -414 15489 END
START -8204 -21844 32767 12528 3081 17366 END
START -12412 -15560 32767 11862 5240 12491 END
START -11544 -10252 31240 10284 3651 6237 END
START -9384 -4304 27932 9324 3769 3814 END
START -6520 -3792 25404 9033 2958 2610 END
START -8816 -2336 23272 7397 -1206 2668 END