START 4100 -5672 16052 -2368 -8515 643 END
START 4076 -5908 17184 -2421 -7990 -318 END
START 4016 -6256 16276 -1785 -7505 -986 END
START 3892 -6660 16032 -1380 -6625 -1802 END
START 3752 -7292 15584 -826 -5321 -2168 END
START 3572 -7872 14712 424 -4284 -1638 END
START 3184 -7568 14004 1519 -3633 -1093 END
START 3124 -6788 13564 2237 -3101 -943 END
START 2712 -6276 12676 2010 -2532 -1522 END
START 2812 -6192 11896 1302 -2062 -2739 END
START 2820 -6260 10880 749 -1291 -4085 END
START 3276 -6328 9816 816 -48 -5360 END
START 3260 -6532 8860 1345 1506 -5924 END
START 3056 -6472 7656 2139 3446 -5350 END
START 2644 -5712 7032 2934 5494 -3842 END
START 1988 -4772 6156 3429 7568 -2325 END
START 1284 -3328 5972 3167 9591 -1063 END
START 380 -1860 5432 2316 11584 -375 END
START -364 -836 5212 788 13276 -27 END
START -708 -220 4824 -1397 15200 -75 END
START -672 236 3840 -3248 16941 25 END
START 1676 544 2236 -4231 18167 1176 END
START -528 556 3544 -5002 21089 2444 END
START -1248 896 5628 -7292 22752 2712 END
START -2212 432 7480 -11682 24505 2988 END
START -2412 -488 9692 -16370 26994 2978 END
START -7912 -2224 10448 -19538 25588 506 END
START -7952 -7992 9992 -16016 23684 890 END
START -8480 -10092 18576 -13928 20029 271 END
START -10776 -11988 24060 -12999 14454 -4251 END
START -8840 -16488 31288 -10299 7914 -6882 END
START -8428 -18200 32767 -7828 5856 -4781 END
START -16112 -14408 32767 -10013 0 -7469 END
START -7192 -18636 32767 -2626 2454 -5738 END
START -8224 -18424 32767 6370 335 -2898 END
START -7824 -17668 32767 9194 -1465 -4350 END
START -7820 -15388 31560 11516 -4645 -4880 END
START -6604 -13204 28284 14580 -8028 -4206 END
START -4564 -8544 25496 16161 -10344 -4525 END
START -4684 -7320 23104 16216 -12771 -6383 END
START -3208 -5616 20496 14116 -13692 -10186 END
START -1744 -6180 19064 13658 -13976 -11629 END
START -1532 -5172 17432 14968 -13942 -11289 END
START -692 -4220 13968 13995 -13711 -12866 END
START 400 -3460 12168 16147 -14225 -11880 END
START 900 -1068 11220 16764 -13568 -10318 END
START 1512 -372 9612 16176 -12303 -9226 END
START 992 1664 8628 15958 -12153 -9086 END
START 1084 2332 7260 14964 -11523 -10089 END
START 2144 2432 6968 14834 -11127 -10734 END
START 3276 2928 6664 14897 -10107 -11064 END
START 5080 3336 7060 13486 -7320 -11133 END
START 6012 3556 6172 13223 -4702 -9496 END
START 6056 4648 6244 12286 -882 -8672 END
START 5612 6024 5208 11656 2685 -7941 END
START 4668 7004 4808 11715 5673 -5832 END
START 3788 7816 4688 10220 8174 -2775 END
START 2420 8932 4184 8374 9750 1237 END
START 840 10188 4612 6553 11251 4468 END
START -120 11180 4696 3461 13473 6225 END
START -1096 11856 3944 -236 16171 7697 END
START -2072 12712 3336 -2731 17897 9471 END
START -2440 13724 2832 -4915 20270 10782 END
START -2848 14144 2772 -7810 22889 11481 END
START -3392 13452 3448 -11053 25480 11564 END
START -920 12180 5000 -15586 29905 12059 END
START -4536 9728 7248 -21362 30775 13359 END
START -6328 6172 10940 -26283 29606 16307 END
START -11200 2676 13896 -32768 30367 13617 END
START -12304 -5060 16008 -32768 30120 12095 END
START -15320 -13340 21712 -32768 30923 8655 END
START -17524 -19836 22288 -32511 28184 1650 END
START -20308 -25292 23864 -15438 13469 3545 END
START -18580 -20056 27704 -7443 5432 7943 END
START -11136 -25088 30404 1006 10816 12457 END
START -11564 -19600 28480 10838 8754 15480 END
START -16116 -14136 30744 6478 6909 9838 END
START -14104 -12556 29488 5453 4637 5898 END