START -824 -4244 16136 -2089 -10518 -2484 END
START 172 -4452 14968 -698 -10387 -2704 END
START 772 -4184 14084 182 -9439 -2819 END
START 1384 -4104 12780 1260 -8431 -2598 END
START 1780 -3764 11916 1989 -7292 -2578 END
START 2152 -3776 10696 2325 -5667 -3027 END
START 2000 -3400 10008 2166 -4108 -3496 END
START 1600 -3380 8204 1731 -2696 -3940 END
START 1616 -3516 7108 1786 -1801 -3754 END
START 1660 -3528 5996 1667 -541 -3196 END
START 1596 -3456 5136 1194 765 -2696 END
START 1504 -3288 4392 1187 1869 -1745 END
START 1456 -2924 4424 1080 2883 -918 END
START 1364 -2608 4884 104 4411 -823 END
START 1004 -2480 5060 -859 6359 -1288 END
START 908 -2732 4832 -1524 8283 -1926 END
START 952 -2800 5048 -1481 9816 -2402 END
START 1332 -2944 5688 -1198 11477 -2549 END
START 1228 -3020 6304 -1494 13654 -2606 END
START 1036 -3172 7032 -1570 15525 -2285 END
START 364 -3336 8644 -1633 16869 -1420 END
START -828 -3124 10176 -1342 17294 -965 END
START -2764 -2640 12244 -1145 17725 -1136 END
START -3888 -3232 15732 -295 17271 -990 END
START -5256 -4420 19376 -46 16730 -609 END
START -5996 -3872 21832 -362 15638 -1294 END
START -6936 -5040 26732 -877 12683 -2160 END
START -7040 -7972 27500 -2662 11747 -4236 END
START -6576 -8540 31504 -3063 8047 -5369 END
START -9396 -10404 32396 -1837 6071 -6094 END
START -10148 -9724 32380 1547 3611 -4444 END
START -9420 -9228 31448 4231 787 -4136 END
START -8696 -7800 31292 6337 -2424 -4125 END
START -7892 -6872 30472 6931 -4573 -4912 END
START -7112 -6012 28604 7446 -6635 -5443 END
START -6224 -5344 26680 7857 -7987 -5855 END
START -5544 -4228 23944 7915 -9180 -6681 END
START -4556 -3456 21908 8556 -10594 -6949 END
START -3392 -2364 20528 8460 -11551 -7061 END
START -2288 -1552 18632 7949 -11862 -7577 END
START -1072 -1468 16928 8849 -12307 -7046 END
START 3048 -1692 15628 8653 -11186 -5692 END
START -120 412 13752 8215 -11987 -6339 END
START 1664 624 12340 7288 -11337 -6546 END
START 1440 1468 11244 6517 -11082 -6847 END
START 2284 2008 10052 6037 -10426 -6680 END
START 2700 2132 9524 6648 -8898 -5604 END
START 2776 3036 9644 4643 -7518 -6509 END
START 3832 2960 8976 2407 -5946 -7578 END
START 3772 2764 8380 1474 -3249 -7088 END
START 3116 3384 7692 2170 -1191 -5676 END
START 3704 3172 7120 3142 21 -4131 END
START 3552 3720 7236 2636 2434 -3646 END
START 3384 3892 7032 2130 5297 -3363 END
START 2960 3936 6340 2286 7977 -2209 END
START 2480 4184 6088 2632 10288 -838 END
START 1876 4796 6292 2171 12585 -52 END
START 1116 4812 6752 1065 14462 516 END
START 372 5028 7112 -118 15667 1382 END
START -424 5208 8316 -2194 15172 872 END
START -256 4796 9396 -3129 17255 2799 END
START -516 4448 9820 -3174 19273 6006 END
START -1580 5248 11196 -4774 20196 6167 END
START -2276 4172 13128 -5054 20037 7506 END
START -3460 3548 15156 -3660 21691 9680 END
START -4756 3896 16944 -825 17818 11652 END
START -3756 4300 20380 -730 16669 10769 END
START -4768 6056 26972 -2259 19464 8425 END
START -3956 6216 24032 -578 14578 9031 END
START -5436 5972 25168 -2551 15291 7532 END
START -5480 5428 23000 -1022 13023 8708 END
START -7124 6320 22808 -2530 10033 8840 END
START -7984 5844 23188 -4245 7708 10467 END
START -8656 5112 24852 -8863 7753 9781 END
START -8628 3668 23672 -9121 6844 10701 END
START -9988 2968 22636 -10476 6442 10181 END
START -10184 264 21468 -9075 5039 10699 END
START -11000 -1660 22036 -9508 3489 9827 END
START -11612 -4748 22684 -10548 1566 8647 END
START -11844 -7716 21120 -7899 2908 9878 END
START -10668 -9408 21384 -6555 448 10187 END
START -10964 -9652 19604 -4305 -48 9145 END
START -10572 -8540 18368 -1870 -482 8854 END
START -10024 -7640 17856 -2344 415 6807 END
START -9948 -7276 16636 -3621 1502 4893 END