START 824 -632 16740 -2241 -14427 2054 END
START 1276 -272 15312 -1915 -13627 1463 END
START 2784 216 16368 -653 -12491 990 END
START 3648 -60 17068 -1182 -11203 273 END
START 4220 -540 17760 -3000 -9326 -712 END
START 3876 -1352 17044 -4742 -6854 -1668 END
START 3004 -2128 15668 -4707 -5067 -2363 END
START 2216 -2772 14360 -3809 -4333 -2530 END
START 2304 -3068 14412 -2286 -4260 -1443 END
START 2188 -3016 14404 -1980 -3446 -649 END
START 1804 -2444 14344 -2128 -3409 -439 END
START 2332 -2476 14568 -2669 -3613 -1167 END
START 2944 -3008 15024 -3316 -2952 -2246 END
START 3036 -3776 15128 -3480 -1640 -3437 END
START 2544 -4332 14216 -3732 54 -4626 END
START 1808 -5672 12480 -2937 1176 -4860 END
START 1344 -6208 10888 -1154 1912 -3718 END
START 1048 -5620 10272 338 2303 -2414 END
START 920 -4636 9888 807 2775 -1912 END
START 948 -3956 9592 720 3358 -2278 END
START 1284 -3460 9740 657 4245 -2710 END
START 1332 -3472 9824 63 5726 -3419 END
START 1304 -3308 9728 -905 7545 -4145 END
START 1372 -3312 9632 -1691 9543 -4751 END
START 1508 -3576 9448 -1934 11748 -5056 END
START 1088 -3540 9388 -2140 14274 -5561 END
START 852 -3396 9200 -2279 17138 -5887 END
START 808 -3664 8624 -2612 20095 -5368 END
START 180 -3532 7896 -2824 22126 -4742 END
START 356 -4468 7928 -1060 24271 -1810 END
START -1228 -3412 9652 -119 25793 925 END
START -2116 -2856 10252 -2243 27988 2294 END
START -3884 -2424 11408 -5194 28888 2061 END
START -5152 -2212 12868 -15115 32767 16 END
START -5820 -2864 14724 -11899 32767 1525 END
START -8680 -5180 14464 -13079 32767 9 END
START -12184 -4732 17080 -11793 30587 -940 END
START -13932 -7868 18188 -10491 24324 -2005 END
START -16336 -5432 20328 -9668 16374 -4453 END
START -14524 -9808 25360 -799 10325 160 END
START -15648 -7152 28416 4213 7516 479 END
START -16408 -7196 28832 3241 4481 -3785 END
START -16820 -7356 27232 2425 2465 -7279 END
START -16348 -8296 25808 3094 -1961 -8221 END
START -14040 -8964 24912 4853 -5361 -7483 END
START -12464 -8616 24200 7783 -8064 -5856 END
START -10616 -7376 23300 10578 -10212 -4392 END
START -9380 -6432 22592 12258 -12336 -3782 END
START -9264 -4248 22156 13022 -16173 -5422 END
START -8368 -4496 20672 13015 -18873 -6673 END
START -7640 -4760 19224 13589 -21548 -8120 END
START -4688 -4588 16728 15934 -24345 -7371 END
START -3980 -3708 16184 17861 -26506 -6533 END
START -2172 -3092 15876 18223 -27752 -7019 END
START -1316 -2704 14784 21026 -28079 -5811 END
START 1344 -1300 15356 22862 -27754 -4819 END
START 1264 532 16336 16209 -19887 -4482 END
START 2656 1264 11940 17048 -20865 -4524 END
START 4876 4060 12996 15224 -19606 -5733 END
START 4368 4300 11660 12817 -17290 -5827 END
START 5104 4492 12108 14681 -16968 -5008 END
START 5156 5192 12692 12293 -13749 -4873 END
START 6116 4632 12484 11167 -10614 -4619 END
START 5216 4904 12028 8240 -6318 -5651 END
START 5628 4672 9920 8954 -4917 -4636 END
START 5520 5504 9588 9188 -2075 -4057 END
START 5704 6308 8896 9775 567 -3251 END
START 5548 7000 8272 9565 3075 -1996 END
START 5384 7944 8136 9082 5254 -191 END
START 4960 8636 8440 7596 7415 1133 END
START 4312 9068 8460 5871 9163 2122 END
START 3820 9408 8960 3658 10887 2597 END
START 3148 9320 8804 756 12579 2732 END
START 2764 8888 8760 -1904 14094 3095 END
START 2284 8736 8740 -4048 16225 3438 END
START 2144 8244 8572 -5581 18906 3763 END
START 1952 7844 9056 -6773 22044 4036 END
START 1236 7728 8796 -7798 25543 4428 END
START 144 7664 9472 -8981 29440 5422 END
START -1760 6916 8764 -10653 30374 6990 END
START -164 5924 12328 -12329 32767 10823 END
START -2760 5616 13488 -21334 32767 10823 END
START -5756 3796 10220 -26132 32767 10159 END
START -10280 1272 9100 -27348 32767 10948 END
START -13048 -276 12240 -24363 32767 13493 END
START -15176 -3316 13016 -21706 31031 12482 END
START -17356 -5144 16572 -17902 23771 9926 END
START -15876 -6212 18676 -16363 20263 5853 END
START -16660 -5652 19896 -14252 16355 2872 END
START -16224 -9484 20508 -10882 13986 2029 END
START -15752 -8904 20332 -7114 11303 2788 END
START -15980 -8352 20792 -5754 9829 3083 END
START -14736 -8152 20212 -4555 9348 3578 END
START -15196 -7808 20112 -3119 8577 4565 END
START -15368 -6908 19520 -2306 7661 5077 END