START 1488 -3080 15628 -4236 -9619 -3165 END
START 172 -3320 15040 -4630 -7914 -4056 END
START -208 -3928 13148 -2529 -7792 -4019 END
START 660 -4428 12880 -340 -7458 -3211 END
START 1184 -4468 12892 1261 -6913 -1536 END
START 1704 -4436 13296 2712 -6944 86 END
START 1640 -4164 13272 1963 -5995 198 END
START 1168 -4572 12384 1577 -4909 -307 END
START 800 -4896 11524 2095 -3729 -744 END
START 520 -5020 10528 2591 -2228 -1635 END
START 532 -5612 9444 3721 -627 -1801 END
START 592 -5320 9104 4650 597 -1604 END
START 524 -4728 7744 5100 1857 -1566 END
START 788 -3816 6984 5664 2584 -1129 END
START 964 -3100 7084 5802 3194 -581 END
START 932 -2424 6524 5202 4330 -59 END
START 600 -1848 6324 4528 5340 701 END
START 32 -1036 6604 2609 6560 494 END
START 28 -968 6436 898 7857 -219 END
START -8 -1020 5920 -20 9198 -885 END
START 4 -1096 5724 -502 11177 -1587 END
START -340 -1448 5088 -1015 13656 -1647 END
START -612 -1424 5256 -1031 15804 -775 END
START -2516 -768 5940 -1834 16709 -98 END
START -2612 -1260 7420 -2729 15905 717 END
START -3296 -1480 10016 -3193 15468 1405 END
START -4268 -1780 12628 -4576 15988 -55 END
START -5052 -2648 15228 -5225 14973 -1429 END
START -6680 -2092 20556 -5486 14644 -3444 END
START -6184 -5648 21980 -4289 13183 -2532 END
START -6252 -6532 29356 -3433 11416 -537 END
START -6980 -7724 32767 -4856 10579 -2036 END
START -12388 -5044 32580 -6515 3124 -2984 END
START -9212 -11356 32767 -2184 5060 -2490 END
START -10328 -12456 32767 2145 2671 -3457 END
START -10684 -11748 32767 5916 -526 -4726 END
START -9392 -10920 32348 8264 -4252 -5264 END
START -7560 -8996 31496 8780 -7093 -5909 END
START -5980 -7208 30208 9420 -9005 -6161 END
START -4984 -5672 27864 9697 -9955 -7192 END
START -4128 -4288 25836 9765 -10449 -8584 END
START -312 -4836 23756 10519 -12616 -8894 END
START -2740 -2444 21652 9094 -12199 -9760 END
START -1468 -968 19092 9618 -12872 -9715 END
START -1220 868 17224 9079 -13492 -9956 END
START -520 1880 15092 8249 -13545 -9572 END
START 40 2176 14852 7481 -14350 -9412 END
START 540 2540 14180 5335 -13588 -10160 END
START 668 2472 12648 4798 -12760 -10050 END
START 1200 2788 11196 4809 -11745 -9287 END
START 1176 3680 9196 5128 -10558 -8481 END
START 1784 4876 7472 5445 -10169 -7892 END
START 2708 5640 6680 6127 -9466 -7556 END
START 3920 6048 6328 6109 -7755 -6908 END
START 3404 6784 5648 5642 -5520 -5842 END
START 5060 6352 5384 4696 -2492 -4869 END
START 5028 6272 4852 4108 -60 -3099 END
START 5120 6616 5264 3611 2340 -1152 END
START 4888 7020 4868 2621 4516 1265 END
START 4400 7636 4928 811 6939 2515 END
START 4012 7588 4332 -653 8939 2791 END
START 3856 7180 4220 -1547 10473 2958 END
START 3620 7164 3956 -2349 12349 3134 END
START 2360 7452 4220 -2957 14754 3628 END
START 1220 7700 4296 -3922 17458 4286 END
START 212 7544 4336 -5051 20114 5130 END
START -1072 7196 4824 -6306 21924 6297 END
START -2268 6392 6232 -8012 23218 7510 END
START -1780 5292 7820 -11178 24400 7353 END
START -5048 4512 9152 -11797 24642 9156 END
START -6632 2404 10240 -9410 24157 10956 END
START -7960 2796 15252 -10874 23251 10947 END
START -9872 1868 16328 -11138 23018 10922 END
START -10908 1328 20776 -10905 21623 10764 END
START -10884 -984 25896 -10541 18469 9164 END
START -14532 -2548 25508 -11450 13670 7938 END
START -10368 -2128 32180 -11067 14185 10728 END
START -11584 -1864 27680 -6971 13546 13552 END
START -10580 -5152 32767 3566 9644 19970 END
START -12600 -4260 32767 1571 7570 14962 END
START -13756 -5008 32767 -4123 5253 7934 END
START -16004 -7324 30756 -1563 1846 6425 END
START -13056 -8140 28376 2508 -1454 7265 END
START -11508 -8208 24712 3220 -4291 6243 END
START -9456 -7892 22844 3098 -6907 4811 END
START -8600 -6596 19924 2359 -6202 3803 END
START -8264 -4460 16232 2072 -4297 4511 END
START -8484 -2716 13924 884 -4043 3724 END
START -7848 -1788 11188 2279 -3234 5373 END
START -7404 -608 11228 1920 -1187 6814 END
START -6892 -960 11352 -900 -2124 4617 END
START -6476 -1968 10936 -4313 -859 3106 END
START -6120 -3692 10236 -6133 937 1649 END
START -5336 -5180 10192 -6129 2705 1044 END
START -6000 -5736 10444 -5198 4958 1562 END
START -5944 -6480 12012 -5285 6426 1251 END
START -6820 -6972 12580 -6033 7345 1159 END
START -7976 -7280 13384 -6745 7379 1024 END
START -9592 -7716 14732 -7338 7442 274 END
START -10160 -7388 15188 -7292 9440 35 END
START -12292 -7660 16380 -2318 10075 660 END
START -14208 -6732 17616 732 8616 2267 END
START -15120 -3572 18880 -2198 3988 117 END