START 760 -3124 14852 -693 -9973 -11 END
START 704 -3160 14788 -881 -8904 133 END
START 1456 -3092 14324 371 -7791 1094 END
START 1124 -3396 13676 747 -7094 912 END
START 1352 -3396 13248 1172 -6820 249 END
START 1812 -3420 12412 1434 -5649 -3 END
START 2180 -3784 11248 1634 -4473 -28 END
START 2628 -3588 10256 2089 -3205 472 END
START 3044 -3380 9632 2406 -1763 1547 END
START 2900 -2496 8920 1222 -18 1595 END
START 2776 -2068 8284 674 1311 1533 END
START 2720 -1664 7880 -231 2555 1516 END
START 3020 -1624 7516 -1367 4313 1172 END
START 2996 -1864 7272 -2608 6326 1019 END
START 2920 -2100 7160 -3523 8255 1106 END
START 2640 -2124 7148 -4802 10671 980 END
START 2016 -2552 7060 -6073 13082 907 END
START 1736 -2900 7260 -7113 15221 884 END
START 1064 -3488 6976 -8504 17513 543 END
START 460 -4344 7672 -9953 19493 179 END
START -632 -5088 8072 -9561 21008 1037 END
START -740 -4772 9792 -10040 24973 1903 END
START -4740 -5724 12060 -10238 23108 45 END
START -8076 -6980 14828 -10783 21130 -1938 END
START -11624 -9512 18708 -11907 16433 -6073 END
START -11788 -14368 23212 -12092 9725 -9183 END
START -10760 -18036 30920 -13369 5232 -11456 END
START -8124 -20752 31992 -8459 2320 -12247 END
START -7996 -21000 32767 1123 -384 -9160 END
START -6392 -17752 32767 4766 -992 -10361 END
START -7276 -16676 32767 8272 -3998 -11434 END
START -7528 -13844 31196 10308 -6816 -12678 END
START -6064 -11016 29876 12615 -9119 -12270 END
START -5260 -8748 27152 14916 -15154 -12025 END
START -3312 -5296 23192 15106 -14427 -12805 END
START -1960 -1800 21604 16929 -15428 -10771 END
START -2868 1820 18052 13287 -14528 -12998 END
START -1604 3044 14288 11320 -15142 -13580 END
START 172 3940 13024 9795 -15287 -12977 END
START 1552 4440 10740 7997 -14251 -11897 END
START 2088 5372 9448 6166 -13764 -11660 END
START 2112 5156 7732 6900 -13538 -10333 END
START 4276 5644 7872 3927 -10384 -10336 END
START 4176 5292 6376 5218 -8303 -7945 END
START 4828 5668 6112 5772 -5883 -5960 END
START 5200 5296 5716 5449 -2540 -4756 END
START 5464 5296 5072 5788 442 -2945 END
START 5080 5820 5168 5085 3594 -1310 END
START 4596 6192 4716 3768 6199 218 END
START 3760 6292 4660 2292 8128 1638 END
START 2876 6388 4416 505 9693 3042 END
START 2364 6348 4112 -998 10728 4670 END
START 2116 6372 4156 -4197 13612 4647 END
START 960 6156 3656 -4013 15205 5697 END
START 608 6552 3900 -4184 17196 6998 END
START 200 7056 3960 -4469 20076 8113 END
START -584 7724 3928 -4315 23428 9648 END
START -1328 7988 4560 -4426 26509 11420 END
START -1924 7364 6356 -5977 29335 14875 END
START -2536 5644 7460 -6970 30598 19762 END
START -3448 5400 12720 -12729 31118 23746 END
START -9156 3728 14640 -17287 31607 23971 END
START -12124 -1376 19224 -18192 29685 21788 END
START -15856 -7764 24364 -21474 28150 13484 END
START -16120 -14592 26324 -17320 23280 6599 END
START -18896 -20296 28944 -8311 15683 6185 END
START -13920 -21704 29644 -5289 13424 4685 END
START -16068 -23132 30108 2317 9406 7973 END
START -16500 -20628 29512 8367 4810 8901 END
START -14476 -15396 29464 10707 1579 8112 END
START -13716 -9392 29224 10578 -510 7355 END
START -11800 -7244 26944 9959 -3634 7203 END