START 1184 -2488 16384 -4437 -13444 -810 END
START 1168 -2612 18152 -3841 -11697 -1245 END
START 2452 -3356 17472 -2787 -10078 -1009 END
START 2888 -4008 17668 -3599 -6966 -1944 END
START 2488 -5280 16004 -3502 -4782 -2112 END
START 1820 -6232 15060 -2404 -3931 -153 END
START 348 -5944 13896 -2237 -2613 1556 END
START -620 -5788 12388 -1552 -2498 2447 END
START -1080 -5392 11636 -174 -3651 2657 END
START -988 -4796 11396 706 -4386 1691 END
START 84 -4256 11536 640 -4676 -406 END
START 1184 -4160 11748 753 -4141 -1797 END
START 2208 -4120 11328 116 -2499 -3235 END
START 2692 -4212 10972 244 -222 -4091 END
START 3156 -4184 10016 1020 2193 -4375 END
START 3096 -4092 9524 1397 4852 -4343 END
START 3076 -3916 8684 1949 6846 -3717 END
START 2680 -3292 8484 2608 8856 -3067 END
START 2264 -2776 8352 2521 11237 -2956 END
START 2100 -2076 8552 2522 13300 -3125 END
START 1996 -1372 9348 2139 15265 -3590 END
START 2292 -912 10084 1294 17489 -4369 END
START 2756 -604 11340 849 20124 -5135 END
START 2768 -180 12196 888 23569 -6028 END
START 2436 -720 10720 2454 27693 -6877 END
START -656 -172 10656 904 31469 -8778 END
START 1228 536 16652 -8478 32767 -11691 END
START 3348 -2216 13116 -15221 32767 -11794 END
START -1220 -3548 13952 -27878 32767 -18527 END
START -9292 -4848 11412 -28970 32767 -16295 END
START -12768 -12548 12936 -21297 32767 -8217 END
START -18308 -10412 14016 -11172 26999 1225 END
START -20188 -8000 16892 432 11305 6608 END
START -21852 -5288 23068 2836 6686 6686 END
START -17792 -5680 24884 -2334 4991 -944 END
START -21292 -8396 23628 -441 2579 -6112 END
START -21164 -9016 23824 -860 -3922 -9759 END
START -17456 -10548 22836 2000 -10692 -7547 END
START -14716 -9776 22664 4874 -14162 -4229 END
START -12524 -9032 21988 8987 -14426 -1177 END
START -11040 -7152 21412 10933 -13587 -281 END
START -10076 -5784 20060 10467 -13508 -1612 END
START -8984 -5180 18740 10486 -14601 -2286 END
START -9824 -7176 17704 12695 -18741 -1712 END
START -7160 -5988 16516 13545 -18541 -2231 END
START -6180 -6452 16348 16750 -20739 -1077 END
START -4296 -5044 16400 18043 -22548 -1530 END
START -3800 -4188 15448 17040 -24284 -3694 END
START -4444 -3592 14232 17989 -25358 -3903 END
START -2800 -3140 13892 19721 -25955 -3551 END
START -1764 -2012 13616 19738 -25637 -3186 END
START -1500 -576 14080 21527 -27452 -2483 END
START -236 420 15584 18414 -24686 -3491 END
START 900 348 13916 15198 -21090 -3323 END
START 828 1656 13292 13945 -17682 -3251 END
START 2184 1444 11656 13849 -15596 -2544 END
START 2904 2788 11276 16910 -16320 -190 END
START 2628 5184 13588 15145 -13596 -607 END
START 4644 4948 12720 13415 -12506 -1325 END
START 5252 5360 14084 11411 -9593 -2462 END
START 6320 4964 12860 9924 -6297 -3747 END
START 6460 5216 12948 9144 -2881 -4265 END
START 6272 5588 11672 8455 996 -3651 END
START 6180 6348 10712 8209 4081 -2164 END
START 5036 7556 9576 7066 7312 -684 END
START 4108 8604 8452 6182 9680 1130 END
START 3356 9596 8272 5346 11083 2471 END
START 2680 10612 8664 3059 12621 2840 END
START 2440 11052 8580 332 14203 2916 END
START 2100 10988 8980 -2307 15740 2694 END
START 1680 10888 9288 -4779 17773 1952 END
START 1060 10216 9864 -7332 20512 974 END
START 872 9412 10420 -10214 23641 394 END
START 636 8616 10096 -14349 25510 779 END
START 344 7384 11276 -17322 28375 1758 END
START -320 6228 13232 -23072 32767 2989 END
START -1880 5084 12452 -31272 32767 2433 END
START -1592 1044 9800 -32768 32767 7609 END
START -6416 1528 14016 -32768 32767 11406 END
START -6504 -2432 11248 -32768 32767 14759 END
START -10212 -1684 13124 -32768 32767 17576 END
START -14384 -6352 10884 -32768 32767 18827 END
START -14428 -11064 11312 -32768 31320 18996 END
START -17432 -13956 10900 -22796 24379 23974 END
START -19900 -8800 12264 -6068 17993 25733 END
START -19160 -7412 14772 829 15923 20247 END
START -20184 -6288 14692 5248 14183 15437 END
START -21752 -5420 14232 1356 10930 7940 END
START -19736 -5356 13700 889 6883 2747 END
START -17904 -6040 15092 41 4932 -1077 END
START -15156 -6924 14392 1129 2643 -3699 END