START 2620 -264 15612 -1359 -7408 -1510 END
START 2484 -72 16516 -2596 -7045 -2604 END
START 2288 -828 16648 -3876 -6563 -3791 END
START 2592 -1900 15724 -4129 -5508 -4212 END
START 2120 -2876 15108 -3713 -4473 -3769 END
START 1884 -3556 13672 -2668 -3345 -2703 END
START 1460 -4164 12492 -1228 -2704 -1393 END
START 1208 -4004 11768 -64 -2301 -611 END
START 1204 -3916 10992 810 -1960 -464 END
START 1252 -3620 10556 1115 -1594 -908 END
START 1324 -3300 10200 1249 -768 -1588 END
START 1388 -3044 9496 1236 562 -2350 END
START 1328 -3032 9220 1182 1958 -3101 END
START 1080 -3316 8828 931 3586 -3233 END
START 404 -3740 7912 752 5260 -2702 END
START -32 -3552 7512 1131 6573 -1876 END
START -316 -3264 6772 1351 7608 -1158 END
START -452 -2880 6156 1444 8295 -689 END
START -528 -2480 6288 1194 9234 -643 END
START -368 -2148 6000 709 10574 -1040 END
START -48 -1956 6028 -47 12538 -1703 END
START 240 -1500 5856 -582 14815 -2188 END
START 464 -796 5996 -1258 17383 -2618 END
START 320 -908 6608 -1176 20107 -2573 END
START -468 -988 7668 -2809 23186 -3479 END
START -4924 -1252 9120 -3683 24738 -3953 END
START -3388 -5300 12552 -7424 25777 -4232 END
START -7948 -6392 15452 -7038 22610 -3358 END
START -8096 -8164 22876 -2606 17509 502 END
START -9048 -7108 28448 1292 12471 2245 END
START -10836 -7980 32767 3724 9971 2499 END
START -10960 -8148 32767 4334 7593 -484 END
START -10624 -10936 32767 4520 3410 -7488 END
START -10840 -10308 32767 7923 -1320 -8891 END
START -8820 -9612 32767 11851 -5285 -7702 END
START -6160 -8400 31964 14509 -7578 -6849 END
START -10288 -5868 29876 17449 -11237 -5193 END
START -4912 -2872 24928 19474 -13007 -3951 END
START -3180 -612 21640 19602 -14225 -3355 END
START -1888 2084 19152 19282 -15032 -4158 END
START -684 2824 16956 16462 -14451 -5041 END
START -56 4104 14864 13630 -16691 -7205 END
START 2388 3716 14004 10380 -17209 -9255 END
START 2436 3868 12636 8478 -16418 -9955 END
START 3172 4016 11680 8497 -13663 -9106 END
START 3792 4392 10788 8306 -13340 -9358 END
START 4788 4300 10524 7780 -12103 -8365 END
START 5324 5156 10064 8376 -10772 -5942 END
START 5736 6080 10080 9141 -7904 -3876 END
START 5692 7304 10144 8341 -4677 -2759 END
START 5324 8188 8944 7022 -1550 -1825 END
START 4860 8320 8224 5832 917 -788 END
START 4504 8532 7300 4613 2899 150 END
START 3960 8320 6404 3252 4900 1202 END
START 3344 8384 5552 2005 6861 2711 END
START 2844 9056 4860 962 8934 4058 END
START 2252 10020 4184 -213 11293 4750 END
START 1396 11288 3824 -600 13205 5802 END
START 1716 12404 4800 -2552 18735 6917 END
START -1504 13020 4288 -4654 18041 5642 END
START -1032 13564 4512 -7063 21497 5296 END
START -2212 11828 3044 -10002 25876 7148 END
START -2392 11736 5372 -12713 29596 10493 END
START -4632 10012 4652 -17538 31078 12535 END
START -4484 8304 7704 -20741 29478 16609 END
START -8500 6220 11844 -22003 27647 19782 END
START -13952 2788 15972 -26510 30695 17265 END
START -13976 -4420 18608 -31654 30303 9837 END
START -16788 -8316 20512 -25453 28547 8317 END
START -14936 -19200 23916 -14706 17779 11748 END
START -19132 -17628 26972 -2190 20131 16216 END
START -16828 -14012 30600 -1332 15931 11443 END
START -16808 -14208 28072 -2792 14729 6814 END
START -19048 -10844 29684 -2284 9535 5667 END
START -15344 -12032 28620 -3783 5426 3937 END