START 1012 -3900 14496 -3393 -9785 -1230 END
START 772 -4196 13288 -2292 -9123 -121 END
START 1420 -4312 12736 -1839 -7663 483 END
START 936 -4432 11924 -1546 -7728 382 END
START 1460 -4736 11420 -709 -6431 624 END
START 1492 -4524 10608 -424 -5563 518 END
START 1316 -4544 9756 253 -4984 -327 END
START 1152 -3872 9628 274 -3698 -1241 END
START 1236 -4060 8596 -71 -1984 -2535 END
START 1132 -4256 7776 63 -398 -3229 END
START 1000 -4504 6548 40 1202 -3211 END
START 824 -4496 5364 402 2454 -2610 END
START 572 -4248 5004 1005 3664 -1571 END
START 320 -3628 4712 1453 5104 -470 END
START 8 -2896 4892 1450 6572 180 END
START -340 -2268 4784 1102 7972 487 END
START -360 -1868 4716 605 9198 436 END
START -396 -1896 5160 -94 10313 -16 END
START -428 -2104 5860 -753 11594 -762 END
START -224 -2496 6780 -1276 13074 -1426 END
START -140 -2832 7516 -1521 14845 -1971 END
START -268 -2656 8420 -1186 16556 -2290 END
START -1044 -2560 9680 -1740 17840 -3079 END
START -1764 -3628 10444 -648 18035 -2183 END
START -3068 -4040 12680 7 18421 -770 END
START -2868 -3552 14824 -434 18961 -738 END
START -3880 -4572 18428 2517 18271 1359 END
START -4508 -4312 21256 2176 17252 1422 END
START -4888 -4260 25328 1826 14103 152 END
START -7664 -3760 29372 4081 13017 229 END
START -10700 -4112 32767 -3586 13955 -5546 END
START -8884 -5260 32767 -385 9709 -4852 END
START -10784 -6724 32767 122 7129 -6586 END
START -11232 -7524 32767 1252 3052 -7892 END
START -10092 -8536 32767 3474 148 -7461 END
START -10420 -7516 32452 6204 -2987 -5938 END
START -10172 -5672 30564 7381 -5603 -5303 END
START -9024 -4244 28772 8086 -7973 -5536 END
START -7584 -2964 26320 8026 -9626 -5948 END
START -6240 -1852 24096 8080 -10809 -5972 END
START -3736 -1540 22764 7599 -12006 -6009 END
START -3924 -480 21180 6709 -12674 -6246 END
START -3668 -512 20348 4239 -14015 -8132 END
START -2248 -856 18148 3665 -14266 -8791 END
START -1664 -860 16076 4302 -13923 -8684 END
START -536 -404 13812 4784 -13766 -8808 END
START 172 -192 12432 5854 -13761 -8217 END
START 960 492 11696 7049 -13394 -6732 END
START 1816 932 11512 6822 -12322 -5773 END
START 1624 1836 10872 5997 -11282 -5481 END
START 2528 2236 10312 5331 -10249 -6321 END
START 2808 2640 9484 4348 -7493 -6973 END
START 2524 2932 8704 3855 -5130 -7687 END
START 3036 2908 7324 3502 -2765 -7589 END
START 2600 3340 6304 3612 -1865 -6891 END
START 3076 3568 5704 4725 -1321 -4993 END
START 3148 4432 5996 3422 1333 -4215 END
START 3516 4412 5312 2646 3307 -2749 END
START 3600 4872 5876 2452 5058 -1112 END
START 3496 5464 6480 1235 7284 413 END
START 3196 5852 6868 -247 9666 1089 END
START 2980 5812 7076 -1395 11780 1238 END
START 1164 5912 7772 -2162 13245 982 END
START 2636 5184 8056 -3217 14458 915 END
START 292 6148 8652 -4355 17975 1610 END
START 180 4288 9468 -3122 18032 2365 END
START -1256 4660 10576 -5129 19879 3870 END
START -1972 4536 11724 -5344 22040 5943 END
START -3136 4416 13012 -6256 22028 7458 END
START -4052 4796 14996 -6268 21511 9601 END
START -4908 5064 16592 -6214 19562 10416 END
START -6064 5208 17836 -5164 21050 12165 END
START -7264 6236 18116 -4795 18386 12338 END
START -7500 5004 21964 -2961 15439 11953 END
START -8188 4872 25020 -5947 13572 9268 END
START -9216 2356 27252 -7765 11160 7559 END
START -10252 156 28664 -10180 9997 5716 END
START -10464 -3704 27588 -8700 8470 7185 END
START -11644 -5056 27012 -7111 6590 8801 END
START -12944 -6696 26900 -5560 3458 9596 END
START -14768 -9408 27816 -296 1121 12115 END
START -14032 -8916 27768 -182 -733 11429 END
START -13608 -8296 24844 -757 -2650 8194 END
START -11992 -8576 22728 -271 -5478 5288 END
START -10636 -8296 19920 -438 -6955 3154 END
START -7600 -8428 18360 743 -7623 2777 END
START -5904 -6604 17692 2720 -6406 4020 END
START -5492 -4156 15612 1115 -1474 4416 END
START -4976 -2776 13472 1952 3353 4755 END
START -6076 -2536 11956 3073 9991 8204 END