START 464 -7080 9900 -4214 -2368 -4348 END
START 92 -7548 9100 -2201 -1105 -4905 END
START 236 -7524 7660 267 153 -4632 END
START 728 -7132 6556 3431 1567 -3418 END
START 476 -6116 6464 5766 3377 -2014 END
START -312 -5212 6164 6619 5399 -876 END
START -1196 -4232 6340 6890 6667 272 END
START -1820 -3456 6700 5730 9644 512 END
START -2364 -2932 5272 4618 9960 760 END
START -2572 -2732 5340 3616 10180 626 END
START -2784 -2584 4924 2755 11119 514 END
START -2824 -2404 5052 1896 11721 96 END
START -2800 -2600 5396 1801 12311 -35 END
START -2540 -2728 6716 1422 12464 -547 END
START -2460 -2860 7992 974 13499 -1052 END
START -1984 -3104 8964 1238 14411 -1096 END
START -3184 -2604 10100 1112 17274 -975 END
START -3256 -3488 11496 3413 16960 1570 END
START -3868 -3052 13412 1522 17356 1171 END
START -6080 -3768 15936 2593 16450 2491 END
START -6276 -3752 19256 3113 13604 2923 END
START -8036 -4012 23472 -490 14494 449 END
START -8896 -3952 23824 -580 12453 -893 END
START -9524 -5296 26376 2518 10190 -1373 END
START -9036 -4816 27964 3831 8489 -1384 END
START -8720 -4720 30200 4073 7419 -2029 END
START -10388 -5508 30484 3941 5733 -2785 END
START -9544 -7564 30640 5148 4960 -2425 END
START -10268 -7996 28900 7402 3822 -1859 END
START -10192 -6360 28388 7379 1144 -2883 END
START -9116 -5312 27780 10110 -2111 -993 END
START -8296 -3328 28792 9617 -4228 -611 END
START -7900 -2380 28468 6702 -5658 -2608 END
START -7404 -2392 26952 4948 -7047 -4318 END
START -6900 -2488 25180 4580 -8328 -5665 END
START -5976 -2564 23324 4657 -9277 -6331 END
START -4916 -2220 22840 5733 -10855 -6332 END
START -4328 -2160 23708 5871 -12214 -6365 END
START -3556 -2172 24232 4939 -12873 -7129 END
START -2780 -2252 21552 4807 -12035 -7644 END
START -4196 -1280 18520 5979 -12822 -9162 END
START -2576 -1896 15132 8266 -12636 -8744 END
START -668 784 13160 10538 -12618 -6645 END
START 1100 1860 12524 10515 -12029 -5634 END
START 1276 3020 12912 9664 -11629 -4784 END
START 912 3656 11856 7346 -10462 -5444 END
START 796 4256 11072 5908 -9475 -6552 END
START 1132 4036 10156 4970 -7737 -6959 END
START 736 4152 8984 4286 -5795 -6617 END
START 756 4164 7784 3661 -4214 -6221 END
START 840 4120 6740 3485 -2801 -5492 END
START 1160 4332 5980 3689 -1045 -3731 END
START 460 5024 5192 2911 71 -2848 END
START 972 5068 4940 2533 1181 -961 END
START 960 5776 5128 1878 2967 1168 END
START 1096 6432 5856 1220 5319 3229 END
START 904 7008 6084 -434 7531 4391 END
START 584 7236 6176 -1906 9775 4676 END
START 300 6980 6468 -3430 11636 4366 END
START 96 6592 7000 -4684 13849 4320 END
START -212 5884 7100 -5233 15930 4979 END
START -1708 5372 7636 -6135 17787 5427 END
START -1300 3916 8072 -6695 19561 6616 END
START -2780 3880 9292 -6777 20363 7721 END
START -3420 3860 10896 -6451 20944 8908 END
START -4880 4200 12772 -6548 20876 8837 END
START -5640 4212 14324 -7263 20792 8487 END
START -6636 3640 15876 -7830 21470 8454 END
START -7384 3008 17772 -7993 20138 8542 END
START -8232 2452 20564 -8443 17833 8565 END
START -8112 1668 23088 -9403 15527 8700 END
START -7712 -340 24784 -8865 14258 10313 END
START -8644 660 27220 -7989 10907 11780 END
START -10692 788 25696 -5152 13584 15325 END
START -12012 -1236 28688 -157 11678 17605 END
START -16612 -172 28428 -2932 7959 11525 END
START -18360 -2556 27072 -4309 4117 7788 END
START -16536 -5360 26532 -4864 226 6613 END
START -15572 -7492 24064 -5663 -1481 5505 END
START -13948 -8712 21284 -4588 -3847 5532 END
START -11100 -10084 18544 594 -4786 8758 END
START -9408 -8420 17972 3422 -2874 11170 END
START -8776 -4196 16896 2697 -548 9739 END
START -8036 -3268 15456 2558 5284 9824 END
START -11196 -1304 13732 1673 5955 7979 END
START -10288 -2580 12292 -3288 3018 2634 END