START 636 -4368 15932 -2494 -9501 -1651 END
START 1136 -4796 17776 -4297 -8433 -2856 END
START 1576 -6248 17240 -5292 -7519 -3063 END
START 1448 -7560 16048 -5018 -6709 -2410 END
START 820 -7980 15496 -3680 -6140 -1466 END
START -220 -7716 14632 -2366 -5532 -764 END
START -596 -7232 14100 -1112 -5575 -971 END
START -380 -6648 14184 -1048 -5816 -1931 END
START 512 -7112 14288 -1072 -5877 -2824 END
START 1060 -7552 14336 -1548 -5243 -3878 END
START 1304 -7836 13120 -1177 -3957 -4738 END
START 1660 -7676 11632 302 -2680 -5033 END
START 1992 -7228 10512 1180 -1323 -5367 END
START 2264 -6812 9260 1753 316 -5293 END
START 2368 -6108 8236 1989 1662 -4882 END
START 2252 -5576 7176 1955 2781 -4202 END
START 1748 -5260 6184 1712 3429 -3241 END
START 1612 -4932 5612 1305 3995 -2015 END
START 1496 -4104 5300 357 4863 -1160 END
START 1716 -3784 5116 -657 6530 -1133 END
START 1292 -3376 5340 -883 7755 -822 END
START 1244 -2844 5920 -1815 9909 -868 END
START 1156 -2704 5740 -3180 12549 -1009 END
START 976 -2396 6392 -3901 15033 -1019 END
START 596 -2524 7036 -5240 16825 -1030 END
START -3708 -2300 8868 -6722 19875 -1044 END
START -2812 -4348 9360 -9365 18869 -2126 END
START -3884 -7548 11356 -11246 18476 -752 END
START -4736 -9804 15644 -11928 16824 1757 END
START -6420 -10728 19428 -10652 15788 2296 END
START -7388 -12660 22836 -7427 13299 3211 END
START -8304 -14104 26864 -3491 11115 4773 END
START -9940 -11232 28856 -2203 7464 2121 END
START -9604 -15600 30292 -1497 6659 -2869 END
START -11416 -14708 29328 2469 2510 -3118 END
START -9500 -16016 29420 4181 -322 -5382 END
START -7088 -15308 28440 6608 -3629 -5516 END
START -5168 -14080 27404 8596 -5007 -4505 END
START -4736 -11832 25424 11151 -6251 -3613 END
START -4524 -9820 23916 12432 -7510 -4079 END
START -3396 -9512 21544 15118 -8451 -3000 END
START -3988 -6224 20080 13295 -10229 -4983 END
START 544 -5624 17780 12709 -13313 -6740 END
START -456 -4604 16792 13860 -13732 -6392 END
START 696 -3008 16300 13604 -14058 -7168 END
START 1296 -1500 13904 12363 -13514 -8035 END
START 2160 -1360 12400 12544 -13322 -8952 END
START 2960 -504 11292 12296 -12832 -9563 END
START 3652 -100 9760 12074 -11704 -10308 END
START 4304 504 8208 13954 -10626 -9790 END
START 5008 1212 8108 14179 -8944 -8969 END
START 5272 2040 7320 15015 -6574 -7509 END
START 5844 3148 6644 13954 -3568 -5830 END
START 5824 3988 6272 12412 -364 -4074 END
START 5280 4796 5104 11786 1874 -2027 END
START 5024 5740 5208 10168 4058 -677 END
START 4380 5968 4740 8517 6241 970 END
START 3648 6752 4844 6472 8046 2649 END
START 3076 7556 4884 3506 10732 3684 END
START 2656 8324 3592 1649 13835 5322 END
START 1096 9960 3024 925 16277 6937 END
START 512 11044 2564 595 18499 8431 END
START -172 11908 2680 -925 21223 8753 END
START -564 11716 2552 -2799 24180 9443 END
START -1424 11700 3652 -5345 27245 10061 END
START -1324 10228 5548 -9873 29184 12026 END
START -1956 8828 10336 -14737 30920 14267 END
START -6136 7264 13648 -23324 31311 15250 END
START -9872 132 18404 -26640 30892 15184 END
START -12356 -6088 23228 -32768 32495 10850 END
START -14308 -17252 23508 -32768 32767 3421 END
START -21352 -22184 22544 -20655 22845 4370 END
START -20348 -25292 27100 -4862 11534 7083 END
START -15824 -18028 26960 -740 1573 10947 END
START -16824 -22908 29456 7764 -610 9734 END
START -14376 -17280 31224 17390 -2121 13694 END
START -15244 -9328 32616 8952 -90 4355 END