START -2472 -10284 17612 3656 -4027 -3558 END
START -2148 -9804 19240 5252 -3974 -4058 END
START -1944 -9312 20664 6650 -4026 -6670 END
START -1452 -9880 20608 7100 -3771 -10069 END
START -1344 -9940 19312 8677 -3580 -13081 END
START -888 -9388 17952 11530 -3800 -14931 END
START -400 -7900 16876 14569 -3841 -14878 END
START -164 -4820 15560 17649 -3803 -13407 END
START -636 -720 14824 19744 -3725 -11963 END
START -1060 3756 13880 19720 -2936 -10887 END
START -892 8172 12728 19786 -3278 -9542 END
START -232 11912 12732 19148 -2913 -9134 END
START 576 13996 11608 15728 -3217 -9625 END
START 1400 14940 11004 13125 -2751 -8777 END
START 1680 16216 10676 11138 -2195 -6903 END
START 4744 17404 9452 9029 -3324 -5263 END
START 3288 18728 10320 7138 -613 -3494 END
START 3448 18992 9660 4999 211 -2597 END
START 4568 19124 10376 2452 1886 -1120 END
START 4436 18908 10504 29 3326 682 END
START 3984 18388 10484 -2203 4385 2002 END
START 3484 17252 10912 -4701 5264 3463 END
START 3040 16192 11360 -6832 6110 4903 END
START 2400 14824 11420 -8273 6946 6059 END
START 1944 13720 11900 -9246 7800 7171 END
START 984 12608 11920 -9705 8933 8754 END
START -564 11660 12048 -9703 9856 9734 END
START -84 9480 12196 -9472 10321 11392 END
START -700 8392 13780 -10391 11505 12626 END
START -1592 6996 13828 -11892 12028 12656 END
START -2040 4916 14768 -13188 11914 12371 END
START -2968 2836 14908 -14366 12103 12641 END
START -3284 596 15068 -14476 12729 12229 END
START -4860 -1696 15712 -13781 11659 10439 END
START -4652 -4360 16116 -12667 9974 8285 END
START -4364 -6496 18136 -10997 8845 6664 END
START -4720 -8220 19744 -10924 8332 4408 END
START -5296 -10644 20304 -9474 7337 1954 END
START -5356 -12272 20784 -7445 6582 -1167 END
START -4668 -13772 20788 -4873 6163 -4002 END
START -4224 -14516 20676 -978 5949 -5669 END
START -4344 -15156 20508 3735 5859 -6721 END
START -4888 -14356 19908 7487 5620 -8782 END
START -4992 -13116 18908 11481 4435 -9785 END
START -4900 -10868 18908 14158 3308 -10015 END
START -5188 -7020 18120 16077 1766 -10104 END
START -5364 -3156 18264 16606 1228 -10653 END
START -3884 648 18328 15336 1829 -14152 END
START -5668 3288 16316 13988 2781 -15993 END
START -2588 6576 14700 16934 -1909 -16331 END
START -3284 8968 16776 17119 2682 -17169 END
START -3684 10688 14488 15563 3678 -17248 END
START -3804 11628 13856 14754 4719 -14235 END
START -4724 13296 13788 13225 6801 -10532 END
START -6504 15584 13060 11717 7469 -6616 END
START -7208 17768 12700 10722 6371 -3281 END
START -8244 18868 12392 6411 7159 -2070 END
START -7236 19308 12656 4438 3266 -1815 END
START -5964 17592 14676 1970 2892 -331 END
START -6620 15552 15780 -2442 2611 -603 END