START -1088 -720 15768 -6044 -5614 1159 END
START -1176 -684 15904 -5546 -5215 1471 END
START -1868 -696 15436 -6410 -4705 1822 END
START -2068 -1236 14936 -6480 -5228 2866 END
START -2020 -1424 14808 -6867 -5266 3820 END
START -2248 -1976 15036 -6266 -4824 4558 END
START -1308 -1084 14964 -5043 -1356 5316 END
START -1028 -1412 14924 -4566 -3231 3997 END
START -1512 -2576 14684 -4250 -3958 2346 END
START -1160 -3044 15444 -5000 -2844 218 END
START -1020 -4256 15152 -5133 -1903 -1227 END
START -980 -6248 15628 -5258 -808 -2347 END
START -1764 -8204 15372 -4925 -4 -3386 END
START -2784 -10448 15084 -2126 231 -4835 END
START -3708 -12996 14268 2617 -452 -7156 END
START -3968 -14596 14720 9463 -2109 -10515 END
START -3736 -15352 14480 18584 -4033 -14566 END
START -3756 -13640 15220 27378 -4529 -19278 END
START -3092 -9308 15548 32767 -5711 -23081 END
START -2324 -4280 17412 32767 -8688 -28103 END
START -1024 -228 19824 32767 -6883 -32768 END
START 764 2056 17768 32767 -4744 -32768 END
START 2352 2920 15404 29129 -3119 -32768 END
START 980 3976 13380 24433 713 -32768 END
START 584 5940 11260 24362 874 -27267 END
START 1364 7780 9548 19344 2788 -16429 END
START -472 10680 10708 17109 1161 -4390 END
START -1156 13676 9828 12049 -1402 4709 END
START -144 16312 9788 8853 -2424 10274 END
START -428 17344 9104 6427 -2235 10806 END
START -120 19552 12844 4194 8469 4646 END
START -2724 19572 9444 -4767 10281 -701 END
START -2532 18004 8544 -4512 8318 -1464 END
START -2912 16904 8860 -7477 7534 -3542 END
START -3628 14916 8492 -12542 7744 -4723 END
START -4344 13048 8396 -13986 6996 -990 END
START -4900 11468 8896 -16338 5806 3189 END
START -3844 10188 9252 -18097 4332 7694 END
START -2812 9356 9520 -19028 4900 11972 END
START -964 9176 10656 -20191 8395 13855 END
START 52 7856 11644 -22407 12565 14123 END
START 592 6824 12332 -24372 15392 14238 END
START -52 4904 13720 -25574 18539 14706 END
START -1388 1856 13788 -22961 19311 18012 END
START 2700 1120 14820 -25691 23618 21068 END
START -2904 2060 16468 -32211 29497 18116 END
START -1896 192 16000 -31702 29171 20703 END
START -4756 -1580 16488 -32768 30975 20067 END
START -8080 -3460 15844 -32768 30824 18823 END
START -11352 -7236 15736 -32768 31227 14963 END
START -12528 -15080 15156 -32768 31583 8645 END
START -12448 -19196 13212 -16972 31268 6113 END
START -16124 -17204 13252 9249 26025 10443 END
START -25560 -12172 16668 8577 17786 4912 END
START -18760 -11392 16496 12775 14609 -909 END
START -18680 -10568 17044 13436 8862 -4431 END
START -17748 -10712 17008 10361 5240 -11257 END
START -17076 -11160 14296 13709 614 -14845 END
START -16164 -9680 12592 20508 -4677 -16779 END
START -14916 -6820 12160 27458 -8546 -18549 END
START -14324 -4656 12188 31795 -11734 -23282 END
START -13700 -2392 11476 32767 -14627 -30329 END
START -11728 2328 11448 32767 -18253 -31999 END
START -6876 6148 13232 32767 -19611 -32056 END
START -6752 6996 13688 28924 -21856 -32768 END
START -4076 5188 15416 24520 -14998 -32768 END
START -3012 6268 15984 23242 -11133 -28827 END
START -3108 5524 18536 13231 -3906 -23661 END
START -1224 3548 15792 3998 3716 -16034 END
START -4296 4188 16048 3493 11265 -4000 END
START -5084 5972 15584 3428 15874 3885 END
START -9988 7524 13756 -843 18390 4917 END