START -1196 -3316 16140 -10089 -11819 1058 END
START -1056 -4760 15028 -7973 -10702 1201 END
START -700 -5816 16032 -6701 -8360 2145 END
START -868 -5988 16008 -6719 -6887 3129 END
START -568 -5832 15816 -5420 -6545 3717 END
START -628 -5140 16424 -4599 -5834 3660 END
START -1168 -4960 16668 -4489 -4954 2397 END
START -1124 -5276 16508 -3956 -4214 222 END
START -848 -6208 16744 -3093 -3171 -1677 END
START -736 -7000 17040 -2101 -1754 -3314 END
START -1368 -8108 16920 -1286 -590 -5440 END
START -2424 -9828 15940 125 -684 -7891 END
START -2384 -11416 15896 3276 -2265 -9291 END
START -2156 -12048 15900 7866 -4062 -10939 END
START -1444 -11464 17076 13296 -5050 -12336 END
START -1120 -10424 17148 18124 -4872 -15371 END
START -332 -9016 17268 23705 -3447 -20189 END
START 1020 -5636 17844 28835 -864 -25214 END
START 3992 -2076 18492 32767 595 -29698 END
START 4500 1260 20380 32767 3982 -32027 END
START 3032 -1712 16688 28239 7508 -32335 END
START 1412 -2508 12404 29720 6640 -27191 END
START -880 2680 12008 31574 3667 -17683 END
START -5328 9844 13052 25457 2005 -9289 END
START -5224 12396 12728 17306 2011 -5310 END
START -3420 14664 11524 8660 2995 -5244 END
START -3948 16004 9216 8677 1915 -5035 END
START -1764 15868 8976 3253 5916 -5952 END
START -2236 14004 6232 -755 8907 -4157 END
START -2908 12412 6768 -4013 10277 -148 END
START -3496 12564 8120 -7517 10067 3445 END
START -3876 12444 9372 -11426 9689 6591 END
START -4892 12144 10448 -15742 9378 8539 END
START -2740 9760 11148 -19718 9931 10023 END
START -4068 8604 12876 -24548 12682 9691 END
START -3508 5620 12392 -25582 15489 12665 END
START -1604 3952 16072 -27841 18569 13816 END
START -3956 2344 14632 -31328 24364 15158 END
START -1608 -1068 15664 -30201 25321 16296 END
START -1248 -2008 17320 -32768 27864 11884 END
START -3812 -4932 15288 -32768 32366 13187 END
START -7948 -7804 14060 -29570 32195 14776 END
START -9364 -11196 12664 -17596 31870 15535 END
START -13440 -10920 13920 -1196 26789 15803 END
START -16264 -8376 15060 9708 20514 12290 END
START -15800 -8988 16976 10252 13711 669 END
START -18364 -7112 19000 9200 11132 -11033 END
START -19052 -8828 17340 9948 6537 -21223 END
START -17028 -10684 15512 16278 1665 -27924 END
START -14844 -10932 15716 22165 -4862 -32768 END
START -12588 -5932 15156 28649 -10720 -32768 END
START -10532 1312 16324 30448 -13255 -32768 END
START -5876 1172 16152 25374 -15892 -32768 END
START -3552 2516 17344 18678 -13084 -32768 END
START -2892 -836 15560 10858 -9420 -32768 END
START -2244 -1768 15784 10832 -5313 -24008 END
START -2900 940 15576 10235 -1268 -10788 END
START -4756 2536 14468 8428 6220 -2052 END
START -7336 5060 13424 5988 11490 3060 END
START -11020 5900 11556 3310 13424 5061 END
START -13064 6564 10844 1584 12201 3983 END
START -13760 6908 10396 -1684 8304 904 END
START -13428 5088 10644 -3578 3971 -1397 END
START -12288 3432 11952 -4225 142 -1766 END
START -10724 1956 13932 -4502 -1386 -436 END
START -8848 288 14848 -3960 -1087 2046 END
START -9008 20 15604 -2710 -21 4297 END
START -9324 132 16176 -2591 1363 5592 END
START -8472 632 15616 -3549 3368 6405 END
START -9416 256 15868 -3486 4880 6853 END
START -9152 592 16492 -4383 5623 7257 END
START -9092 456 16736 -4303 4544 9193 END