START -1776 -424 13824 -3971 -7051 5831 END
START -1696 -2068 12260 -4483 -6417 5316 END
START -980 -2504 11968 -4168 -5368 5278 END
START -836 -3480 12192 -3688 -5238 4877 END
START -728 -4780 12664 -4007 -5338 3319 END
START -804 -5732 13592 -3849 -3554 1532 END
START -784 -8372 14724 -3796 -3742 -1917 END
START -1152 -12364 15464 -2695 -5237 -5863 END
START -8 -15468 16796 -699 -5181 -9927 END
START 712 -17384 16908 2381 -4569 -13162 END
START 2572 -17980 16116 7390 -3633 -14145 END
START 3484 -16000 15572 12622 -1840 -14195 END
START 2960 -12400 14884 16558 -362 -13817 END
START 2088 -9080 14568 19491 366 -13639 END
START 632 -5592 13824 20109 924 -14063 END
START -660 -2072 13724 19998 1947 -14355 END
START -2316 1748 11060 21030 2219 -12960 END
START -2296 6612 10980 20591 3088 -12151 END
START -3500 11184 8376 18752 2647 -10668 END
START -3060 15132 7984 17866 1170 -9035 END
START -2036 17164 8144 13075 1268 -8360 END
START -68 18772 8096 10423 1063 -5356 END
START -1384 20688 9460 8109 2525 -2388 END
START -76 21748 7904 3465 3840 -1208 END
START -88 21680 7824 81 5948 -479 END
START 124 20456 6984 -2127 7154 1206 END
START 444 19392 7148 -4554 8619 4123 END
START 912 18016 7332 -6893 10321 6663 END
START 468 16504 8060 -9982 11292 8927 END
START 600 14924 9664 -13099 12409 9843 END
START 584 12564 10120 -15955 13547 10424 END
START 112 9588 10948 -17673 14708 10750 END
START -972 6272 12092 -18484 15667 10878 END
START -1604 3172 13104 -18853 15852 11057 END
START -2544 748 14544 -18867 14810 10888 END
START -2712 -2488 16444 -17019 14260 9903 END
START -4016 -6460 18244 -14160 13423 9031 END
START -5236 -8016 21100 -14124 12350 5166 END
START -3472 -12424 21932 -12464 10082 1402 END
START -1580 -13884 23244 -6946 8506 -514 END
START -3780 -15276 23784 -5203 8496 -2957 END
START -3132 -17024 23132 -1490 7623 -4571 END
START -2916 -16776 23480 2771 7249 -6420 END
START -3336 -16040 22140 7254 7616 -7828 END
START -3648 -13644 22316 12982 6615 -8016 END
START -4412 -9704 20972 15671 6339 -10294 END
START -4972 -5416 20184 16039 5519 -12990 END
START -5524 -1860 19472 15119 5401 -15643 END
START -8008 1052 17220 15091 5062 -15836 END
START -8828 5400 17508 16574 1339 -18205 END
START -7580 7016 15612 11969 4172 -17665 END
START -7868 9368 15240 12791 2393 -17568 END
START -8604 10620 15940 9524 3632 -14727 END
START -10240 11320 15504 6728 3862 -12831 END
START -11092 12120 15152 4356 3761 -9438 END
START -11232 14416 14432 1589 2400 -5513 END
START -10596 13388 15376 640 2776 -1804 END
START -9384 13364 14628 -790 1774 1386 END
START -8552 13208 14928 -2088 1367 2373 END
START -8080 12384 14652 -3502 1083 2091 END
START -6944 10868 15608 -4308 411 2373 END
START -6620 9084 16364 -4357 -473 2884 END
START -6004 8036 17668 -5548 -1042 2589 END