START 1428 -352 16268 -857 -3547 2840 END
START 1224 364 16844 -1537 -2440 722 END
START 1616 -300 16556 -2015 -1738 -303 END
START 2092 -1100 15856 -2662 -502 -606 END
START 2236 -1596 15756 -2749 64 124 END
START 2068 -1816 15952 -2923 1061 831 END
START 1564 -2348 15200 -3226 1844 1105 END
START 1248 -2848 14568 -2566 1674 1536 END
START 1000 -2968 15020 -1348 990 1574 END
START 672 -3060 15544 -1029 430 970 END
START 680 -3608 16468 -1076 -330 -167 END
START 664 -4648 17604 -1929 -1272 -1465 END
START 932 -6148 18884 -2534 -2382 -3299 END
START 1160 -8460 19868 -2349 -3086 -5828 END
START 1500 -10488 20008 50 -3828 -9124 END
START 2068 -11812 19388 4673 -4463 -11986 END
START 2832 -11484 19192 10293 -4795 -14408 END
START 3796 -9352 18960 14749 -4265 -14896 END
START 3336 -6304 17668 17478 -3361 -13635 END
START 2364 -2440 16232 18994 -2953 -11510 END
START 1484 1296 14988 19124 -2450 -8851 END
START 688 5544 14000 18674 -2149 -6307 END
START 80 8640 13428 16827 -1513 -4971 END
START 736 9968 12548 13888 -1009 -4712 END
START 1648 10284 11764 10177 -951 -5349 END
START 2132 10000 12096 6108 -662 -5932 END
START 2680 9040 11908 2900 113 -6260 END
START 2856 8224 11540 1251 1060 -5737 END
START 2744 7040 11332 155 2302 -5622 END
START 2096 5800 11400 182 3165 -6453 END
START 1408 4916 12252 919 3863 -7857 END
START 1820 3940 12820 2067 4542 -9727 END
START 2416 3436 13848 2406 5466 -11810 END
START 3120 3716 14452 2518 7259 -13810 END
START 3512 3032 13288 1995 8227 -14248 END
START 3336 3396 12020 3924 9969 -13331 END
START 2656 4740 11248 5414 12915 -9422 END
START 1256 7388 9112 6396 14061 -4453 END
START 1200 10212 8036 7158 15467 1198 END
START -1044 13816 7920 4525 15076 5424 END
START -1136 15536 7964 2475 15211 8858 END
START -1724 17676 8224 -1040 14505 10145 END
START -1248 17668 10016 -6735 15542 9972 END
START -848 16244 10972 -13350 16276 8996 END
START -1308 13992 11620 -18013 16946 9715 END
START -1296 11368 13080 -20527 19295 12836 END
START -1652 8380 14672 -22769 20498 15580 END
START -3668 5296 16904 -26489 22303 16452 END
START -5684 1640 16412 -29166 21758 14979 END
START -8148 -2500 17296 -28791 20747 12877 END
START -7816 -6224 17240 -24440 17892 9524 END
START -9076 -6580 18724 -17647 13248 7468 END
START -8064 -10748 21124 -6645 10950 8854 END
START -6580 -10052 23156 -1961 9041 7199 END
START -7420 -10160 25692 -444 10128 4439 END
START -8044 -8892 24244 -2552 9332 1906 END
START -8564 -9148 21772 -2186 8547 2967 END
START -8780 -7684 21060 364 6537 5568 END
START -8668 -6420 20856 959 5801 5783 END
START -8928 -5552 20528 1164 5136 5187 END
START -9500 -5684 20660 1930 3649 3537 END
START -9752 -5796 20988 1450 1969 92 END
START -9892 -6468 20912 1120 663 -2847 END
START -9700 -7360 19956 2229 -140 -4345 END
START -9020 -8112 19304 3832 -765 -5466 END
START -8516 -8708 18444 5211 -1362 -7014 END
START -8200 -8800 16940 7549 -2239 -8646 END
START -8092 -8752 16144 10145 -3225 -10817 END
START -8320 -10032 15748 12899 -4244 -14896 END
START -8784 -10056 14836 18874 -4341 -19842 END
START -8112 -8348 14072 24738 -4387 -23743 END
START -6244 -4412 15568 26761 -4543 -27168 END
START -4696 -536 17124 27349 -5660 -30235 END
START -5652 1448 15828 21394 -1871 -30632 END
START -6524 2224 14228 20131 -765 -30876 END
START -8340 3340 13100 20126 -501 -25914 END
START -9116 6484 14504 18996 2420 -21431 END
START -10028 9008 12592 17715 3873 -14655 END
START -11160 11620 11804 15805 4964 -8265 END
START -11544 13696 10724 12339 4299 -4362 END
START -10768 14928 10820 9492 2670 -888 END
START -9896 15860 11372 6805 1697 1234 END
START -9232 15556 11812 3271 1600 1079 END
START -7020 14164 11444 -832 2901 871 END
START -7976 13380 12532 -1657 3353 1163 END
START -7036 13212 12892 -2774 2889 1405 END
START -7184 11684 14296 -5240 3936 1161 END