START -1908 -284 16964 -2801 -4874 5088 END
START -1820 -1216 16756 -3117 -4596 4612 END
START -2052 -1836 16692 -3578 -4868 4642 END
START -2824 -2136 16644 -3522 -4255 4180 END
START -2800 -2956 15812 -3711 -4358 2608 END
START -2212 -4108 16120 -3331 -4704 1055 END
START -1848 -5588 16756 -2910 -4652 -831 END
START -1352 -7840 17160 -2055 -4802 -2716 END
START -912 -11072 18340 -797 -5437 -5495 END
START -328 -13784 19112 186 -5870 -8882 END
START -100 -15240 18224 3125 -4875 -10900 END
START 424 -14468 17048 7730 -3641 -10692 END
START 464 -11784 16476 12140 -2698 -10484 END
START 656 -8292 16276 15509 -2268 -10954 END
START 212 -4936 15552 16375 -2047 -11058 END
START -524 -2300 14468 16086 -1493 -11183 END
START -1564 756 12924 16842 -1289 -11166 END
START -1436 3624 13224 13114 428 -12783 END
START -2376 6052 10796 13798 -753 -10414 END
START -2156 9260 11176 13683 -1278 -9083 END
START -2044 11656 10344 10768 111 -8573 END
START -1888 13980 9716 9684 329 -6300 END
START -2664 15580 9552 8537 -136 -4347 END
START -872 16592 9736 4800 1241 -4174 END
START -244 16640 9016 2120 2257 -3987 END
START 540 16196 8672 -562 3250 -2746 END
START 908 15596 8556 -2942 4637 -842 END
START 904 14412 8464 -4385 5784 1096 END
START 1192 13932 8876 -5980 6853 2473 END
START 1380 13144 9248 -7133 8071 3773 END
START 1336 12388 9860 -8050 9442 4891 END
START 948 11248 10292 -8845 11055 6040 END
START 672 9940 11132 -9327 12351 7627 END
START -1040 8944 12036 -10709 13440 8281 END
START -1432 6436 12740 -10177 14273 10112 END
START -2160 4944 13572 -12332 14853 11077 END
START -3228 3532 13844 -12988 14535 11435 END
START -3076 1160 15380 -12961 13114 11669 END
START -3396 -756 17464 -13731 11887 9875 END
START -3676 -3996 18980 -13320 10058 6917 END
START -5848 -6776 21652 -14274 10694 2839 END
START -9300 -9940 23324 -12114 9514 -496 END
START -5132 -14288 23668 -9853 8346 -3087 END
START -3404 -16140 22480 -3728 7834 -4283 END
START -5488 -17612 25048 4739 7785 -2177 END
START -6136 -15988 22000 8060 7221 -4449 END
START -5648 -14204 21280 11223 5703 -6914 END
START -5252 -11856 20312 12675 5135 -9257 END
START -4644 -8644 20100 14619 3691 -10958 END
START -4184 -4832 18900 14910 3346 -13755 END
START -5572 -1792 18548 14912 3779 -16705 END
START -5852 -236 16972 14371 1655 -19142 END
START -6356 544 15884 12919 3261 -19729 END
START -8236 2596 14720 11730 6340 -18004 END
START -9204 5056 14044 12314 6095 -14126 END
START -9500 8644 13172 12658 3918 -10594 END
START -9992 11104 13960 11291 5089 -7682 END
START -10372 13740 13732 9624 5293 -5221 END
START -11752 15892 14904 5855 4517 -3933 END
START -10532 16420 14984 2097 4466 -2844 END
START -9908 15948 14560 -168 3557 -117 END
START -7904 15752 14108 -3080 823 1597 END
START -7336 14428 16132 -5855 1643 3170 END
START -8768 13908 16700 -8029 -706 2316 END