START 156 -2432 16892 -2369 1835 1966 END
START 436 -2880 17136 -1661 2081 1890 END
START 596 -3160 17492 -2404 3659 1053 END
START 172 -3752 16940 -1182 3022 1696 END
START -368 -3876 17536 -407 2547 2026 END
START -544 -3644 17716 33 2396 1665 END
START -400 -3584 17808 338 2073 976 END
START -492 -3936 18332 508 1957 117 END
START -564 -4748 18532 462 1491 -580 END
START -824 -5084 18556 426 1335 -1266 END
START -1340 -5732 18376 499 1080 -2289 END
START -1500 -6592 18896 676 410 -3635 END
START -1728 -7656 19500 1440 -791 -4741 END
START -1716 -8548 20016 2105 -1523 -6431 END
START -1680 -9264 19376 2963 -1840 -8503 END
START -1404 -9684 18588 4838 -2310 -10206 END
START -864 -9156 18120 6901 -2564 -11335 END
START -988 -8860 17960 7926 -2787 -12110 END
START -1376 -8152 17148 8740 -2649 -12839 END
START -1316 -6452 16096 10874 -3425 -13241 END
START -1100 -4432 15700 12144 -3623 -14573 END
START -300 -1772 14568 12626 -3647 -15313 END
START 292 1196 13968 13390 -3765 -14489 END
START 996 4144 13872 13259 -3601 -13631 END
START 1444 6332 14116 12466 -3499 -13296 END
START 1876 7852 14616 10700 -3793 -14219 END
START 2604 8732 13896 9400 -3354 -15119 END
START 2944 9260 13456 9065 -2863 -15343 END
START 3636 9812 12908 9410 -2252 -14212 END
START 3720 11292 12800 9866 -1280 -11452 END
START 3348 13632 12812 9406 -386 -7685 END
START 2488 15452 12280 8389 3 -5212 END
START 3012 16220 12332 6085 36 -5247 END
START 3448 15788 11760 4238 454 -4926 END
START 4040 15588 11604 3344 1048 -4267 END
START 4460 15720 11144 3227 2256 -2308 END
START 4424 16280 10532 3089 4587 149 END
START 4648 16784 9696 2943 6298 3138 END
START 4540 17088 9176 2648 7542 5828 END
START 4516 17392 9072 1144 9046 7479 END
START 2912 16856 8824 -688 9341 8110 END
START 4144 15916 8092 -3350 12620 9349 END
START 2804 15548 7440 -4712 14398 10819 END
START 1496 14820 6940 -6177 16029 12226 END
START 784 13524 7132 -7504 16971 13165 END
START -864 11712 8000 -9788 18227 13126 END
START -2224 9356 8956 -11468 18549 13077 END
START -3804 6788 10572 -13063 18845 13047 END
START -3916 4208 12112 -12942 18365 13075 END
START -4976 1812 14236 -12824 18543 12987 END
START -5700 -1016 17592 -12148 17309 11689 END
START -6976 -2360 20272 -16098 14363 5447 END
START -9652 -11176 19992 -12846 11663 5804 END
START -9812 -12356 27752 -10171 9572 8440 END
START -11944 -14736 27232 -11637 10448 3225 END
START -12324 -17084 26972 -6607 6741 -1015 END
START -11244 -20300 27568 -619 2863 -3133 END
START -9732 -21708 28788 2616 2005 -5389 END
START -10236 -21100 26140 6060 677 -7885 END
START -9456 -18936 23756 10591 -1219 -10059 END
START -8120 -15728 21384 13560 -2076 -13112 END
START -6444 -12208 18720 16469 -2702 -14431 END
START -5924 -7212 17168 18612 -3608 -14180 END
START -4544 -3076 16404 16744 -3341 -16574 END
START -3752 628 13876 15627 -2859 -18295 END
START -4444 3772 13100 15361 -2449 -18197 END
START -4616 7652 12080 16038 -2317 -16208 END
START -4908 12012 11756 15559 -3948 -15817 END
START -5140 15436 12472 14748 -470 -13637 END
START -6184 18532 12456 14350 129 -13647 END
START -6020 19828 12356 11111 1526 -14213 END
START -6908 20084 11180 8971 457 -13832 END
START -4580 18584 10740 8709 3809 -11406 END
START -4184 19332 9920 5405 7104 -8929 END
START -4920 19468 10472 4934 4910 -1974 END
START -6000 19232 14632 1578 2598 601 END
START -5400 17592 15228 -2494 2540 1738 END