START 4948 -2156 17232 -3172 -5313 2458 END
START 3656 -1796 18508 -1441 -4225 3995 END
START 2996 -1304 18076 -415 -2657 5002 END
START 3456 -852 16784 -220 -1953 5308 END
START 2188 264 17144 -872 -1166 4761 END
START 2504 664 17284 -1870 -588 3465 END
START 2388 388 17216 -2923 89 1873 END
START 2588 -520 16888 -3925 747 976 END
START 2272 -1756 16492 -5087 1227 980 END
START 2056 -3000 15680 -5041 1201 2059 END
START 1468 -3096 15172 -4330 1102 3621 END
START 1208 -2828 15212 -3704 1059 4017 END
START 856 -2924 15920 -3429 865 3009 END
START 876 -3668 17192 -3446 442 1341 END
START 1036 -4672 18476 -4254 304 -709 END
START 980 -6128 18596 -4682 460 -3441 END
START 1388 -8196 18744 -4031 616 -7329 END
START 1072 -10336 18308 -3114 2677 -11985 END
START 904 -12888 16548 2142 1957 -16245 END
START -736 -13920 15400 8451 822 -20425 END
START -1028 -15580 13908 14337 -356 -25217 END
START -800 -14332 13400 23630 -3808 -27261 END
START -1180 -9240 16136 30663 -7854 -25492 END
START -1128 -3684 19068 32767 -7674 -25077 END
START 492 312 20700 30240 -3563 -26189 END
START 1148 3604 19300 30408 -297 -27458 END
START 1192 5756 17632 31826 302 -26395 END
START 4180 6932 14420 31972 646 -21459 END
START 3332 8816 11044 28031 4734 -14880 END
START 2104 12144 9704 20090 5987 -9788 END
START -452 14716 9132 15900 3186 -1944 END
START 1716 16096 9992 8011 1121 2721 END
START 1392 17240 8732 2388 9 5625 END
START 1924 17060 9472 146 -738 4548 END
START 2436 17184 10368 -2996 398 1939 END
START 3088 15884 11100 -7011 1094 -1348 END
START 3468 14520 11188 -7728 2684 -1452 END
START 2972 13344 12264 -8321 3852 -728 END
START 3620 11692 12776 -9238 5138 -134 END
START 2728 10508 12836 -10685 6419 1949 END
START 3672 8772 12240 -10831 7536 6149 END
START 2992 8552 13464 -11190 10280 9323 END
START 3248 7724 13852 -13877 12300 11869 END
START 3132 7284 13864 -13989 13664 14797 END
START 2824 6800 14196 -13886 14850 17852 END
START 4092 6284 13936 -16175 17521 19464 END
START 1448 6424 14640 -19688 21375 19759 END
START 1324 4432 14556 -23298 22611 19276 END
START -1152 2700 14156 -25700 22332 18074 END
START -2720 124 13152 -26462 20194 17804 END
START -4672 -1296 13780 -25027 17597 17543 END
START -7200 -2460 14844 -22566 16132 15669 END
START -7484 -4472 15216 -20359 14802 10856 END
START -6432 -7140 13940 -15504 14156 7086 END
START -6864 -6952 15220 -7869 11083 6665 END
START -7016 -7232 15572 -3396 7862 4543 END
START -7100 -6468 16632 -1591 4908 2388 END
START -6436 -7212 17804 -1369 2546 607 END
START -6516 -7904 17816 -1429 1276 -474 END
START -5308 -8244 19356 -6068 4897 -4016 END
START -4468 -9832 17012 -2495 4273 -1827 END
START -4252 -9180 17092 -1185 6670 -832 END
START -4192 -9120 15788 918 8243 104 END
START -4852 -8912 14628 4169 8497 717 END
START -5656 -8632 14512 7014 8081 -685 END
START -5764 -8716 14956 9586 6574 -3070 END
START -5960 -8340 15188 12072 5494 -6570 END
START -6316 -8020 15356 13412 5991 -11333 END
START -6576 -7940 14764 15723 6943 -16618 END
START -6904 -6248 14708 20228 7083 -21462 END
START -7900 -3732 15080 23149 573 -28866 END
START -5716 -5116 15420 25052 3307 -32768 END
START -7104 -3116 16872 29122 2777 -32768 END
START -7860 2064 16652 28420 168 -32768 END
START -7348 3928 17268 27629 -4989 -32768 END
START -8048 7680 23040 8518 1250 -32768 END
START -8152 5264 18976 10217 -527 -32292 END
START -9288 4796 16776 10483 5150 -23108 END
START -11068 6248 16404 11706 9013 -13413 END
START -11404 6864 15784 11169 8886 -7047 END
START -12072 8432 14788 8373 7194 -1329 END
START -12352 10492 14452 5257 866 2911 END
START -10964 11312 14552 2729 -4432 6475 END
START -9104 10252 15212 -593 -7171 6437 END
START -7336 9360 15400 -2220 -5730 6529 END
START -5420 8660 17728 -5441 486 3966 END
START -5944 6416 15616 -4790 2094 4361 END
START -5568 4072 15708 -5645 4695 4948 END
START -5856 4040 16848 -3507 6426 6360 END
START -6736 3676 17064 -1496 7191 8242 END