START -912 -1272 12176 -5375 -752 3922 END
START -880 -1608 12844 -4531 -487 4055 END
START -888 -1860 13252 -4537 135 4110 END
START -1240 -2360 13324 -4336 635 4798 END
START -900 -2788 13168 -4460 938 4720 END
START -2276 -2852 13948 -4338 839 3721 END
START -2952 -3276 14888 -3219 -225 2304 END
START -3100 -4704 16212 -3209 -220 20 END
START -3152 -6768 17140 -3125 -138 -2327 END
START -3220 -9632 18136 -2078 -884 -4630 END
START -2872 -12268 18824 -228 -1570 -6927 END
START -1932 -13668 19052 3367 -2276 -8264 END
START -972 -13344 18844 8035 -1953 -8390 END
START -228 -11816 18444 11993 -1471 -8290 END
START -24 -9408 17392 15212 -1553 -8167 END
START 76 -6380 16884 16811 -1819 -8086 END
START -420 -3508 16388 17399 -1670 -8220 END
START -1124 -588 15416 17195 -1377 -8402 END
START -3748 2468 15108 17005 22 -8206 END
START -1476 4916 14096 15513 -1071 -9008 END
START -1460 7124 13536 13723 -1397 -8822 END
START -780 9280 13644 13574 -2253 -8224 END
START -100 10724 13960 10712 -1231 -8354 END
START 188 11300 14336 8843 -806 -7829 END
START 512 12056 14632 7052 -286 -6847 END
START 528 12468 14780 4501 816 -5807 END
START 540 12480 13972 2571 1564 -4230 END
START 824 12768 12700 2175 2049 -2531 END
START 224 13424 12212 1843 2276 -1511 END
START 916 13916 12100 2134 2628 -546 END
START 820 14480 12052 1437 2442 -59 END
START 972 13432 13492 -373 2962 631 END
START 668 12656 13388 -1600 3704 2241 END
START 428 12364 13584 -2566 4040 4125 END
START 540 11408 13184 -3423 5132 5177 END
START 380 10820 13096 -4331 6045 5953 END
START 208 9996 12628 -5117 7257 6379 END
START 92 9348 11504 -5056 8146 7139 END
START -436 8848 11056 -4663 9283 8221 END
START -952 8584 10644 -4728 10567 8853 END
START -1304 7984 10756 -5018 11320 9355 END
START -1808 7136 12052 -6473 12423 9785 END
START -2552 6048 12760 -8216 13394 10492 END
START -3228 4772 13036 -10520 14078 10660 END
START -4552 3328 13460 -11913 15511 10660 END
START -5032 1664 14032 -13176 14392 9457 END
START -5116 -1060 15180 -14126 13257 8031 END
START -5836 -3756 17076 -14589 12148 5962 END
START -6556 -6556 18568 -14742 11262 3022 END
START -6616 -9536 19840 -12599 9776 1025 END
START -6728 -11248 20820 -9692 9083 -427 END
START -6156 -14376 21808 -2921 8668 615 END
START -7052 -14344 24024 -421 9309 -308 END
START -7008 -14464 22832 2858 7462 -3557 END
START -8380 -14112 23340 5478 5672 -5216 END
START -8436 -12356 22692 8278 5113 -7260 END
START -8672 -10304 21260 11281 3935 -8816 END
START -8480 -7564 19504 13513 2234 -10747 END
START -7900 -4636 18744 14611 755 -12986 END
START -6960 -2128 18152 16452 42 -13506 END
START -6520 1336 17912 15910 622 -14488 END
START -9000 4236 17052 15612 1562 -15137 END
START -6956 6164 16632 15910 1457 -16097 END
START -8552 8192 14964 14432 2876 -16363 END
START -7184 9804 12536 17042 -2733 -14844 END
START -5296 11464 13752 14632 1121 -11591 END
START -6884 13224 12788 13740 2289 -8573 END
START -7636 14904 12444 11545 2260 -5389 END
START -6464 16676 12268 8985 1999 -2798 END
START -5872 17164 12148 5949 1577 -1535 END
START -5712 16796 12716 1903 199 -1832 END
START -6104 15220 13860 -216 302 -590 END
START -6252 14512 14292 -4021 -173 -176 END
START -7268 11784 14212 -7261 1451 1256 END
START -6020 11568 15828 -6191 -649 3292 END
START -6444 10540 17920 -4616 -1541 6060 END
START -6976 9424 18684 -4689 -1966 6039 END