START 288 -3880 16948 -2150 -6667 -1210 END
START 352 -4248 18576 -1669 -5499 -1888 END
START 580 -4412 17320 -1671 -3657 -1833 END
START 416 -4948 16920 -676 -2650 -741 END
START -516 -4688 16824 -147 -1708 795 END
START -912 -4284 16896 281 -1627 2453 END
START -1240 -3500 16772 306 -2379 3241 END
START -1868 -2876 16944 -1022 -2102 1837 END
START -1100 -3232 16620 -690 -2537 806 END
START -372 -3452 17024 358 -2398 458 END
START 480 -2976 17640 423 -1135 -478 END
START 792 -3244 17588 -95 -49 -1414 END
START 572 -4192 17412 -1344 558 -2510 END
START -468 -5960 16996 -2302 661 -3773 END
START -1464 -8712 15716 -850 -1927 -4270 END
START -2136 -10088 15464 397 -1883 -6848 END
START -2632 -10544 15636 5731 -5225 -8670 END
START -2828 -10488 16756 11035 -6542 -13289 END
START -1540 -10748 17752 15955 -7867 -18681 END
START -160 -10696 18728 22156 -8026 -23878 END
START 1232 -9136 18284 29039 -6016 -29130 END
START 2748 -6276 18392 32767 -1307 -32768 END
START 3860 -2444 18012 32767 4737 -32768 END
START 3784 -584 17668 32767 7009 -32768 END
START 3368 -1200 13828 32767 2802 -32660 END
START -2104 2996 12084 32767 -3504 -19239 END
START -1184 12468 15868 25227 4890 -16586 END
START -4356 11724 8188 19229 3166 -4265 END
START 52 14488 10344 15602 49 1597 END
START -1900 16396 10244 15010 -906 -607 END
START 2676 15052 12552 6314 4373 -5833 END
START 980 14216 10992 5645 6349 -8284 END
START 1540 13756 10124 3712 5745 -7781 END
START 1112 12284 10372 2 7882 -7576 END
START -1304 11132 8684 -6357 9606 -6442 END
START -2448 9684 8484 -8309 8383 -2674 END
START -4452 12120 9180 -10757 5096 2160 END
START -3404 11808 9484 -12339 1864 7104 END
START -3828 12736 11192 -14583 347 9138 END
START -1296 12276 13312 -18650 2733 8022 END
START -520 10124 14028 -21547 5693 7768 END
START 1868 7876 14612 -22886 9582 8944 END
START 1460 6112 15216 -24187 14091 10225 END
START 5516 3600 15656 -23675 20531 13864 END
START 928 3736 17340 -27133 28494 13947 END
START 2428 1520 14656 -21958 31476 19778 END
START 876 1780 15008 -22241 32767 22426 END
START -1752 392 14708 -23612 32767 21476 END
START -3776 -1520 12612 -23080 32767 21639 END
START -5560 -2684 12660 -18515 32555 22304 END
START -7200 -3112 13732 -15041 29857 21776 END
START -7768 -2672 14148 -12811 27640 19182 END
START -8996 -4584 14096 -9761 25866 15213 END
START -11184 -5384 14580 -5661 24201 10883 END
START -14068 -4748 14368 -710 21214 7704 END
START -15552 -3812 15728 1311 17120 2474 END
START -15616 -3840 15716 1119 14693 -3657 END
START -15320 -4256 15368 1495 12936 -8831 END
START -14852 -4132 15548 1680 11494 -12450 END
START -14932 -6720 15428 2030 9905 -15665 END
START -15180 -9064 15456 5528 8115 -18134 END
START -17016 -10924 13508 12706 5640 -17800 END
START -18516 -8592 13060 24450 2462 -18844 END
START -19320 -5408 13560 30355 -2676 -23814 END
START -17704 -1444 12276 31102 -10299 -32045 END
START -16660 6040 14388 29671 -20147 -32768 END
START -10372 6160 14868 17544 -23467 -32768 END
START -5596 2940 14708 12471 -20510 -32768 END
START -3332 -240 15584 10661 -15746 -32768 END
START -3096 -2884 15488 13167 -9024 -32768 END
START -3764 -2056 16232 14699 -2263 -17631 END
START -5540 440 15940 14933 3746 -4961 END
START -7504 1588 13572 9673 6324 2715 END
START -8904 5120 13232 6339 8945 7261 END
START -11168 6284 12028 2782 11559 7246 END
START -12624 6336 10772 -261 11355 4747 END
START -14056 4792 9160 -2218 7814 1481 END
START -13504 4288 10300 -3176 3923 -226 END
START -12520 3000 11184 -3809 1133 -744 END
START -11628 1900 12092 -3134 -921 36 END
START -10468 1304 12712 -2762 -2191 1241 END
START -10052 668 14108 -2666 -2458 2756 END
START -9792 160 14072 -3071 -1640 4427 END
START -10300 496 13820 -3517 287 6465 END
START -9480 1668 14424 -4901 1764 7812 END
START -9448 920 14192 -6609 1373 9851 END