START 1504 1892 15944 -7910 -8442 4603 END
START 1632 -1056 13796 -7995 -6849 3612 END
START 1356 -1436 14608 -4841 -6419 5526 END
START 400 -1372 14180 -5191 -5494 4461 END
START 1004 -1128 14068 -4768 -4978 2597 END
START 1944 -1200 15028 -3259 -4453 2627 END
START 2244 -1196 15288 -2534 -2869 2569 END
START 1988 -1268 15320 -2568 -1678 2270 END
START 1136 -1320 14924 -2989 -876 2017 END
START 432 -1632 14008 -2681 -544 2536 END
START -244 -1812 13228 -2324 -274 3126 END
START -612 -1472 12892 -2229 1300 3592 END
START -380 -908 12212 -1772 -729 3283 END
START 888 -496 12796 -1403 -1747 3548 END
START 1640 -424 13360 -2351 -1267 2831 END
START 1812 -492 13956 -3204 -457 1959 END
START 1604 -1608 14268 -3575 580 1246 END
START 1508 -3016 14184 -3904 1431 345 END
START 1052 -4480 14036 -3730 2142 46 END
START 592 -6516 14228 -2596 2043 30 END
START 208 -8208 15020 -1367 1326 -834 END
START 168 -10332 16280 666 264 -2456 END
START 132 -11928 18024 2758 -828 -5143 END
START 156 -13336 19588 5254 -1252 -8516 END
START 1800 -13900 19620 7854 -1373 -11403 END
START 1592 -14284 18856 11302 -1319 -12711 END
START 1828 -13348 18392 13888 340 -14138 END
START 1188 -10892 16968 17711 1667 -15042 END
START 332 -8176 16456 20234 1933 -15739 END
START -756 -4776 14452 21168 2087 -15520 END
START -2296 -1288 13460 22234 1255 -14042 END
START -2504 2892 12740 21677 84 -12880 END
START -2204 6968 12384 21456 -394 -11882 END
START -1688 10608 12344 19570 -408 -10956 END
START -648 13916 12604 17841 -606 -10673 END
START -396 15668 12392 14087 439 -10529 END
START -92 16376 12492 11559 695 -9673 END
START 432 16684 12420 9156 964 -8210 END
START 1008 17020 12420 7217 1359 -6055 END
START 1188 17708 12068 5199 1717 -4383 END
START 1096 18200 11648 3160 2294 -3230 END
START 900 18432 11380 1578 2831 -2298 END
START 976 18364 11480 -312 3401 -1421 END
START 912 17436 11120 -2430 4326 -119 END
START 928 16140 10316 -4315 5467 1769 END
START 416 15072 9448 -5847 6709 4038 END
START 288 14248 8684 -7186 7924 6116 END
START 292 13676 8056 -8626 9067 7641 END
START 236 12976 7648 -10267 10381 8602 END
START 152 11560 7956 -11982 11733 9144 END
START -32 9908 8472 -13423 12780 9469 END
START -324 8164 9072 -15387 13839 9168 END
START -372 5896 9740 -16195 14941 9320 END
START -1504 3368 11780 -15304 16095 10821 END
START -2768 1284 12268 -16281 16959 9971 END
START -3624 -1392 13940 -16336 15898 9137 END
START -3768 -3356 16632 -16331 14892 7978 END
START -4580 -5716 18876 -18609 15545 5471 END
START -5200 -7668 19908 -14491 12836 5550 END
START -5544 -9436 22448 -13700 12134 3271 END
START -6376 -11208 23204 -11190 11235 2132 END
START -5452 -13336 24904 -2485 10423 4831 END
START -6376 -13072 23936 -1219 11290 2614 END
START -5248 -12488 23072 2012 7845 690 END
START -7260 -10912 24560 1587 7793 -2602 END
START -6436 -12536 23400 5291 5885 -4275 END
START -7276 -11292 23168 5820 4704 -8435 END
START -7128 -11448 21720 7848 3265 -11639 END
START -6436 -10124 21612 9940 2745 -14776 END
START -6188 -8152 20384 12493 2550 -17010 END
START -5956 -4348 20360 14533 1750 -18565 END
START -5748 -1384 20004 14886 2218 -19456 END
START -6284 1832 19328 15108 2762 -19626 END
START -6560 5320 16776 13658 12 -21953 END
START -6868 6908 16268 14951 1870 -22137 END
START -8656 8072 14672 12538 4207 -19794 END
START -9592 10144 12828 13040 799 -17690 END
START -9888 10564 12456 10822 721 -12206 END
START -11628 13956 12496 11731 -293 -5924 END
START -11568 15924 13648 4959 643 -4479 END
START -10552 16328 12248 4314 266 -1261 END
START -9636 16036 11088 -235 -381 -138 END
START -9072 15504 12256 -830 -975 3238 END
START -8044 14344 12804 -1623 -2096 4242 END