START -1020 -1832 15952 -5920 -7408 4699 END
START 264 -2504 14968 -4992 -7022 3000 END
START 1156 -3152 15516 -5449 -5632 2204 END
START 1384 -3976 15212 -5067 -3974 2012 END
START 752 -4820 15052 -3955 -2620 2826 END
START -1632 -4932 15220 -3149 -622 3229 END
START -1564 -5104 14472 -2775 -339 2466 END
START -2740 -5224 14684 -1672 -743 2440 END
START -2952 -5048 14544 -1183 -1078 1441 END
START -2696 -4840 15480 -629 -418 729 END
START -1260 -4900 15264 -866 -825 -303 END
START -868 -6064 15916 -717 -931 -965 END
START -820 -6936 16172 -673 -693 -1936 END
START -856 -8616 16424 -57 -238 -3375 END
START -1248 -10428 16840 895 421 -5219 END
START -1760 -11640 15924 2765 826 -7356 END
START -1024 -12832 15760 6000 872 -8808 END
START -256 -13128 16488 8265 773 -10393 END
START 764 -13588 17596 10390 557 -11816 END
START 424 -13524 18068 12024 1304 -13547 END
START -428 -12452 17492 14807 2325 -15100 END
START -1412 -10208 16908 18259 2841 -16416 END
START -2180 -6768 16348 20354 3096 -16644 END
START -2328 -2384 14868 21199 3694 -15443 END
START -4528 3388 13996 21839 4803 -12734 END
START -6024 8668 11748 20812 5197 -9487 END
START -6588 13124 10344 18296 5552 -7898 END
START -8772 16748 9404 16172 4688 -8171 END
START -6988 18472 9216 10568 3119 -8826 END
START -6068 17944 9548 4957 2981 -8892 END
START -6084 17736 9552 377 2071 -6645 END
START -6364 17344 10420 -2320 1541 -2526 END
START -6856 17468 10856 -4465 3252 1653 END
START -6516 16340 10868 -5892 4151 4092 END
START -5808 15320 10652 -7305 5168 5148 END
START -5276 13180 10512 -8769 6473 6574 END
START -3960 10848 11652 -10018 7225 8030 END
START -3180 8008 11860 -11183 8597 10223 END
START -2700 5540 12040 -11777 10579 12791 END
START -3028 3464 12196 -11544 12458 14710 END
START -2524 2148 12236 -11754 14017 15231 END
START -2412 968 13724 -11960 14310 14581 END
START -2396 -156 15468 -13139 14458 12724 END
START -3512 -1700 16520 -14664 14213 9843 END
START -4536 -5216 18344 -16863 15005 6099 END
START -6816 -9392 18644 -15845 14579 1617 END
START -9100 -14008 18644 -9231 13107 -595 END
START -6640 -17052 19856 -1197 10457 -3639 END
START -7756 -15236 20744 6862 7513 -5033 END
START -6584 -13364 21452 11284 6336 -7862 END
START -7200 -11172 20444 16456 5973 -9941 END
START -10384 -7396 19832 20986 -1624 -18650 END
START -7924 -3456 20184 20322 750 -23491 END
START -7840 1412 20668 19606 -5715 -31558 END
START -6160 -520 19412 6637 -3080 -32768 END
START -7428 -3020 17496 5965 -6742 -32768 END
START -5568 -1460 16504 8928 -5307 -22873 END
START -8600 2576 16032 10926 -1663 -9740 END
START -9176 7392 16372 11632 1588 -718 END
START -10304 10152 15828 9122 7937 1497 END
START -12012 11896 12964 6082 6530 123 END
START -11028 11952 14184 2743 4652 -1466 END
START -9404 10876 14344 -442 3567 -2856 END
START -9320 9704 14460 -1261 2045 -3012 END
START -8796 8208 15168 -2062 2137 -2764 END
START -8028 7248 16252 -1636 2591 -1261 END
START -8428 6096 16736 -2170 2534 -352 END
START -7672 5168 16572 -2251 1519 1918 END
START -7044 5384 17340 -2315 1270 4059 END
START -7836 5616 17448 -2811 2312 5895 END
START -6756 6264 17992 -2552 3346 7206 END
START -7080 5612 17712 -4273 3020 8189 END
START -6880 5036 17416 -6082 2846 8768 END