START -332 -212 13900 -6765 -8016 5985 END
START 416 -1632 13584 -4813 -7153 4536 END
START 2176 -2632 13724 -4565 -6122 4335 END
START 1320 -3572 13604 -4323 -4613 5292 END
START 652 -3536 13176 -4326 -4447 5695 END
START -96 -3460 12740 -4388 -4382 6100 END
START -316 -2508 12224 -3889 -4592 6303 END
START -424 -1748 12812 -4050 -3919 5463 END
START -84 -1652 12648 -4630 -3092 4185 END
START 116 -1896 12340 -4713 -2203 3079 END
START 368 -2640 12472 -4482 -1029 2290 END
START 528 -3488 12644 -4171 421 2299 END
START 336 -3888 12704 -3857 1517 3021 END
START -124 -4340 13056 -4399 2258 3082 END
START -32 -5028 13380 -5136 2394 2749 END
START -568 -6516 14056 -5631 1933 1908 END
START -1632 -9164 15088 -5600 775 -301 END
START -392 -14352 16016 -5722 -1561 -4419 END
START -1248 -17600 17340 -3437 -2868 -9955 END
START 44 -19608 19800 523 -3800 -13160 END
START 2048 -20904 17392 5955 -2272 -13601 END
START 4032 -19232 18300 11480 -1484 -12192 END
START 3884 -14944 16728 17046 1584 -11695 END
START 2604 -10056 15656 18787 2888 -13275 END
START 1236 -6208 15140 19496 3528 -15860 END
START 456 -5168 14220 19736 3956 -15885 END
START -1168 -1840 13224 19557 4178 -15759 END
START -1848 1932 11588 17153 4793 -14467 END
START -2364 6644 11296 20191 2469 -9415 END
START -2376 12008 12728 17692 3254 -7734 END
START -1908 15340 12332 15347 3798 -7416 END
START -1880 17348 12348 11664 3783 -7444 END
START -2392 18116 12600 6623 4352 -7812 END
START -2708 17820 11140 3020 4591 -6154 END
START -3316 17368 10804 690 4252 -3052 END
START -2248 17672 10060 -1327 4075 204 END
START -1548 17496 10264 -2770 3877 3259 END
START -1316 17056 10520 -4442 4092 5710 END
START -832 17044 11208 -5943 5654 7006 END
START -572 15396 10112 -6750 5894 7923 END
START -1596 13432 10364 -7926 6405 8805 END
START -124 11788 9836 -9556 8819 10531 END
START -408 10476 9072 -10029 10070 12968 END
START 376 8020 10168 -11050 11753 14324 END
START -392 4844 11820 -11245 12733 16582 END
START -992 2640 11424 -14435 14303 16764 END
START -1980 588 11384 -15704 14483 16505 END
START -2376 -1832 12540 -15215 13981 15878 END
START -2836 -3044 14148 -14772 13778 13257 END
START -2708 -4580 16272 -13418 13063 9680 END
START -2308 -5920 19108 -12873 12443 6662 END
START -2768 -8276 21736 -12305 11929 5201 END
START -2904 -10524 22308 -11794 11434 4811 END
START -3564 -11332 24116 -13113 14641 4540 END
START -4532 -13088 24176 -4547 11741 10815 END
START -8772 -12660 24328 -4764 13633 7713 END
START -8992 -12584 23628 1940 11213 5590 END
START -9668 -11612 23948 5532 8377 1169 END
START -8880 -12856 24892 5866 7618 -4511 END
START -8152 -13712 24856 9451 5506 -5997 END
START -8828 -12936 23724 10607 4781 -9258 END
START -9224 -11924 22216 12777 3180 -12817 END
START -9668 -9780 20412 14908 1672 -18442 END
START -7932 -8332 18160 17461 11 -23485 END
START -3844 -6060 16116 18478 -5558 -29616 END
START -2652 -3740 16364 19663 -6521 -32768 END
START -4296 -1944 16760 15278 -3290 -32768 END
START -5608 -272 15068 12577 -45 -30372 END
START -9492 2096 13548 13257 881 -23233 END
START -12216 5012 13528 13163 905 -17034 END
START -13328 9488 12604 12282 555 -9288 END
START -13168 14148 11836 12433 -323 -3853 END
START -12248 16716 11900 9209 165 -2789 END
START -12612 17892 12312 4009 -1750 -4955 END
START -9576 16888 12268 1399 -52 -5504 END
START -8180 14460 12220 -372 -822 -4454 END
START -7416 12712 12440 -2545 -171 -1822 END
START -6584 10596 13344 -3567 -855 1161 END
START -5488 9844 14620 -3971 -259 3746 END
START -5308 8676 15196 -5499 238 5431 END
START -4344 8488 15880 -5862 1511 6585 END
START -4060 7800 16884 -5225 2621 8034 END
START -4512 6696 18400 -5506 4164 7680 END
START -5300 5500 18320 -6594 4150 6632 END