START -224 -964 15376 -7769 -7920 2578 END
START 968 -3148 13556 -5891 -7346 1894 END
START 1136 -3328 13360 -4361 -6149 3288 END
START 1016 -3376 13484 -2984 -5001 3786 END
START 596 -2880 13564 -1675 -4393 3874 END
START 100 -2436 14252 -1535 -2026 3510 END
START -376 -1972 14008 -943 -1682 2444 END
START -680 -1024 14296 580 -1932 2499 END
START -932 -224 14840 -311 -926 382 END
START -1024 -208 14152 -539 -549 -698 END
START -1228 -272 13796 -162 -734 -370 END
START -1096 -476 13800 -163 -991 733 END
START -1068 16 13916 -207 -1329 1949 END
START -808 920 14528 -280 -1604 2576 END
START -420 1484 15056 -735 -1495 2485 END
START -132 1656 15200 -1199 -1259 1868 END
START 340 1680 15568 -1648 -985 994 END
START 640 1452 15900 -2299 -329 293 END
START 600 980 15920 -2710 366 127 END
START 420 380 15948 -3107 726 355 END
START 348 -284 16516 -3504 590 895 END
START 44 -1268 17024 -3845 132 1284 END
START -168 -2452 17912 -3904 -599 1099 END
START -104 -4232 19692 -3555 -1893 -172 END
START -108 -6784 21144 -3513 -3249 -3036 END
START -496 -10040 22988 -1538 -4993 -6405 END
START 692 -12220 23016 319 -5397 -10192 END
START 2368 -13248 22380 4973 -5513 -12245 END
START 2500 -13716 22320 9371 -5533 -12795 END
START 2584 -12984 21784 13154 -4796 -12959 END
START 2016 -10756 20568 16422 -3402 -13598 END
START 840 -7804 18628 19224 -2265 -14015 END
START -584 -4312 15724 21786 -1432 -13883 END
START -1720 168 13016 22760 -990 -12692 END
START -3328 4572 9972 24219 -2013 -9048 END
START -3208 9864 9604 22500 -1992 -7723 END
START -2648 14076 6808 18971 -2459 -6185 END
START -1348 17396 6728 15313 -3005 -4799 END
START 548 18976 7424 10691 -2411 -4628 END
START -408 19336 8644 5954 -1327 -4705 END
START 1988 17804 8232 857 -274 -4294 END
START 2028 16684 8848 -2274 1308 -3299 END
START 1576 15476 8132 -3509 3235 -1020 END
START 1448 14716 8528 -4238 4511 518 END
START 900 13868 9248 -5460 5362 1072 END
START 704 12676 9664 -6446 5959 2097 END
START 420 11728 10120 -7313 6697 3276 END
START -140 10920 10128 -8189 7457 4195 END
START -320 10064 9892 -9132 8313 5083 END
START -264 8820 9668 -9177 9790 6216 END
START -496 8104 9396 -8747 10801 7443 END
START 52 7320 9300 -8913 12198 8497 END
START 124 6752 9560 -9298 13357 9699 END
START -132 5364 10628 -9930 14652 10419 END
START -820 4044 11712 -10517 16052 10492 END
START -1296 3008 12932 -10628 16037 9820 END
START -3076 2484 14968 -10953 15837 8147 END
START -1960 284 15624 -10163 16955 6971 END
START -2772 -976 16528 -12249 16963 5418 END
START -4652 -1324 17652 -11717 15884 4178 END
START -3544 -3164 19096 -11322 13397 3081 END
START -4840 -2988 20204 -10857 12626 4740 END
START -4184 -3920 22292 -11029 11676 5369 END
START -4452 -5208 23936 -11571 11037 4890 END
START -4908 -6776 24380 -10544 9856 3733 END
START -5256 -10068 24340 -5413 9287 6508 END
START -5684 -8976 25752 -2954 10166 5773 END
START -7996 -8584 25204 -682 9032 3596 END
START -8408 -8452 25420 1131 7097 1772 END
START -8520 -9348 24072 1235 5462 -997 END
START -8456 -10796 23460 2354 2797 -3157 END
START -8220 -12040 23124 3953 572 -5761 END
START -5740 -12864 21500 6306 -818 -8496 END
START -6456 -12740 19992 9960 -1898 -10351 END
START -5212 -11560 17960 12609 -2156 -13186 END
START -3960 -9948 16204 15444 -2086 -15236 END
START -3616 -6916 14768 18194 -1858 -17012 END
START -3316 -2444 14424 19346 -1219 -18309 END
START -2128 836 13836 18312 -1899 -19630 END
START -2580 3680 13952 15463 2509 -20485 END
START -5556 5524 12840 12886 5029 -21320 END
START -8152 6768 10924 12291 5917 -20738 END
START -8844 9796 11384 13504 8386 -17075 END
START -11464 13104 10824 10125 5956 -14543 END
START -12688 14060 13336 8139 6003 -11162 END
START -13740 15344 13436 2786 6696 -10579 END
START -13596 15020 13236 896 8907 -7756 END
START -12744 14432 11980 -2661 12069 -5376 END
START -12496 12924 12296 -1495 7748 -1290 END
START -11036 10780 12724 -1287 4103 1769 END