START 1308 -1944 13852 -4359 -4183 3120 END
START 932 -3140 13492 -4383 -2559 2667 END
START 492 -3964 13492 -4481 -1815 2602 END
START -900 -5044 13116 -3844 -1302 2864 END
START -624 -5764 13380 -3173 -1176 2657 END
START -204 -7108 14120 -2903 -2764 1707 END
START -304 -8396 15316 -2896 -3138 -80 END
START -508 -10140 16160 -2428 -3187 -2585 END
START -504 -12464 17588 -1266 -3562 -5669 END
START 132 -15332 18672 827 -3558 -9169 END
START 984 -16212 18904 3852 -3034 -11536 END
START 1316 -15704 18352 8141 -1843 -11620 END
START 1824 -14416 17856 12448 -1340 -11445 END
START 1296 -12204 17080 15174 -706 -11774 END
START 64 -9664 16712 17099 -1178 -11879 END
START -988 -6844 15736 18424 -1507 -12159 END
START -1300 -3184 14528 19070 -1400 -13138 END
START -1952 1380 13208 21257 -2207 -12492 END
START -1840 6052 13112 20336 -1473 -13058 END
START -2168 9620 10708 18716 -1339 -11789 END
START -1688 13276 10852 17949 -1286 -10031 END
START -1088 15980 10096 14775 -603 -8781 END
START 1692 17044 9500 11991 -1207 -7421 END
START 1060 18228 11068 8476 -91 -7422 END
START 2300 17340 9192 4482 447 -7215 END
START 2804 16744 9192 2289 1953 -5275 END
START 2508 16576 8896 152 2910 -3089 END
START 2448 15996 8836 -1867 4156 -1485 END
START 1900 14756 9228 -3810 5069 -48 END
START 1496 13368 9464 -5328 5942 844 END
START 1380 11812 9744 -6553 6716 1503 END
START 1524 10504 10328 -7003 7239 2445 END
START 1576 9516 10696 -7127 8144 2907 END
START 1432 9132 10464 -6982 9608 3436 END
START 1204 9228 9768 -6125 11266 4871 END
START 844 9732 9440 -5308 13331 7260 END
START 224 10244 8660 -4615 15232 9737 END
START -808 11204 8564 -5808 16923 11537 END
START -1184 11404 9064 -8200 17717 12312 END
START -2496 8820 9704 -11806 18882 13275 END
START -3164 7580 13168 -16311 18590 13199 END
START -3548 5624 14164 -20466 18710 11049 END
START -4328 1536 14712 -21472 17556 9260 END
START -6376 -1540 16800 -20731 17528 7062 END
START -6208 -5672 18292 -17848 14871 4974 END
START -6652 -8568 20540 -15457 12324 3108 END
START -7776 -10584 23416 -14083 11154 -192 END
START -5408 -17272 23884 -7568 12213 4346 END
START -5996 -15356 26464 -6047 11872 6790 END
START -4108 -14928 23596 -2906 10723 3107 END
START -6860 -14016 26952 -16 7355 431 END
START -6116 -15364 26624 2268 7516 -2430 END
START -7012 -15336 26508 5680 5421 -3873 END
START -7844 -14288 25736 7388 4449 -7426 END
START -8352 -13404 23544 10598 2356 -10967 END
START -8084 -11728 21220 13503 743 -13880 END
START -7676 -9056 18940 15885 -1045 -15105 END
START -7356 -6540 16984 16613 -4377 -16830 END
START -7048 -2764 15636 18130 -4067 -17702 END
START -5872 304 14308 19524 -4653 -18870 END
START -5304 3872 14828 20059 -2908 -19732 END
START -6964 5824 14808 18858 -487 -20883 END
START -7116 7976 14184 15479 1176 -22188 END
START -8468 7712 11864 13191 3156 -18384 END
START -9264 9464 11740 14100 3228 -11793 END
START -10052 11880 11712 10437 3831 -7374 END
START -11356 14364 11616 10730 2040 -1324 END
START -12228 17012 12592 8018 1050 3026 END
START -11236 18968 13816 3521 -91 1294 END
START -10700 17440 14272 -297 -333 840 END
START -7968 16124 12820 20 -1576 2393 END
START -6116 14640 15924 -2399 -1516 2268 END
START -5864 12248 16464 -3803 -1305 3053 END