START -896 492 13300 -4883 551 8116 END
START -984 932 14128 -4585 1299 7823 END
START -680 1272 15068 -4335 2548 6784 END
START -1088 184 15796 -4909 4178 5313 END
START -2060 -1268 15772 -5329 5167 4005 END
START -3028 -2928 16008 -4524 4797 3875 END
START -3396 -4504 17100 -4210 4062 4068 END
START -4116 -5852 18676 -3251 2350 4096 END
START -4912 -6408 19728 -3484 1686 2548 END
START -6792 -7276 20776 -3406 2463 -49 END
START -6668 -9276 21256 -3188 -1511 -4126 END
START -5076 -12476 22220 -1861 -3788 -7587 END
START -4252 -14028 22400 1256 -4671 -10522 END
START -2932 -14776 21496 5647 -3967 -12828 END
START -2168 -14256 19764 10401 -2448 -13825 END
START -2208 -12404 18196 13712 -1571 -14253 END
START -2676 -10368 16028 15737 -1902 -14428 END
START -3352 -7976 14000 17052 -3024 -14306 END
START -3520 -4952 12644 16669 -3360 -14997 END
START -3224 -1848 11340 17032 -4687 -14969 END
START -2848 1652 11148 16548 -5138 -14695 END
START -1444 5644 10784 15912 -5078 -13857 END
START -236 9052 10908 15506 -4350 -13056 END
START 864 11556 10492 16256 -5850 -13519 END
START 2960 13532 10844 13300 -1962 -12507 END
START 2436 15408 10712 11690 -382 -11169 END
START 1704 17192 10640 9880 990 -9103 END
START 1304 18912 10264 8367 1645 -6547 END
START 1164 20220 10424 6044 2923 -3924 END
START 2244 21440 8020 4279 2537 -1883 END
START 1320 21524 9900 1876 3451 -609 END
START 1212 21008 9416 597 5282 1886 END
START 1016 20200 9552 -624 6452 4067 END
START 728 19436 9084 -1994 7653 6113 END
START 192 18768 8972 -3549 9076 7868 END
START 16 17984 8672 -5249 10436 9321 END
START 12 16228 7696 -6463 12253 10818 END
START -1164 14596 8336 -7394 13813 12985 END
START -1636 12656 8616 -10596 15097 13210 END
START -2664 10396 9520 -13466 15343 13960 END
START -1692 7572 10896 -16013 15951 14016 END
START -5180 4020 13460 -18112 14914 12611 END
START -5344 -332 15200 -20003 14039 10004 END
START -6172 -4312 18244 -20513 11938 7114 END
START -6876 -8484 21140 -21176 9253 4797 END
START -7940 -13096 23576 -20654 8149 2081 END
START -8572 -18052 24500 -16727 6738 -1194 END
START -8468 -20292 24176 -9347 7344 -4889 END
START -6872 -23264 23480 -983 7202 -5412 END
START -5220 -19912 24340 6825 4320 -3640 END
START -7176 -19160 23324 13363 3631 -4448 END
START -7116 -13992 22336 15919 1422 -6065 END
START -6776 -10632 21380 17217 770 -8470 END
START -7012 -7068 18940 19212 792 -9136 END
START -7376 -3656 16648 19534 110 -11864 END
START -5624 -472 15688 18676 -1416 -15695 END
START -4744 2428 13992 18316 -2256 -16624 END
START -4532 5700 13976 17642 -5431 -16356 END
START -3688 8816 13468 14744 -3354 -17086 END
START -4224 12004 12196 14037 -2171 -15162 END
START -4948 15428 13024 14214 -1282 -13783 END
START -5016 17572 13884 11484 1644 -13719 END
START -4628 18552 12764 9416 3873 -12771 END
START -5052 19096 12120 8458 4838 -10700 END
START -6128 18876 11360 6472 7479 -6933 END
START -6784 19988 9844 3179 9357 -3822 END
START -6432 18840 10752 2150 8841 1603 END
START -8240 19032 13388 -267 5537 6299 END
START -8920 18264 16208 -3119 2732 7770 END