START 1536 -2160 13016 -6351 -3013 1922 END
START 896 -2632 13256 -7219 -1499 2353 END
START -548 -3324 12756 -7621 -606 3270 END
START -1160 -2952 13524 -6912 2079 4859 END
START -3128 -2076 12876 -7661 2557 3553 END
START -3324 -2592 13408 -5785 -384 2402 END
START -3492 -3128 14732 -6141 -557 -414 END
START -2564 -4736 15276 -5169 -1487 -1266 END
START -1684 -6584 16152 -4984 -1541 -2166 END
START -1452 -8668 16932 -4565 -1627 -3260 END
START -652 -10268 17468 -3519 -1758 -4254 END
START 0 -11844 17284 -1868 -1658 -6317 END
START 1008 -12964 17352 524 -1907 -8570 END
START 2116 -14624 17924 3191 -2563 -11372 END
START 2428 -15680 18180 5682 -2958 -13898 END
START 2596 -16048 18296 7864 -2563 -15054 END
START 1808 -14576 17156 10777 -1498 -14601 END
START 740 -11056 15788 13946 -865 -14226 END
START -60 -7052 14172 17131 -610 -13115 END
START -956 -1860 13872 18647 -510 -11447 END
START -1956 2876 12208 18458 -601 -10641 END
START -1964 6620 12392 16059 515 -11677 END
START -1916 8900 11192 14021 428 -10426 END
START -1308 10800 12180 13592 58 -7505 END
START -472 11704 12912 9515 606 -6772 END
START 452 11592 13308 6335 201 -6577 END
START 1664 11736 13024 3861 308 -6772 END
START 1176 11388 13444 2659 1155 -6194 END
START 2112 10836 12544 1877 -8 -5959 END
START 2116 9828 13380 880 1605 -4674 END
START 2228 8968 14420 -545 2118 -2890 END
START 1688 8204 14656 -1243 2342 -936 END
START 1696 8184 14756 -1279 2336 519 END
START 1556 8612 15072 -1536 2676 1063 END
START 1476 8504 14716 -2128 3231 836 END
START 1396 8164 14508 -2242 3777 1126 END
START 1772 8044 13372 -1723 5302 2528 END
START 920 9320 11856 -919 6633 4635 END
START 1048 9544 10336 1523 6535 7888 END
START 260 11148 10044 -649 8976 10397 END
START -272 12500 9688 -2547 9976 12237 END
START -1156 12916 8940 -5276 11002 13699 END
START -1512 12048 8604 -8729 12337 13751 END
START -1820 9316 9144 -12494 12626 13198 END
START -1884 5908 10756 -16001 13266 13148 END
START -2208 1940 11920 -17000 13385 13683 END
START -2352 -1960 13696 -16179 13322 13278 END
START -2992 -4672 15112 -14581 13215 11666 END
START -3364 -6740 18344 -11068 11801 10719 END
START -4648 -7512 22096 -11464 12053 7807 END
START -4264 -11476 22104 -10989 9879 5809 END
START -3128 -15064 22780 -8696 10807 6072 END
START -3692 -16096 25512 -4208 9436 9034 END
START -6216 -13784 23036 -1978 9639 8760 END
START -5464 -11548 24444 3304 7338 8875 END
START -5712 -9548 23832 1987 7627 5543 END
START -5464 -10644 23400 3089 4972 3482 END
START -6092 -10812 25116 1103 3898 -63 END
START -6504 -12092 23120 698 2943 -3329 END
START -6020 -13128 22384 3054 1132 -4592 END
START -5824 -13336 20924 4310 487 -6726 END
START -5432 -12920 18604 6291 -498 -9350 END
START -4836 -11940 16760 7602 -1127 -12448 END
START -3368 -11728 15488 10714 -1935 -13732 END
START -2768 -10292 15000 11148 -1340 -16132 END
START -2052 -9024 14232 12125 313 -18470 END
START -1348 -7508 13548 12525 1792 -19948 END
START -1600 -5932 13268 13444 2851 -19724 END
START -3300 -3832 12628 14772 3274 -16965 END
START -5708 -516 12832 15009 3691 -15127 END
START -8116 3832 12512 14660 4638 -14064 END
START -8968 7992 12540 16069 2781 -10869 END
START -9184 12052 14992 14012 2259 -10876 END
START -8344 13896 15624 9828 1937 -12113 END
START -7240 13880 15400 7957 2150 -11529 END
START -7780 13292 15640 7597 1266 -10219 END
START -7164 12916 16528 6931 3169 -6871 END
START -7480 13504 16312 7014 3872 -4346 END
START -6920 14128 16636 5382 2697 -3241 END
START -6380 13084 18800 5012 1077 -1326 END
START -4968 11708 20104 2642 1599 646 END
START -6400 10376 20824 -494 2356 1658 END
START -6724 10256 19384 -1511 4486 4112 END
START -7192 9440 20600 -972 3404 7237 END
START -9020 8860 21224 -435 1245 8651 END