START 1516 -2572 17220 -4140 -7158 1619 END
START 1672 -2768 15868 -2471 -5160 3223 END
START 616 -2432 15460 -2273 -3677 4202 END
START -400 -2252 14728 -3406 -2556 4230 END
START -1520 -1748 13172 -3191 -2722 4500 END
START -1568 -1216 13148 -3146 -2901 4139 END
START -1308 -912 13360 -3658 -2616 3263 END
START -1520 -1576 11864 -3801 -2540 2831 END
START -148 -972 12844 -4669 -2146 1197 END
START 196 -1680 13100 -5093 -1585 298 END
START 412 -2564 13448 -5411 -1086 118 END
START 332 -3608 13428 -5042 -786 870 END
START 4 -5260 14352 -4761 -886 1044 END
START -932 -6824 15096 -4606 -1319 -12 END
START -1520 -9248 16544 -3260 -2533 -2516 END
START -1236 -12044 17828 -1386 -4032 -6681 END
START -224 -14724 18564 1358 -5149 -11119 END
START 1320 -15848 18612 5572 -5456 -14164 END
START 3356 -15568 19356 9885 -4644 -15125 END
START 2936 -13112 19044 14637 -2717 -15303 END
START 2836 -9880 18688 19615 -617 -15360 END
START 1108 -6188 16932 21114 1574 -16102 END
START -600 -3040 14408 21948 2783 -15734 END
START -1796 1572 12112 22657 2613 -12646 END
START -2756 6204 10680 23554 1483 -8432 END
START -3396 10596 10448 21659 941 -6110 END
START -3548 14228 10568 18477 371 -5120 END
START -3100 17116 10688 14115 193 -5187 END
START -1860 17928 11232 9128 315 -5355 END
START -456 17508 10476 4712 902 -5219 END
START 380 17032 10204 2174 1170 -4233 END
START 720 16604 10500 -385 2076 -2681 END
START 616 15936 10516 -2191 3377 -23 END
START 816 15884 10400 -3531 3944 2131 END
START -140 14692 10456 -4621 5574 3948 END
START -576 13840 10624 -6330 6717 5016 END
START -824 12636 9912 -7946 8027 5428 END
START -1340 11264 8804 -8359 9334 6184 END
START -2084 9752 8216 -8425 10337 6827 END
START -1908 7616 8424 -8225 10815 7289 END
START -1412 5524 8692 -8508 11703 7776 END
START -596 3636 9392 -8657 12224 8400 END
START 300 2760 9888 -8122 12475 8883 END
START 1660 1268 10600 -7056 13948 10336 END
START 1836 2376 13356 -6041 15944 10929 END
START 1460 2732 13448 -7165 17288 8622 END
START 360 1672 15640 -7803 17561 6892 END
START -728 -56 17776 -8817 17424 5778 END
START -2644 -2076 19152 -11127 17283 3767 END
START -3340 -4916 19176 -11604 16423 2527 END
START -5764 -6572 20444 -11533 16443 1488 END
START -5964 -8148 21484 -7384 13279 2827 END
START -6044 -10896 22708 -1511 12857 5314 END
START -9264 -8740 28980 -827 11233 4113 END
START -7676 -9588 27868 1219 11514 983 END
START -8868 -11484 27060 3904 9376 -1579 END
START -9348 -11900 26112 5288 8421 -5369 END
START -9412 -11660 24944 9944 6136 -6459 END
START -9484 -10280 23668 12477 4928 -8713 END
START -9872 -8224 21752 13445 2990 -11958 END
START -10376 -5808 19936 13989 1307 -14187 END
START -11280 -2048 19696 13905 206 -15527 END
START -12668 432 17144 14805 -1215 -15196 END
START -11156 3488 17576 12442 -1395 -18353 END
START -12176 5860 16080 13023 -6812 -22510 END
START -9776 6424 15364 9636 -3457 -20877 END
START -7960 6552 14432 10050 -905 -18281 END
START -8508 8416 13384 8451 161 -16455 END
START -8256 9312 12912 7472 2333 -13151 END
START -9008 10124 12400 7061 4976 -8252 END
START -10168 11180 10352 6363 4745 -2981 END
START -10220 12904 9776 4401 3753 1824 END
START -10452 14240 9984 1447 2866 4274 END
START -9296 14684 10172 813 2131 6316 END
START -8296 14116 11484 -501 2175 7008 END
START -8536 13272 11768 -2743 1257 6133 END