START -728 -1176 12260 -6435 -3047 5209 END
START -688 -2004 12712 -6440 -1755 4458 END
START -1216 -2684 12720 -6247 -1060 3984 END
START -732 -4132 12928 -5931 925 3560 END
START -1500 -5520 13772 -6055 145 1959 END
START -1344 -8016 14204 -4880 -1142 1023 END
START -2096 -10648 16136 -4393 -1637 -1815 END
START -2184 -14312 18108 -2673 -2950 -5931 END
START -1692 -16712 18028 179 -2963 -10369 END
START -152 -17832 17792 4863 -2594 -12508 END
START 916 -17716 17092 10567 -2039 -12795 END
START 1212 -16596 17156 16406 -1903 -12385 END
START 680 -13808 17260 21068 -2079 -12400 END
START -56 -10532 16280 24567 -1589 -12307 END
START -1196 -6096 15928 25792 -957 -13032 END
START -2736 -1740 14852 27032 -834 -13002 END
START -1752 3404 14352 26487 -433 -14414 END
START -2888 7416 11852 23874 394 -13933 END
START -2712 10672 11004 24148 96 -12143 END
START -2572 13068 9340 20676 -1075 -10464 END
START -1548 16772 9344 16478 489 -8363 END
START -1356 18192 7852 13310 357 -6846 END
START -492 19524 8068 8996 1586 -4595 END
START 672 20728 7440 6046 2897 -1552 END
START 1020 21868 7684 2499 4372 167 END
START 856 21332 7052 -2072 5861 111 END
START 336 20272 6468 -5590 6719 804 END
START -148 18872 6448 -8309 7775 2142 END
START -396 17176 6688 -10756 9245 3582 END
START -444 15296 6932 -12613 10380 5268 END
START -332 13200 7432 -13595 11423 7002 END
START -168 11484 8544 -14442 12413 8879 END
START -340 9856 9800 -15221 13529 10289 END
START -764 8008 11364 -16199 14491 11246 END
START -1140 5764 13604 -17554 15096 11738 END
START -3256 3336 15116 -19358 14344 10430 END
START -3300 -820 16096 -18225 13378 10458 END
START -2644 -3892 18940 -18692 13543 8669 END
START -5428 -6864 20108 -16679 11808 4652 END
START -5024 -10184 22568 -11044 7591 1861 END
START -4800 -11608 25156 -8899 8678 -496 END
START -3636 -15276 24624 -3245 6137 -509 END
START -4552 -15176 26064 48 6600 -2174 END
START -3164 -16684 25348 5089 7189 -2560 END
START -4444 -15592 23868 7200 6464 -3848 END
START -5080 -12696 22604 11195 5934 -5417 END
START -5348 -9272 20660 13781 4248 -6959 END
START -5100 -5928 18760 15037 2999 -7964 END
START -5536 -2932 17516 16202 1497 -8600 END
START -3648 -292 17628 14420 1266 -11910 END
START -3324 1144 15128 11752 1759 -15084 END
START -1980 2348 13804 13315 -337 -16800 END
START 896 3896 13116 11708 1831 -16959 END
START -728 5260 12628 11834 3385 -16446 END
START -1776 7468 13480 10389 4395 -15311 END
START -4760 10332 16096 8406 7248 -14641 END
START -8880 12276 18460 6135 10543 -15513 END
START -12072 11700 17868 3799 14605 -15803 END
START -15040 12064 15608 4134 14794 -13228 END
START -16832 11584 14448 5092 12223 -8532 END
START -16580 11592 13224 4882 7942 -4047 END
START -17552 13056 14552 3993 1508 1980 END
START -16428 14016 16592 2993 -3194 5750 END
START -13884 13788 16856 438 -6291 6950 END
START -10624 12360 16136 -1713 -9433 7130 END
START -8292 11068 16084 -3032 -9956 6920 END
START -6504 10320 16264 -3918 -9693 5821 END
START -4924 8160 16948 -5330 -8370 5074 END
START -3864 6252 17648 -5323 -6583 5868 END