START -1596 -1648 13948 -5948 -11420 5729 END
START 96 -2256 13236 -4578 -10003 5408 END
START 1112 -1684 12836 -5350 -9014 5057 END
START 2208 -2028 12644 -5989 -6783 3579 END
START 2416 -2108 11796 -5977 -5159 2735 END
START 2252 -2196 10664 -5582 -3309 2334 END
START 2152 -2024 10464 -5380 -1067 2404 END
START 1596 -1548 9852 -5130 1489 2310 END
START 1440 -996 10052 -4493 2225 1826 END
START 344 -140 10848 -4573 3259 1289 END
START -1008 84 11364 -5142 4183 1238 END
START -1468 224 11652 -5569 4820 1595 END
START -3200 240 13132 -5097 4566 3445 END
START -4124 968 13788 -5482 4671 4619 END
START -4796 1244 15024 -5270 3539 5281 END
START -5944 548 16840 -5895 1691 5225 END
START -4408 -476 19680 -5839 1209 3956 END
START -4912 -2740 21532 -6189 557 1599 END
START -4592 -5796 22636 -6776 -83 -1071 END
START -3848 -9204 24004 -4728 -1454 -2418 END
START -3684 -11416 24148 -2170 -1485 -2434 END
START -2756 -11936 23656 2397 -4458 -1550 END
START -1068 -9924 23632 6710 -6868 -548 END
START -1280 -7168 22908 8687 -7410 -2063 END
START -224 -5240 21000 8986 -8114 -4608 END
START 520 -3468 18964 9151 -7214 -6062 END
START 636 -1500 16988 9367 -5925 -6353 END
START 252 -232 13968 8960 -4765 -5614 END
START -56 788 12152 8060 -4235 -4587 END
START 144 2048 10132 6479 -3374 -2937 END
START 316 3668 8724 5776 -2244 -306 END
START 560 5100 8480 4592 -869 1509 END
START 800 5660 9516 2044 -203 1830 END
START 736 4516 11844 -1766 629 677 END
START 376 2512 14168 -5903 638 -1561 END
START -732 -1040 14564 -9028 634 -5254 END
START -1028 -5500 15404 -7824 -791 -9645 END
START -264 -9448 16260 -3732 -2100 -12737 END
START -476 -11596 17480 1456 -2412 -13710 END
START 96 -13140 19876 5483 -3196 -13413 END
START -36 -12360 20268 8913 -3345 -13958 END
START -668 -11440 18272 13110 -2201 -14177 END
START -1008 -8328 18636 15727 -1626 -15981 END
START -748 -4816 15300 18461 -722 -16715 END
START -316 -1600 13488 20473 81 -16285 END
START -620 1264 12152 20775 2001 -16753 END
START -3156 3884 9328 20405 2407 -16177 END
START -1592 5516 8156 19360 3415 -13333 END
START -1212 9012 8092 20041 4206 -8516 END
START -1116 12940 9180 17347 4546 -5899 END
START -880 15080 9180 14631 5371 -4271 END
START -964 16372 9536 11542 5417 -4033 END
START -1044 16752 10420 7779 6056 -5833 END
START -1176 16816 9964 4548 6063 -7189 END
START -1712 16572 10484 1768 6020 -6773 END
START -1732 16036 10568 350 6748 -4350 END
START -1812 16108 11176 -798 6842 -1957 END
START -1852 16244 11588 -2696 7490 270 END
START -1804 15600 12208 -4530 8688 2022 END
START -2500 16800 9340 -5809 9106 2868 END
START -1716 15724 9560 -7369 11343 4150 END
START -1396 14900 7456 -8065 13439 5930 END
START -1524 13724 7160 -9759 15162 7647 END
START -1420 12448 8316 -11261 17718 9877 END
START -1672 11112 11288 -14191 19381 11696 END
START -2984 9680 13196 -17375 21839 13447 END
START -5628 7236 13440 -18737 22680 14363 END
START -7648 4952 13936 -18876 21785 14005 END
START -9916 3140 15524 -17877 19070 11775 END
START -11496 -328 17916 -16782 15169 8345 END
START -10652 -3080 21272 -19652 11815 3437 END
START -7396 -7268 21456 -13842 9202 4965 END
START -7376 -8308 26232 -11352 8180 6655 END
START -7888 -6540 23988 -7963 10877 6253 END
START -8808 -4864 26552 -3719 9745 5642 END
START -10308 -3784 28340 -6552 12190 1935 END
START -13728 -4032 25024 -3819 12916 2930 END
START -14936 -5500 25356 -2474 8423 2746 END
START -14972 -6584 22476 -2036 4250 2386 END
START -13920 -5852 21708 -285 -1016 2416 END
START -11852 -5808 21740 -1048 -4788 -106 END
START -9660 -5928 20068 -1476 -7250 -3087 END
START -7576 -7104 18796 -1534 -7883 -6665 END
START -6232 -9004 17952 -420 -6997 -9467 END
START -5052 -10168 15560 1887 -5628 -11633 END
START -4824 -9780 13764 6710 -5675 -13021 END
START -4604 -8656 12840 10639 -5276 -14602 END
START -1192 -5956 11828 12586 -6364 -16101 END
START -2628 -1296 14140 12603 -5504 -17812 END
START -3552 1264 14096 10428 -5946 -22307 END
START -3032 628 14408 8026 -2034 -24721 END
START -6068 468 14120 6152 1026 -24347 END
START -8692 1392 13768 7257 3643 -17985 END
START -11156 5232 14588 9983 3815 -8816 END
START -13116 9408 14772 10413 2644 -1771 END
START -15092 13036 15572 6462 1987 -1497 END
START -14276 14560 14248 2252 -387 -3769 END
START -13548 12320 15272 2461 -2060 -3791 END
START -10976 10444 14172 1644 -3365 -2005 END
START -8936 9012 14704 1643 -7152 -319 END
START -6184 9608 16500 539 -5708 1408 END
START -5092 8460 16952 8 -4381 2957 END
START -4812 7772 16936 -387 -4254 4777 END
START -4152 7200 17016 -1242 -3353 5204 END
START -3596 7212 16616 -1921 -1727 5173 END
START -3444 6052 17572 -1645 -761 5484 END
START -3668 5132 17724 -1871 -887 5343 END