START 1012 540 12384 -4893 -5689 6092 END
START 1316 -1252 12060 -5951 -5344 6181 END
START 1832 -2364 11636 -5764 -3958 7441 END
START 1388 -3056 11420 -5113 -1638 8874 END
START 1328 -3048 11396 -4613 -2804 8481 END
START 1060 -2940 11580 -4450 -2846 7788 END
START 1392 -3124 12204 -4124 -2358 6947 END
START 1516 -3500 13184 -4732 -1983 5492 END
START 1824 -4116 13808 -5247 -960 3632 END
START 1924 -5092 14032 -5643 32 2069 END
START 2092 -6088 14232 -5407 2124 1120 END
START 2308 -7040 14876 -4864 1217 -161 END
START 2160 -8740 15720 -4300 1212 -1544 END
START 1660 -11092 16672 -3688 675 -3611 END
START 1716 -13800 17796 -2577 153 -5999 END
START 1744 -14724 19236 1173 614 -7484 END
START 1168 -15260 19644 4133 489 -8888 END
START 1312 -15656 20340 7147 -57 -11137 END
START 1052 -15412 20092 9657 364 -13016 END
START 444 -14224 19064 12893 514 -14172 END
START -496 -11960 17400 16183 96 -15030 END
START -1192 -9200 16348 18870 -343 -15788 END
START -1768 -5472 14868 20801 -317 -16489 END
START -2856 -1176 13324 21630 1 -16743 END
START -1876 2824 11368 22343 207 -15595 END
START -1628 6332 10100 22625 -300 -13245 END
START -1588 10288 10276 21321 487 -11326 END
START -504 12152 9772 18179 -11 -10245 END
START 312 13140 10968 14291 -767 -10112 END
START 656 13496 11108 10084 -921 -10404 END
START 2336 13532 10544 7443 -2217 -10568 END
START 2352 13352 11024 6363 220 -10137 END
START 2492 13576 10560 5977 1113 -9724 END
START 2660 14364 10812 5292 2255 -9034 END
START 2832 15136 10872 4290 3984 -7688 END
START 2644 15208 10976 2599 5392 -5564 END
START 2252 15792 10932 709 6148 -3158 END
START 2184 16180 11764 145 6689 -16 END
START 1724 16544 11616 -1706 7676 1774 END
START -176 16492 12636 -3827 8896 2962 END
START 420 16508 11832 -4452 9594 4805 END
START 604 15952 10624 -5248 10389 5698 END
START 128 15992 10280 -6364 11339 6771 END
START 572 15976 9040 -7471 12314 8279 END
START 288 15760 9616 -9441 13502 9441 END
START 1024 13252 10664 -9463 14337 12683 END
START 648 11308 12364 -13212 15539 13698 END
START -1252 8540 13488 -16887 15982 13383 END
START -2800 4724 14376 -17844 15949 13435 END
START -4860 1860 15052 -17418 17749 12405 END
START -6656 -1552 15572 -15857 15855 9632 END
START -5788 -4800 16948 -14320 13548 6617 END
START -6088 -6868 19444 -12969 12033 4722 END
START -6320 -8904 21412 -11929 10708 3712 END
START -7412 -10648 21796 -10896 10197 1894 END
START -7580 -12368 21096 -8406 9929 693 END
START -7436 -15652 20888 -1082 8875 3367 END
START -7692 -14168 21356 1696 9779 2980 END
START -8396 -13944 21136 4215 7665 -114 END
START -7528 -13124 21404 5797 6708 -2751 END
START -7300 -12260 21352 7376 5591 -5659 END
START -7044 -11420 20752 9390 3647 -8853 END
START -5756 -10624 19536 10257 1527 -13196 END
START -6048 -8676 18944 13428 185 -16272 END
START -4612 -5800 18820 15507 244 -18582 END
START -4896 -2508 18892 17232 1911 -20598 END
START -5028 924 19292 18674 3020 -22167 END
START -5532 3008 18928 19340 5685 -22945 END
START -7140 4532 16760 19552 7532 -21093 END
START -9176 7264 16060 18769 9376 -19181 END
START -12376 10108 13672 18025 8479 -15393 END
START -13948 13624 13432 16564 4333 -10142 END
START -14596 17608 13828 15108 510 -5319 END
START -13156 19836 13512 10955 -1890 -4458 END
START -12380 21068 13524 5589 -2336 -4137 END
START -10020 20216 13288 3411 -3574 -1375 END
START -8076 18408 13092 699 -4428 1457 END