START 664 1824 15072 -2497 -6933 2807 END
START 1604 1680 15260 -2678 -5331 4580 END
START 1108 2316 14760 -1818 -5501 6746 END
START 544 2584 14000 -2317 -3940 7422 END
START -472 2984 13964 -3240 -3205 6883 END
START -744 3088 13184 -2570 -3440 6072 END
START -68 3668 14040 -2733 -3627 4386 END
START 556 3428 14648 -3526 -2892 2538 END
START 1468 2864 14940 -3833 -2267 1552 END
START 1796 2172 15000 -4566 -992 901 END
START 1424 1024 14404 -5387 2 978 END
START 952 308 13652 -4981 280 2358 END
START 468 84 13572 -4593 318 3970 END
START 64 96 13704 -4484 -46 4934 END
START -296 316 13752 -4609 -324 5089 END
START -240 400 14348 -4307 -705 4498 END
START -68 248 15260 -4132 -1060 3018 END
START 184 -612 16244 -4510 -653 1044 END
START 448 -2068 16992 -4550 -297 -398 END
START 560 -4188 17772 -4998 -110 -1950 END
START 8 -7968 18804 -4393 -633 -3824 END
START -100 -11420 19380 -3080 -1539 -6677 END
START -1116 -14216 18812 1470 -1742 -10241 END
START -332 -15724 18736 8646 -4217 -11741 END
START 1724 -16012 18044 15846 -4229 -12770 END
START 3000 -12736 18628 21328 -3300 -14911 END
START 3896 -8252 18028 23962 -1540 -16952 END
START 3416 -4448 16408 25514 1161 -18056 END
START 1668 -440 14208 24246 4165 -17554 END
START -52 3208 11564 24763 5132 -14488 END
START -1232 7680 10244 23546 4267 -11293 END
START -1836 11296 8552 21380 2685 -6998 END
START -2912 15776 9640 16907 2153 -3634 END
START -3244 18532 10056 12432 1850 -2978 END
START -3012 19748 10300 6092 1614 -3854 END
START -2800 19836 8792 1198 -424 -4879 END
START -1228 19432 9548 -516 1827 -3165 END
START -1048 19668 9148 -2065 2870 -1500 END
START -432 19128 9936 -4110 4318 -348 END
START -688 18308 10192 -6465 5411 872 END
START -944 16976 10084 -8731 6514 2652 END
START -1240 15308 9796 -10617 7717 4767 END
START -1580 13788 9068 -11531 9191 7202 END
START -1592 12128 8604 -12467 10658 9088 END
START -1340 10408 8568 -13070 11875 10742 END
START -984 9000 9480 -13620 12853 11760 END
START -116 7376 10552 -14370 13483 12082 END
START -928 5928 11716 -15264 14930 12372 END
START -1172 3584 13036 -13163 16058 13378 END
START -2832 2120 14528 -14696 17359 11932 END
START -4368 -716 15508 -14303 17259 8667 END
START -6188 -4024 16968 -12905 16211 5832 END
START -4096 -6840 17992 -12565 14966 2847 END
START -6480 -8488 18924 -10137 12733 1008 END
START -5448 -9504 20520 -5961 10049 711 END
START -4784 -9664 23244 -3880 7635 -381 END
START -4324 -10136 25240 -3222 6594 -2455 END
START -3648 -11236 25444 -1689 5926 -4473 END
START -3640 -11552 25268 989 5545 -6137 END
START -3924 -11532 24760 4070 5538 -7116 END
START -4540 -11748 23020 7631 5734 -8913 END
START -5160 -11208 21732 11373 5596 -10900 END
START -6288 -9628 19476 15314 5337 -14345 END
START -6620 -7540 17704 18936 3648 -17634 END
START -2976 -3772 16020 20519 -942 -20888 END
START -4964 756 16812 19920 -2226 -23028 END
START -4880 3712 16360 17032 -806 -23708 END
START -5460 5048 14756 14239 1276 -25684 END
START -6584 5640 13208 12629 1702 -24983 END
START -7972 8964 14008 12016 6159 -22119 END
START -10740 10788 11712 8978 5450 -19293 END
START -11740 10900 13104 7886 7342 -14152 END
START -15164 11788 12840 4953 5853 -10277 END
START -16448 11800 12816 2707 4504 -4564 END
START -16060 13972 12432 2253 2425 908 END
START -13980 13504 14500 2689 1045 3195 END
START -12500 13116 14040 2108 -1723 4585 END
START -10620 13004 14116 -125 -3618 3437 END
START -8296 11856 15448 -1081 -4738 2246 END
START -6812 10952 15260 -2097 -4750 1351 END
START -5756 8556 14244 -4547 -4096 270 END
START -5628 7432 14584 -3773 -3011 2178 END
START -4800 7252 15168 -2308 -2186 4374 END
START -4408 6880 15420 -3106 -1499 5140 END
START -4476 6532 15788 -3868 -738 5814 END