START -812 -1464 13360 -5463 -9182 5006 END
START 680 -2084 13420 -5266 -8986 5138 END
START 1672 -1956 12892 -5500 -7499 4711 END
START 1848 -1632 12160 -5633 -5516 4258 END
START 2000 -1360 11428 -5308 -3601 3836 END
START 1796 -804 10588 -5135 -1237 3883 END
START 1516 -196 10588 -5489 978 3574 END
START 1020 196 11128 -6847 2435 2885 END
START 1264 -344 11152 -7970 4077 2956 END
START 856 400 12560 -8448 3152 2669 END
START 96 880 13724 -8835 4062 2985 END
START -1196 1092 15296 -8763 3481 3473 END
START -2272 1056 17520 -9749 3163 4148 END
START -2288 -88 19100 -11527 3102 3557 END
START -3356 -1516 21512 -13337 1771 1833 END
START -4032 -3456 22828 -11311 -955 926 END
START -2992 -6276 24808 -10489 -2665 -808 END
START -4032 -8704 25384 -7295 -4903 -2456 END
START -3700 -10580 26124 -5077 -6914 -3455 END
START -3076 -11360 25048 -1657 -7396 -3852 END
START -3308 -12456 23436 2108 -8838 -3957 END
START -2800 -12188 22368 4810 -9998 -5414 END
START -2112 -11644 19992 8015 -10700 -6790 END
START 520 -10868 17560 9202 -10944 -8917 END
START 796 -10244 15420 11797 -11111 -9496 END
START 1712 -9616 14876 13266 -10925 -10630 END
START 1820 -9164 13124 14187 -8780 -11376 END
START 1308 -7288 11236 15838 -6971 -12015 END
START 996 -5624 9876 16919 -4747 -12060 END
START 432 -3636 8588 17344 -3424 -11600 END
START -516 -2700 8032 16569 -3214 -11616 END
START -668 -1912 8500 15494 -2964 -12639 END
START -704 -1056 7416 13960 -2752 -12795 END
START -308 468 6688 13754 -2542 -11882 END
START -296 3000 6812 14280 -1992 -11565 END
START 464 5032 6868 13239 -1655 -12413 END
START 1148 7080 7032 11893 -328 -13007 END
START 1340 8892 6816 10114 1608 -12700 END
START 492 10212 6784 8925 3921 -11962 END
START 792 11140 5840 6640 5814 -10707 END
START 620 12216 5524 5224 7169 -8383 END
START 724 13444 4944 3807 8785 -5764 END
START 744 14420 4452 2145 10146 -3653 END
START 704 14972 3868 508 11950 -1834 END
START 876 15532 3900 -650 13922 345 END
START -32 16236 4564 -1604 15783 1637 END
START 516 15900 5792 -4601 17707 2257 END
START 576 14916 6532 -8090 19773 3377 END
START 420 14252 7360 -10014 20801 4779 END
START 540 12972 8672 -11604 21111 5156 END
START -140 12376 10040 -12109 23143 6208 END
START -952 9796 12496 -12358 24830 6880 END
START -3192 8524 15712 -12884 23698 6167 END
START -3468 4612 17112 -12882 23760 6880 END
START -5276 2876 21448 -17520 23301 5167 END
START -8012 24 19568 -15570 22541 6396 END
START -7092 -1176 20324 -12741 18531 7166 END
START -7540 -1748 24944 -10369 14795 6603 END
START -8752 -3452 28688 -8762 14757 5166 END
START -7412 -7032 32767 -3426 12342 5938 END
START -9100 -8508 31772 -2576 15024 3873 END
START -11528 -8132 30956 251 13007 1606 END
START -13160 -6644 30884 1101 11210 -2906 END
START -13384 -5428 27136 1674 10695 -3815 END
START -14612 -3252 24196 3796 5924 -2284 END
START -13792 -1212 23540 4184 2107 -1194 END
START -13748 -860 23104 2114 -1556 -1933 END
START -10532 -1800 20728 -1533 -3459 -4348 END
START -8584 -3756 19076 112 -5731 -4430 END
START -6988 -5280 18196 395 -6397 -5777 END
START -6160 -6608 17012 1432 -6919 -7873 END
START -5428 -7580 16496 3026 -6513 -10692 END
START -6724 -8596 15980 6472 -4139 -12836 END
START -5264 -8664 14436 9640 -5279 -16454 END
START -5820 -6708 15148 11695 -4679 -19447 END
START -4100 -4392 13832 15159 -4407 -20324 END
START -3844 -1480 13560 16667 -6286 -21427 END
START -4672 996 14372 15708 -1481 -21539 END
START -7696 2908 12516 15012 377 -18943 END
START -9444 6148 12056 14468 1221 -13193 END
START -10056 10524 11292 15376 784 -7207 END
START -10180 14548 11884 14001 242 -3964 END
START -10560 16680 13276 10808 257 -3665 END
START -10496 16376 13240 6662 -382 -4682 END
START -10592 14160 12936 4716 -901 -4807 END
START -9352 12504 12052 4180 -1619 -3102 END
START -8800 12660 13252 4290 -1804 -810 END
START -7224 12804 13348 3275 -1945 -39 END
START -5688 12580 13908 2420 -2570 963 END
START -4760 12056 15000 390 -2293 1869 END
START -4232 10712 14736 -1738 -3489 2241 END
START -4316 10084 15908 -2102 166 4860 END
START -5360 9464 15960 -3425 1854 6192 END
START -5404 8844 15220 -4523 2728 8108 END
START -5760 9608 15520 -4138 3564 10679 END
START -6128 9996 16248 -4546 3995 12904 END
START -6912 9812 17220 -5535 2986 13403 END
START -7172 9580 17652 -7408 1520 12623 END