START 252 -672 13284 -3607 -2974 3190 END
START 124 -172 14232 -4399 -1676 2991 END
START -368 -348 14352 -4322 -1367 3248 END
START -728 -756 14624 -3910 -1622 3414 END
START -1176 -1092 15244 -4352 -927 2282 END
START -796 -1636 15432 -3486 -650 1569 END
START -492 -2280 16336 -2888 -136 623 END
START -544 -3620 16412 -2680 532 -440 END
START -700 -5244 16840 -1769 152 -1389 END
START -964 -7060 17396 -1255 -759 -2901 END
START -1040 -9336 18696 -494 -2084 -4705 END
START -752 -11064 19780 555 -3027 -7057 END
START -612 -11880 19388 2470 -3102 -9369 END
START 220 -11376 18684 5866 -2645 -11018 END
START 868 -10128 18236 9826 -2162 -12014 END
START 1296 -7940 17740 12972 -1887 -11875 END
START 764 -5144 16996 15157 -1637 -11037 END
START -268 -2012 15684 16127 -1544 -10540 END
START -1016 1056 14280 16240 -1772 -10286 END
START -1436 4576 13656 15971 -1741 -10905 END
START -1928 6656 12264 13017 -1592 -11262 END
START -688 8780 12124 14310 -3790 -9053 END
START -612 11324 12848 11579 -2660 -9308 END
START 624 12176 12120 9833 -1844 -9124 END
START 1068 12892 12148 8467 -1510 -8741 END
START 1820 12796 12336 6697 -705 -8619 END
START 2040 12388 12228 5000 128 -7508 END
START 2116 12136 11976 3979 872 -5655 END
START 2636 12316 11680 3097 1495 -4186 END
START 2740 12608 11384 2616 2172 -2886 END
START 2692 13336 11244 2176 3342 -1851 END
START 2436 13604 10776 1799 4521 -685 END
START 1856 13980 10648 820 5340 443 END
START 2168 14144 9980 -26 5931 1785 END
START 1884 14516 10132 -979 7794 3213 END
START 1476 14164 8828 -1787 8516 5055 END
START 1528 13344 8424 -2788 10203 5903 END
START 896 13620 7584 -5113 12353 6806 END
START 732 13644 7152 -5804 13681 7955 END
START 356 13312 7140 -6741 15177 8921 END
START 676 12580 7084 -8825 17036 9554 END
START -616 10964 9820 -8863 18159 12441 END
START -1660 10432 11140 -12622 19014 12147 END
START -3572 8300 12664 -16230 20128 10829 END
START -5388 5308 14060 -16375 18125 10779 END
START -5896 1912 15584 -17996 17757 8762 END
START -6964 -1604 17780 -16890 15659 6498 END
START -7184 -5040 20424 -14952 12529 3931 END
START -6912 -7992 23516 -12638 10525 1490 END
START -8220 -10696 25852 -10921 9745 262 END
START -6116 -14424 27632 -3264 9955 4632 END
START -8644 -14636 28604 -469 9861 4900 END
START -12140 -12656 28648 617 7890 244 END
START -11772 -12272 27568 2489 5966 -3827 END
START -11972 -12320 25008 6173 4409 -5844 END
START -11024 -11100 23272 9083 2203 -7829 END
START -10568 -9064 20968 8586 992 -11399 END
START -9584 -7592 18320 10811 -1418 -12883 END
START -8024 -5356 17164 11302 -2118 -15396 END
START -6484 -3956 15348 11941 -2029 -16664 END
START -5364 -1816 14324 13633 -1744 -16440 END
START -5492 472 13488 14357 -1902 -17897 END
START -3468 2396 12760 14613 -252 -16880 END
START -3796 4784 12052 15740 717 -17483 END
START -3884 6424 11896 14439 3128 -17052 END
START -5684 8580 11488 13604 4602 -16888 END
START -6656 10328 11504 11683 6241 -15440 END
START -8776 12208 11628 10022 6915 -13009 END
START -9680 13996 12292 9174 7974 -9512 END
START -11304 16428 12628 6932 9182 -6765 END
START -10956 18000 11988 5159 7000 -3880 END
START -11624 17620 12928 3096 4680 -1449 END