START 180 3616 17028 -3010 -13457 8102 END
START 1152 3412 18400 -2299 -12614 9396 END
START 280 4020 16948 -4301 -10662 9977 END
START 188 3968 16280 -5142 -9139 9680 END
START 312 4004 15340 -6186 -8192 8449 END
START 424 3292 14620 -6955 -7580 7258 END
START 552 2724 14276 -6943 -7041 6390 END
START 636 2204 14236 -6062 -6165 5260 END
START 1092 1676 14532 -5236 -4823 4532 END
START 1008 844 14016 -5017 -3126 4327 END
START 808 432 13596 -5204 -2035 4489 END
START 768 344 13356 -5265 -1460 4977 END
START 788 452 13216 -5544 -1107 5376 END
START 864 500 13392 -6135 -738 5336 END
START 924 68 13676 -6755 -469 5123 END
START 720 -408 13988 -7656 138 4690 END
START 580 -744 13552 -8099 973 4090 END
START 416 -1712 13468 -7934 1475 3388 END
START 492 -2476 13808 -7174 1498 2511 END
START 820 -3152 14368 -6316 1216 1656 END
START 1348 -3896 15172 -5256 808 987 END
START 1444 -4940 16360 -4496 874 335 END
START 1548 -6044 16868 -3917 1509 -477 END
START 1144 -7560 17136 -2763 1975 -1119 END
START 160 -9084 16984 -699 2531 -2346 END
START -604 -10524 17588 3114 1516 -4520 END
START -912 -11124 18324 7405 598 -8534 END
START -436 -11620 19136 12075 -99 -12735 END
START -264 -9784 19884 16981 185 -16884 END
START -120 -7896 18444 21667 1313 -20365 END
START -828 -4492 18144 26308 2238 -23860 END
START -1476 -1184 16452 29076 291 -29699 END
START -1048 -1168 13544 25953 216 -31615 END
START 1880 1140 15068 28544 3197 -29675 END
START 2156 5184 12052 26819 1669 -24918 END
START 1020 6972 11392 24614 917 -19933 END
START 316 8716 13280 16073 3194 -18257 END
START -316 9752 11108 14703 3223 -11518 END
START -2480 12600 11772 12743 3091 -4374 END
START -2208 14156 11436 4976 4409 -4718 END
START -2968 15484 10736 5310 3867 -1939 END
START -2600 16592 11572 1993 4830 -469 END
START -2044 15420 11992 -2650 5376 -1522 END
START -1764 13136 11584 -7947 7637 -3957 END
START -3124 11564 11260 -9068 9713 -2595 END
START -5180 11172 11700 -8777 8862 1870 END
START -5892 11324 12164 -9700 7575 5185 END
START -6396 11356 13160 -10275 6031 7683 END
START -5904 11188 13636 -12898 6522 7632 END
START -4816 10352 14616 -15362 7617 7178 END
START -3908 9216 14660 -18296 8231 8086 END
START -36 6732 16152 -21283 9967 10394 END
START 220 4600 16732 -22937 13460 12840 END
START 2536 2060 16680 -23274 17171 16063 END
START 384 748 17800 -22117 19984 20307 END
START 712 272 16356 -22681 22974 23394 END
START -1572 252 15892 -22273 22845 28125 END
START -1940 1344 16020 -23624 23663 29276 END
START -5944 580 16292 -25614 23868 29373 END
START -5200 -796 14068 -25577 24859 26725 END
START -6952 -2544 13952 -22392 26543 21493 END
START -10352 -4732 13244 -15051 25775 16238 END
START -12200 -7304 13040 -7218 22000 8540 END
START -15248 -5724 13744 -646 14745 2525 END
START -13496 -7768 13892 5427 8286 -105 END
START -14372 -4452 15928 5478 2022 -6038 END
START -13164 -3388 16128 3705 -1355 -12324 END
START -11908 -6508 17492 6408 -1264 -16342 END
START -11220 -6384 16832 9339 388 -19936 END
START -11088 -8048 15368 15494 2055 -23728 END
START -11528 -7012 14448 23904 4334 -27974 END
START -11196 -5680 14204 29095 6003 -32768 END
START -11820 844 15100 32357 4408 -32768 END
START -10416 1980 15304 28614 2606 -32768 END
START -7200 2940 14980 21607 -1997 -32768 END
START -4508 1704 15588 14552 -5352 -32768 END
START -3668 92 17412 12163 -173 -32768 END
START -3916 -12 17036 10055 3995 -24943 END
START -5380 224 15864 7415 5970 -14341 END
START -7444 532 14172 7920 7350 -4722 END
START -9868 3124 13316 7000 8643 1288 END
START -12564 6464 12520 4823 10383 3829 END
START -14784 7640 11764 2361 8371 1008 END
START -14072 6832 11388 -1364 7388 -2762 END
START -13816 4968 11308 -3191 5692 -5139 END
START -13080 3440 12296 -3550 3631 -4501 END
START -12220 1284 12488 -2751 2623 -2050 END
START -12000 700 13236 -1614 1507 1141 END
START -12008 728 13532 -1145 25 4029 END
START -12152 600 12972 -1612 -795 5567 END
START -12080 1692 12196 -3035 360 7057 END
START -7576 1640 12352 -3110 -991 8168 END
START -9248 1288 14412 -4110 1371 8089 END
START -9564 884 15436 -2250 2974 7633 END