START 4288 -696 15996 -4658 -9534 8028 END
START 3860 -376 15872 -3693 -8190 8010 END
START 3560 -52 16144 -3775 -5528 5039 END
START 4208 -296 16540 -3805 -4384 3363 END
START 4252 -1180 15924 -3841 -3285 2258 END
START 4344 -1952 15412 -3796 -1831 2062 END
START 4400 -1980 15288 -3011 -871 2581 END
START 4268 -1892 15276 -2074 297 2718 END
START 3836 -1672 15356 -1192 1547 2699 END
START 3232 -1236 15400 -1250 2246 2547 END
START 2784 -1024 15616 -1862 2472 2205 END
START 2320 -1408 15756 -2951 2776 1254 END
START 2496 -2088 16524 -3859 2991 -124 END
START 2756 -3200 17860 -5458 3517 -2079 END
START 2000 -4016 16288 -4026 3750 -2402 END
START 1180 -5664 17324 -2447 4104 -3240 END
START -168 -6912 16928 -1237 3957 -6573 END
START -1220 -8320 16660 2561 1480 -10756 END
START -1904 -9688 16252 6859 -841 -16664 END
START -224 -10272 16700 14967 -2381 -22794 END
START 2692 -8512 19168 22918 -2363 -27375 END
START 4296 -6212 19556 28235 1116 -30876 END
START 3416 -2396 19712 32698 4485 -32768 END
START 5756 -2036 18668 32767 8592 -32768 END
START 4260 -624 18088 32767 7982 -32768 END
START 1432 -2216 13876 32767 4215 -31768 END
START 28 4416 16004 27220 4351 -24113 END
START -1796 6360 12028 20386 4195 -14085 END
START -4396 10416 13764 15537 3055 -6656 END
START -4684 15460 12540 20053 -2332 -2152 END
START -236 17184 15156 11099 3899 -9067 END
START 632 15316 12368 8736 6854 -11521 END
START 588 12288 10868 3197 6897 -12970 END
START -120 11480 9020 -1432 12122 -7721 END
START -3808 11648 6792 -5906 10795 -2574 END
START -6040 12320 7292 -6439 5347 4580 END
START -5688 14276 8400 -7498 513 10035 END
START -4452 15064 10476 -11048 -1375 10917 END
START -1968 14880 13144 -17933 1289 8281 END
START -1120 12660 13416 -21479 3203 7912 END
START 996 10172 14092 -23809 4229 9172 END
START 2284 8076 15280 -26586 7327 10503 END
START 4304 5768 15424 -28321 10945 13775 END
START 1292 3508 15532 -26844 13331 20444 END
START 892 2420 16764 -27917 18248 25207 END
START -824 2256 14120 -28727 19905 27489 END
START -3776 2580 13084 -27600 20186 29897 END
START -2564 1680 13592 -26825 20094 29143 END
START -4888 1800 13912 -26225 20472 25791 END
START -3812 -2080 14252 -25037 20799 20331 END
START -4572 -4688 14652 -20969 20905 14505 END
START -4572 -6584 15240 -15742 21434 9186 END
START -5296 -7932 14248 -10470 21746 6054 END
START -7128 -8336 14480 -6015 21159 3491 END
START -8648 -7828 14476 -1823 19150 1232 END
START -9796 -7500 14856 -239 15742 -2070 END
START -9124 -8624 15612 1966 12687 -4779 END
START -10688 -8480 16812 3012 12576 -8715 END
START -10004 -10876 16260 6398 12766 -12053 END
START -12380 -11156 15628 10917 14163 -15775 END
START -12844 -10784 15416 21214 14135 -19210 END
START -13600 -8776 13820 28875 13191 -24118 END
START -14496 -8044 13376 32767 8005 -31897 END
START -11600 -5220 15164 32767 6178 -32768 END
START -11536 800 14612 32767 5672 -32768 END
START -11952 3444 14780 32767 2488 -32768 END
START -9720 2868 15832 29319 -7737 -32768 END
START -9032 196 15696 20545 -10334 -32768 END
START -7996 756 15800 16182 -16714 -28294 END
START -6240 -960 16332 12120 -10398 -14422 END
START -6960 1604 16780 13042 -2390 -2392 END
START -9424 5020 15968 9425 8603 3501 END
START -11836 7988 13680 7344 12393 5725 END
START -13516 9380 12060 2545 11289 3136 END
START -13576 9320 11012 -587 8812 -297 END
START -12824 7628 10636 -3456 4357 -2552 END
START -11248 5492 11432 -4958 1109 -2323 END
START -9136 3752 12552 -4575 -1243 -84 END
START -7772 2412 13872 -3599 -1741 3011 END
START -7344 2496 14152 -3741 -984 5646 END
START -7756 2716 15052 -5015 1227 6544 END
START -7636 2552 14948 -6763 3878 6599 END
START -7364 2260 16016 -7930 5943 7042 END
START -7916 772 15360 -8369 7776 9063 END
START -8264 660 15352 -7979 9431 11074 END