START 9360 -4312 19668 -11850 -14357 2132 END
START 8400 -3816 20240 -3313 -10097 4961 END
START 7392 -3124 19656 301 -3875 4572 END
START 6156 -2408 16616 2505 -619 4116 END
START 5324 -1156 17716 2911 257 -124 END
START 4580 -1768 17492 3239 2314 -2969 END
START 3668 -2844 16832 3390 3442 -4075 END
START 3268 -3436 16412 3348 3680 -2829 END
START 1712 -2904 15136 2896 2874 47 END
START 708 -1556 15284 1902 1880 2065 END
START -56 96 15508 1005 455 3131 END
START 64 1236 16184 162 -276 2812 END
START -28 1608 16760 -553 -78 2043 END
START 580 1484 17280 -1434 554 1279 END
START 1180 1148 17148 -2058 935 448 END
START 2264 604 16608 -2085 1090 177 END
START 3816 164 15600 -1163 2423 -266 END
START 3792 -400 17168 -1642 4155 -259 END
START 3700 -872 16448 -1311 4829 655 END
START 2960 -1264 16552 -1417 5257 1150 END
START 2176 -2120 16104 -3069 6271 965 END
START 1340 -2724 15860 -2292 5767 1457 END
START 1732 -3420 16004 -986 4346 2192 END
START 1228 -2664 17712 342 4202 2361 END
START 1048 -2328 18440 -363 4529 1551 END
START 396 -2020 19040 -266 4631 -461 END
START 572 -3336 19024 101 4234 -3735 END
START 432 -4904 20040 845 4022 -8064 END
START 580 -7524 20344 2271 3579 -13305 END
START 636 -10368 19724 5144 3275 -18687 END
START -52 -12016 18760 11687 2939 -24171 END
START 528 -11896 18836 19079 1445 -28833 END
START 1388 -10052 18764 26897 422 -31892 END
START -556 -8568 17976 32767 -2221 -32768 END
START 4 -5668 19276 32767 -1027 -32768 END
START 1204 -4552 18344 31654 2904 -32768 END
START 2332 -616 16332 30982 823 -32768 END
START 2052 2712 16452 24806 604 -30600 END
START -2252 2200 11428 20381 1611 -23232 END
START -1868 8556 12912 21015 1195 -13423 END
START -2684 12516 11744 14971 1814 -8289 END
START -3636 11076 9144 13683 -3 -3721 END
START -2168 11068 11008 10579 -1876 -5163 END
START -2812 16120 13968 5193 4410 -3924 END
START -4292 11940 9424 -752 3803 -1725 END
START -4904 12628 9408 -231 2924 2060 END
START -5664 14416 9248 -1459 3667 3363 END
START -5976 15724 9388 -3224 3302 4259 END
START -4792 15308 9384 -7636 2503 3969 END
START -3884 14312 10256 -10023 2451 4416 END
START -3468 13532 11372 -12928 3857 5251 END
START -1852 11684 11436 -17202 6015 7286 END
START -2276 9772 12228 -19153 8732 11815 END
START -484 8748 12724 -20466 11547 15596 END
START 1948 7548 13004 -21662 14301 19875 END
START 3528 4988 14376 -18318 18498 23717 END
START -392 5700 16240 -18946 24579 25100 END
START 1068 4628 15524 -21998 27294 25790 END
START -1584 4664 16592 -21366 30405 25457 END
START -2272 2304 15504 -23533 32767 23215 END
START -4328 4 14760 -24127 32767 18935 END
START -7744 -3324 13300 -21792 32767 15079 END
START -8880 -5560 12884 -14011 29355 11639 END
START -11088 -5524 14716 -5579 24000 8263 END
START -12052 -4816 16116 -2764 19494 2345 END
START -11796 -3652 16380 -2121 15667 -3935 END
START -10780 -5640 16524 -4046 13429 -10723 END
START -11412 -6472 16632 -3237 11456 -15081 END
START -10264 -7320 16236 -776 11951 -19275 END
START -8556 -8356 15740 2016 12981 -24399 END
START -10032 -9848 14276 8741 14647 -25049 END
START -10608 -10376 14144 17043 15544 -26051 END
START -13036 -5080 13108 23766 11026 -28993 END
START -14288 -592 12564 26611 5066 -30288 END
START -12652 2356 13376 23802 -805 -32768 END
START -12140 2820 14408 16999 -5392 -32768 END
START -10572 552 15016 13204 -3639 -32768 END
START -9864 336 16208 12129 -6197 -31800 END
START -9024 -1176 16804 9294 -7846 -22014 END
START -6876 -1748 16828 5675 -4354 -10517 END
START -7480 -2160 15492 6212 -648 -58 END
START -9752 1648 15324 5369 2152 6224 END
START -11332 3144 13636 2139 4863 7190 END
START -12636 3864 12724 239 6215 4803 END
START -13284 3580 11628 -3022 6464 969 END
START -12856 2248 11604 -3871 5116 -1288 END
START -12236 888 12324 -3909 4129 -1066 END
START -11940 -4 12940 -3097 1898 1054 END
START -11480 -412 13312 -2748 -28 3303 END
START -11064 -456 13868 -3023 -1548 5344 END
START -10372 -700 14396 -3910 -2516 7100 END
START -9740 -864 14304 -5126 -2605 8884 END
START -9628 -1152 14028 -5552 -2356 10829 END
START -9896 -1220 14020 -5087 -1565 13111 END
START -10484 -2052 12328 -6337 382 14486 END
START -9156 -1360 13876 -5692 1933 16007 END
START -9748 -1484 14224 -7472 2484 17580 END