START -704 696 16280 -8531 -7953 8028 END
START -104 -168 15796 -8880 -7362 6934 END
START -160 -1376 15308 -9280 -7192 5972 END
START 440 -2180 14948 -9153 -5862 5296 END
START 228 -3648 15012 -8500 -5287 4746 END
START -68 -5528 15320 -8147 -5219 4262 END
START -336 -7032 16612 -7636 -3342 3611 END
START -1252 -9204 17604 -8434 -5257 578 END
START -1100 -13268 17952 -6824 -7344 -1854 END
START -1084 -15624 18428 -5788 -7573 -6656 END
START 84 -18568 17620 -818 -7987 -10476 END
START 1648 -19348 17516 4794 -7851 -12655 END
START 3088 -18260 16932 11477 -7271 -13493 END
START 3520 -15880 16952 16519 -6248 -13837 END
START 2708 -12452 15916 19753 -4596 -13928 END
START 1356 -7800 14124 22777 -3040 -12621 END
START -208 -2776 12100 24637 -1411 -11018 END
START -2828 3232 9352 25376 -1242 -9042 END
START -2324 7512 9480 23028 -486 -9263 END
START -2296 11216 6724 20447 -873 -7773 END
START -1736 15164 7120 17957 -2345 -6236 END
START -252 17724 7288 12494 -1258 -5933 END
START 1092 18332 6664 8263 -1118 -4188 END
START 2460 18988 7272 4638 -306 -3448 END
START 3188 18428 7784 330 1366 -3343 END
START 3916 17380 7572 -2843 2815 -2594 END
START 3412 16060 7492 -5206 4976 -998 END
START 2956 14488 7332 -7298 6951 725 END
START 2404 13048 7504 -8919 8481 2312 END
START 1500 11512 7500 -10101 9906 3905 END
START 836 10308 7828 -10696 11457 5344 END
START 336 9316 7788 -10918 13025 5970 END
START 216 8520 7768 -10450 14283 6548 END
START 284 7932 8668 -9874 15205 7542 END
START 684 7064 10248 -10139 16072 8961 END
START 560 5308 12000 -11294 16541 11115 END
START 28 4732 14084 -14089 16601 13083 END
START 108 3352 15512 -17448 17519 13116 END
START -1352 184 16140 -18577 17956 14651 END
START -2560 -1468 16448 -21432 18211 12725 END
START -3352 -5252 17904 -20340 16265 9434 END
START -4220 -8520 20820 -16351 15929 6293 END
START -3004 -11388 23300 -10756 13020 2655 END
START -4332 -14348 27576 -6822 11774 -1929 END
START -2408 -19452 26976 -122 11866 -1114 END
START -4528 -17948 29720 1110 11337 -321 END
START -7704 -18516 27116 5522 10965 -1002 END
START -9448 -16028 24808 10545 7601 -2068 END
START -10492 -12600 23440 10956 5558 -6054 END
START -10812 -9676 20292 13396 2122 -9072 END
START -10024 -7368 17800 14565 -349 -12503 END
START -8212 -5636 16700 14717 -2527 -15400 END
START -6664 -3144 15720 15790 -2469 -16491 END
START -5756 -572 14952 17450 -2968 -15115 END
START -4156 2348 15376 16999 -829 -16521 END
START -3000 4192 13176 16315 -2286 -18311 END
START -2352 6376 14920 17692 1615 -18610 END
START -4788 8552 14108 15803 2750 -19617 END
START -3872 9356 13016 14677 3987 -18529 END
START -3392 9888 12900 14458 7221 -15713 END
START -5376 11248 14372 10505 9244 -12777 END
START -7588 12540 14164 6258 8508 -8549 END
START -8372 13044 13180 3762 9028 -1040 END
START -10012 17196 13520 1771 6760 5391 END
START -9144 16872 14884 3123 5515 9376 END
START -10328 17756 14940 714 4764 9188 END