START 260 644 13808 -2618 -1429 3130 END
START 652 472 13460 -2108 132 3132 END
START 396 936 13520 -2464 304 3042 END
START 60 884 13512 -2022 172 2931 END
START -268 1052 13876 -2011 403 2451 END
START -920 1000 13952 -2178 332 1856 END
START -1072 784 14468 -2470 392 1138 END
START -980 544 14896 -2621 351 839 END
START -604 452 15472 -2580 248 805 END
START -232 336 15588 -2303 559 880 END
START 288 404 16064 -1534 805 1103 END
START 148 412 16464 -1089 1175 1103 END
START 216 512 16584 -448 1645 1304 END
START -16 552 16652 126 2171 1608 END
START -344 1032 16892 -188 2381 1397 END
START -412 976 16816 -798 2163 643 END
START -156 444 16920 -666 1729 876 END
START 268 12 17804 -925 1462 1057 END
START -160 -296 18012 -1577 1549 730 END
START -460 -1112 18400 -1394 971 204 END
START -772 -2128 18868 -1080 340 -910 END
START -736 -3784 19872 -1018 -357 -2748 END
START -1060 -5380 19832 -804 -725 -4506 END
START -1332 -6660 19508 941 -1156 -5721 END
START -1112 -7724 19320 2858 -1337 -7088 END
START -1012 -8264 18884 5031 -1478 -8486 END
START -908 -8008 18448 7744 -1735 -9769 END
START -920 -6988 17764 9830 -1357 -11098 END
START -780 -5400 16684 12155 -765 -11666 END
START -800 -2896 15908 14804 -755 -10628 END
START -932 472 15012 16657 -530 -9079 END
START -1836 3940 13740 17257 -624 -7710 END
START -348 6788 14080 13992 645 -8557 END
START -1512 9120 11668 13573 -95 -7487 END
START -1036 11544 12344 12342 -831 -6819 END
START 32 13048 11736 9647 -99 -7315 END
START 2496 14568 10256 8184 -1747 -7345 END
START 1452 15544 11160 7058 338 -6385 END
START 436 16076 11752 5061 3360 -5943 END
START 1492 15544 10500 3346 3292 -4570 END
START 920 15708 11156 632 5523 -2557 END
START 416 14908 10620 -1838 6863 109 END
START 84 14128 9600 -3433 7571 3033 END
START -596 13684 10716 -4967 8388 5707 END
START -844 12956 9856 -7102 9734 6533 END
START -1888 11532 9784 -7991 10921 7023 END
START -1856 10552 10548 -8905 11305 7168 END
START -1668 8448 12032 -10024 12031 7237 END
START -1372 6560 13000 -11720 12697 6797 END
START -2532 4244 14280 -12907 13731 7518 END
START -2732 1548 14836 -13312 13890 7920 END
START -3980 -548 16320 -14335 13480 7317 END
START -4768 -2916 17076 -13084 12637 6468 END
START -6152 -4052 19256 -12029 12702 4255 END
START -5388 -6976 19564 -9497 10895 2100 END
START -5752 -8452 20652 -7453 10394 -970 END
START -5564 -10332 22284 -4253 9571 -4063 END
START -5860 -12020 23036 -1549 8872 -7205 END
START -5504 -13144 22968 1741 8049 -9622 END
START -6256 -11288 22724 6001 5251 -11177 END
START -5036 -10820 22012 11994 4451 -10338 END
START -5836 -6424 21332 15981 270 -11228 END
START -4852 -2492 20392 15959 2111 -10980 END
START -7724 2440 18912 17350 1602 -11156 END
START -6612 6444 19524 16241 -1498 -15721 END
START -8204 9252 16436 10941 3575 -17921 END
START -7036 9940 13876 14264 1055 -16991 END
START -7148 10800 14608 11304 3511 -15645 END
START -6980 10052 12704 6176 5727 -14525 END
START -7568 10436 11400 6448 6646 -9843 END
START -8152 11516 11448 4569 6543 -4155 END
START -8876 12576 11000 1712 6249 1540 END
START -9456 13284 11608 -272 6501 5261 END
START -8908 13732 13216 -1878 6374 5852 END
START -9928 12388 13572 -5717 4403 4051 END