START -580 -1704 14560 -5501 -7251 3082 END
START -1020 -1516 14964 -5575 -5100 2988 END
START -1112 -2268 13848 -4446 -3638 3392 END
START -1832 -2404 13420 -4105 -2589 3682 END
START -2388 -2164 13160 -4227 -1963 3489 END
START -2832 -2164 13360 -3567 -1816 3430 END
START -3252 -2320 13544 -3121 -1630 2960 END
START -2760 -2592 13832 -2930 1637 2886 END
START -4696 -3120 13772 -3445 -923 626 END
START -3584 -4640 13592 -2547 -1334 389 END
START -3292 -6212 15196 -2276 -247 -782 END
START -3876 -8560 16364 -2090 -2343 -3871 END
START -3300 -10692 17032 -238 -3507 -7002 END
START -2144 -11764 18012 1945 -3442 -9674 END
START -644 -12176 17964 5913 -3662 -10351 END
START 8 -11804 17972 10292 -3299 -11222 END
START -640 -10284 17556 14557 -2502 -12857 END
START -1164 -8616 17700 18253 -2172 -14869 END
START -1544 -6948 16952 20016 -1573 -16324 END
START -1552 -5092 15704 22013 -1542 -15496 END
START -2408 -1612 13908 24503 -2068 -12505 END
START -2636 2620 13724 23434 -646 -11240 END
START -3228 6496 10888 24534 -1500 -9077 END
START -2720 10764 11500 23275 -2734 -9175 END
START -2324 14628 11008 20211 -2226 -10485 END
START -772 16580 10316 16960 -2797 -9642 END
START 1080 17844 10632 13541 -1336 -8334 END
START 1704 18560 10108 8875 183 -6088 END
START 808 19084 9784 5298 2214 -2789 END
START 588 19864 10196 1424 3533 -951 END
START 344 19252 9396 -3178 5041 695 END
START -876 18624 8780 -6410 6366 2678 END
START -980 17084 8132 -9176 7261 4235 END
START -1132 16100 8676 -12146 9174 4901 END
START -2220 13996 7740 -13490 10716 5692 END
START -1780 11648 8120 -13493 11666 7278 END
START -2128 9684 9184 -13044 12802 9316 END
START -2044 7620 9644 -13424 13731 10283 END
START -2524 6012 10988 -13676 13990 11250 END
START -2868 3992 12936 -13994 14098 11815 END
START -3468 1680 15140 -17061 14070 9943 END
START -3816 -1856 16552 -19379 13040 6246 END
START -3688 -5328 16664 -17014 11399 3172 END
START -3740 -7812 18912 -15030 11373 -532 END
START -3264 -9644 20400 -11105 10918 -3401 END
START -3776 -10684 21844 -5909 10587 -5197 END
START -3516 -10584 22804 -3330 10967 -6700 END
START -4884 -14376 23260 3306 8847 -5716 END
START -4472 -13232 22288 7743 12458 -3363 END
START -7416 -9512 21696 9135 11457 -7849 END
START -8024 -6680 20368 12162 7505 -9806 END
START -7684 -3388 20672 15765 5623 -10892 END
START -8564 -592 19292 15920 5167 -11902 END
START -7520 2128 18632 17580 4353 -14341 END
START -8548 4228 18956 16029 6895 -17946 END
START -9448 6080 17956 10037 6124 -23423 END
START -9696 8196 15544 10289 8500 -22799 END
START -11136 9176 15496 8627 6385 -20790 END
START -11136 8900 14664 5380 5223 -17124 END
START -11188 9524 14420 4817 2753 -11914 END
START -11632 10272 14408 1897 1298 -6317 END
START -10940 11156 13680 718 -896 6 END
START -10260 11012 13260 306 -1649 3474 END
START -9644 11256 13232 -197 -1908 4764 END
START -8304 10480 14028 -1930 -503 5507 END
START -7360 10472 15136 -3544 -1257 5145 END
START -7100 9076 16176 -4698 -1279 5197 END