START 960 -2936 14572 -842 -2972 2374 END
START -16 -2504 16256 -2410 -1108 468 END
START -360 -3352 14876 -2329 -897 1085 END
START -224 -4224 14680 -2516 -681 1983 END
START -476 -4456 15512 -2470 -1083 3469 END
START -1600 -3844 15376 -3321 -990 3401 END
START -2596 -3828 16148 -3241 -1096 2357 END
START -2760 -5508 17048 -3794 -501 186 END
START -4324 -7024 17216 -4546 -1831 -2502 END
START -2596 -9708 18136 -2788 -2944 -3282 END
START -2148 -10676 19060 -1533 -3401 -3806 END
START -1568 -11196 19240 1153 -4154 -3924 END
START -780 -11572 19940 2530 -4188 -5030 END
START -632 -11728 19632 3818 -4441 -6388 END
START -296 -11700 19308 5289 -5015 -7701 END
START -252 -11596 18968 7020 -4939 -9746 END
START 28 -10572 17852 9180 -4314 -11702 END
START 348 -9064 16604 11641 -3585 -12935 END
START 824 -6744 15276 13925 -2832 -12764 END
START 544 -3736 13444 15267 -2044 -11914 END
START 16 -912 12656 15610 -1531 -10909 END
START -368 1520 11652 14335 -977 -9800 END
START -716 3984 11360 13363 -1350 -8101 END
START -632 5676 10520 11331 -1422 -7704 END
START -544 6820 10700 8988 -927 -8256 END
START -372 7544 10404 6834 -398 -9013 END
START 220 7764 9676 5163 437 -9736 END
START 1384 8260 9196 4926 1293 -9178 END
START 2416 9104 8552 5274 2579 -7463 END
START 1716 11192 8032 5954 5132 -5395 END
START 2244 12248 7028 6301 6362 -2477 END
START 1500 14572 7404 5715 8017 58 END
START 716 15808 7204 3478 9763 1760 END
START 500 16096 7096 1417 10844 3455 END
START 260 16072 8216 -1760 12035 4465 END
START 792 15632 8688 -3599 13102 6290 END
START 900 14684 9324 -5661 14687 7798 END
START 916 13116 9524 -6676 16562 9401 END
START 4 11060 9580 -6155 17463 11199 END
START -972 10160 10740 -7606 18270 12375 END
START -840 7944 11976 -9037 18403 12495 END
START -3136 5540 14296 -10464 18168 14236 END
START -4012 2620 15324 -13777 17740 12695 END
START -5252 -1648 16844 -15181 15482 9471 END
START -5964 -5524 19148 -15543 13195 5736 END
START -5948 -10304 20644 -14373 11454 1982 END
START -6972 -14136 23336 -12746 11391 -1786 END
START -3520 -20716 23416 -4382 11447 -1622 END
START -5588 -23084 28004 1704 12127 -630 END
START -6664 -21292 26292 5738 12785 -3898 END
START -4560 -18428 25772 15090 10039 -2608 END
START -4484 -13296 25676 18245 9754 -4439 END
START -5012 -7460 23740 18436 8192 -7446 END
START -6864 -2188 23608 18946 7616 -10072 END
START -8824 728 22252 20375 6286 -14523 END
START -8992 3056 23728 13478 7276 -22696 END
START -10500 3144 20808 10624 8646 -24861 END
START -12884 3568 17684 10792 7551 -21250 END
START -13544 4908 16344 11918 4027 -17535 END
START -13100 6676 15792 12684 594 -14266 END
START -12076 9192 15164 11176 -1487 -10646 END
START -10404 10952 14152 8511 -2226 -9541 END
START -9648 12288 13812 6859 -2850 -7158 END
START -8632 12268 13512 5919 -3639 -5898 END
START -7900 12992 14004 3547 -3412 -3202 END
START -5984 12708 13360 1993 -1136 -905 END
START -5796 12464 13680 721 2055 1875 END
START -5660 12212 14088 -2197 2453 3949 END