START 2424 -88 17392 -2806 -2472 417 END
START 1336 -904 16036 -1534 -3051 2439 END
START 1836 -428 16928 -1482 -2165 1879 END
START 1800 -64 16732 -933 -1931 1987 END
START 2076 320 16864 -498 -1764 2590 END
START 2324 684 16864 -139 -1587 3038 END
START 2436 832 17048 -290 -1416 3154 END
START 2048 1332 16760 -732 -1107 2917 END
START 1756 1312 16296 -1403 -737 2118 END
START 1760 904 15816 -1990 -607 1609 END
START 1944 224 15456 -2430 -616 1508 END
START 2300 -244 15508 -2757 -625 1632 END
START 2472 -616 15304 -2929 -440 2049 END
START 2664 -932 15704 -3145 -407 2171 END
START 2708 -1396 16220 -3832 -73 1800 END
START 2456 -2132 16160 -4126 415 1069 END
START 2132 -3424 15704 -3982 580 -35 END
START 1912 -4372 16376 -2769 227 -1134 END
START 2216 -6032 16868 -2505 195 -3035 END
START 2032 -7976 17668 -1850 -141 -4739 END
START 1512 -9820 17636 -645 -130 -6665 END
START 1860 -12156 17496 2090 -779 -8179 END
START 2364 -13324 17776 5392 -920 -10381 END
START 2336 -13528 17104 10126 -1190 -11659 END
START 3264 -11656 17640 14591 -560 -13138 END
START 3876 -8660 16732 17855 521 -14333 END
START 3580 -5104 16664 19718 1498 -15011 END
START 2284 -1516 15456 19858 2983 -15356 END
START 548 1960 14056 20307 3590 -14959 END
START -464 5168 13124 18911 3570 -14811 END
START -1336 7412 12208 17518 2652 -13811 END
START -1256 10280 11196 16699 2126 -11991 END
START -1668 13512 11184 15458 1917 -9001 END
START -2184 16440 11340 13416 1617 -6749 END
START -1444 17668 12240 9138 1563 -6436 END
START -864 17208 12352 5405 1681 -5845 END
START -288 16892 12396 2655 1557 -4645 END
START 320 16144 12432 -46 1749 -3682 END
START 92 15308 12864 -1616 2424 -2691 END
START 1224 14776 12640 -1122 3330 -772 END
START 1480 14396 12476 -1428 4550 793 END
START 1124 13888 11740 -2601 5608 1969 END
START 1056 13332 11576 -3884 6628 3107 END
START 648 12408 10664 -4963 7569 4088 END
START 248 11928 9932 -6032 8669 4987 END
START -68 11076 9480 -7286 9886 5670 END
START -188 9816 9476 -8627 10998 6519 END
START -208 8636 9640 -10533 12258 7202 END
START 136 7024 9768 -11885 13337 8110 END
START 180 5552 10232 -12847 14637 8913 END
START -1060 4736 11152 -13364 15544 8361 END
START -316 2740 11704 -12205 16746 9347 END
START -1032 2032 14152 -13156 17055 9013 END
START -1620 464 15576 -13722 16549 7649 END
START -1608 -1276 17100 -13686 15995 6978 END
START -2936 -3076 18032 -15568 17199 5516 END
START -4028 -4428 19912 -11149 14963 5827 END
START -3756 -5352 20556 -11650 13210 2746 END
START -6532 -7148 22640 -9396 12114 2558 END
START -6680 -8804 23092 -6513 11864 2175 END
START -5500 -10508 24640 -159 10238 3979 END
START -8236 -10116 25256 2203 9569 1778 END
START -8316 -9556 26272 3944 7046 -993 END
START -8540 -9840 25748 5041 5817 -3916 END
START -8616 -9824 24400 7901 4327 -5538 END
START -8188 -8712 22936 9792 2716 -8022 END
START -7684 -7772 21016 10854 1011 -11213 END
START -6660 -6572 19608 12618 -453 -14135 END
START -5720 -4340 19308 14202 -1099 -16643 END
START -5256 -1936 18652 14938 -520 -19266 END
START -6820 -424 17768 15862 -1021 -21442 END
START -5728 1132 15796 15050 1017 -21000 END
START -6108 3416 14488 14600 160 -20435 END
START -6096 5540 14272 13055 956 -19460 END
START -6960 6452 12312 12562 -394 -16190 END
START -6580 9212 15080 10716 1706 -14697 END
START -8408 10184 12908 7381 2005 -12188 END
START -8556 11032 13724 7003 2579 -8770 END
START -9468 12432 13272 3619 3297 -7476 END
START -9588 13184 13080 2826 3940 -5344 END
START -10444 13536 13060 359 4854 -4486 END
START -10280 13060 12096 171 3131 -2335 END
START -10356 13300 12372 -886 2792 361 END
START -8788 13320 13340 -2041 801 2216 END
START -7744 11412 14768 -3978 -209 2890 END