START 2100 -2144 14144 -3863 -624 1781 END
START 664 -1820 15568 -2033 -600 2933 END
START 12 -1472 15936 -2259 -243 3858 END
START -784 -1600 15752 -3794 -199 3745 END
START -1328 -1372 15756 -4305 -951 3385 END
START -1112 -1440 16156 -4291 -1283 2717 END
START -904 -1456 16584 -4212 -771 1592 END
START -396 -1976 16548 -4164 -285 299 END
START -192 -2700 16280 -3986 27 -510 END
START -240 -3508 16008 -3786 50 -628 END
START -52 -4496 16064 -3611 -125 -567 END
START -764 -5564 16312 -3698 -188 -1125 END
START -1396 -6508 16180 -2826 -1034 -2303 END
START -1872 -7864 16528 -1233 -2418 -4664 END
START -1828 -8884 17184 1269 -4438 -8527 END
START -1568 -10196 17728 3699 -6304 -13124 END
START -1428 -9832 17668 7918 -7455 -18732 END
START -1220 -9404 16660 14297 -8555 -25075 END
START 636 -8688 17304 19863 -8669 -31397 END
START 2440 -7936 17256 24694 -7733 -32768 END
START 4132 -6312 16728 31297 -7482 -32768 END
START 4448 -1748 17652 32767 -4425 -31189 END
START 3136 1704 17176 32767 -110 -26606 END
START 4464 2668 16040 28224 4992 -25543 END
START -392 5040 10796 27404 1745 -21250 END
START 412 8036 11000 25218 -2139 -12780 END
START 196 12624 11796 18673 -1394 -5577 END
START -1244 15996 10836 12725 581 381 END
START -732 17696 10920 10253 283 1411 END
START 240 18276 10820 5670 2015 -26 END
START 640 18004 9876 1720 3215 -1559 END
START 1884 17516 9116 -1301 3964 -1883 END
START 2052 16220 9136 -2931 5062 -346 END
START 880 15612 9964 -6371 5987 523 END
START 2256 14332 10004 -9166 8179 3071 END
START 860 13528 10552 -11769 8217 6521 END
START 2732 12124 10840 -14346 8486 9751 END
START 364 12136 12044 -16864 9605 11746 END
START 752 9880 12784 -17875 11428 14334 END
START 872 8716 14212 -18875 13505 16620 END
START 1416 7636 14504 -20471 16076 17712 END
START 1284 6160 14800 -20716 18032 18647 END
START 720 5212 15420 -22945 19316 18903 END
START 1296 2684 16520 -26166 20297 19136 END
START -2004 1516 16824 -31140 23534 17389 END
START -1568 -1508 14856 -32768 23069 17643 END
START -4444 -3348 12836 -29308 22401 17109 END
START -6616 -7904 13248 -20853 22551 16379 END
START -8196 -10364 13872 -14102 19560 13168 END
START -8152 -9296 16028 -1265 15347 8923 END
START -9020 -8432 17780 1059 12087 1899 END
START -8216 -7992 18452 717 8749 -3502 END
START -7668 -8916 18848 -2568 7791 -8218 END
START -8448 -10116 17728 -2784 7362 -10126 END
START -6404 -12052 17032 -1014 7553 -10658 END
START -5864 -12888 16624 4354 8651 -9641 END
START -5560 -13084 16920 9614 10253 -9717 END
START -5816 -12424 16172 15241 12803 -11547 END
START -7492 -10388 14500 23224 15040 -13572 END
START -12480 -8224 13920 30222 9102 -18115 END
START -11024 -5584 11112 32767 5998 -23858 END
START -10288 -620 13888 32767 1069 -32498 END
START -9920 7372 15176 31893 -2931 -32768 END
START -6888 10480 15392 22825 -5101 -32768 END
START -3172 7676 16828 13096 958 -32768 END
START -4132 5572 16148 3331 1383 -32768 END
START -2800 792 15400 609 4423 -32768 END
START -4084 -2068 14228 1732 6915 -28568 END
START -8328 -792 15780 3145 13675 -10283 END
START -8256 -628 15112 -2537 22562 -623 END
START -13120 1220 13456 189 26175 9025 END