START 3912 240 14924 1402 -2131 -5495 END
START 2324 624 14352 2493 -1296 -5610 END
START 2360 164 13548 2439 66 -6019 END
START 1672 392 14372 2898 869 -5761 END
START 844 948 15464 3576 1180 -4667 END
START 232 2036 16916 3539 1602 -3876 END
START -508 2936 18256 3534 1409 -3423 END
START -1012 4448 20104 3070 792 -3246 END
START -1640 5860 20672 2626 343 -3296 END
START -3900 7532 22380 3335 811 -2680 END
START -2400 9360 22940 3322 -2120 -2414 END
START -2356 10148 25492 2536 -3278 -2234 END
START -2484 10316 25880 2079 -4126 -1518 END
START -3360 10516 25892 1780 -5222 1137 END
START -3700 12224 26420 2652 -4633 2451 END
START -3948 11540 23552 3525 -7341 5767 END
START -3816 12088 21588 3330 -8959 7194 END
START -3448 11720 19432 2177 -9410 7877 END
START -2592 11568 17980 1816 -10047 9617 END
START -1576 10520 16796 363 -9921 10331 END
START -1672 9568 15440 -1118 -9437 11615 END
START -840 8208 13672 -1195 -8833 13401 END
START -512 7136 11916 -1756 -7906 14427 END
START 492 5980 10228 -2270 -7212 15495 END
START 452 5416 9380 -3888 -5772 15382 END
START 792 4132 7452 -4731 -5094 15582 END
START 1120 3028 7408 -5586 -4429 15860 END
START 1724 1748 6772 -7124 -2713 15868 END
START 2880 452 6040 -8056 476 17295 END
START 1932 188 5880 -9242 674 16204 END
START 1924 -772 5300 -9047 1241 16374 END
START 1792 -1328 5460 -10450 3704 15584 END
START 1964 -2456 4640 -10836 5911 15518 END
START 1756 -3060 4756 -10966 7956 15694 END
START 1648 -3976 5800 -11717 9690 15882 END
START 1268 -4940 6964 -13097 11255 16087 END
START 556 -5716 7736 -14819 13075 15500 END
START -780 -7308 8156 -16297 14500 13949 END
START -2040 -9028 8768 -16822 15045 10835 END
START -2664 -11320 9728 -15106 14270 7660 END
START -2984 -12868 11552 -12817 12929 4322 END
START -2036 -14168 13380 -11416 11089 611 END
START -1232 -18376 15264 -9182 10598 -1091 END
START -1376 -18072 19440 -6351 10732 -1672 END
START -600 -19132 20308 -6501 13091 -4619 END
START -1168 -19224 20360 -4219 14628 -6656 END
START -236 -18448 22708 3994 14100 -5575 END
START -952 -16360 23080 6263 14996 -7395 END
START -2264 -13412 23104 9574 13632 -8498 END
START -2784 -10316 25028 11072 12023 -10084 END
START -2316 -7144 25712 10824 6953 -13318 END
START -1508 -5984 27748 10829 7072 -14696 END
START -2548 -3496 28184 13117 4355 -15689 END
START -4636 -1144 27688 11961 2427 -17406 END
START -5856 584 24452 12272 -706 -17149 END
START -6216 3300 24316 12629 -2611 -15146 END
START -9276 5624 22328 13731 -5407 -12240 END
START -7232 7584 20556 14113 -7603 -8816 END
START -7024 9888 19852 12520 -8800 -5484 END
START -4744 9832 18612 10554 -7857 -3771 END
START -5296 9628 17388 3548 -4366 -3469 END
START -1676 7740 14868 4148 -4276 -951 END
START -620 6396 13136 1502 -3525 -78 END